x,y
118879,887164
118415,867117
118274,902572
117577,883724
117036,884249
116601,902518
115972,868534
114153,901865
110019,876400
103833,890086
100107,900861
119722,893967
119921,862646
120054,913685
120600,913279
120822,868826
120926,906811
120976,872533
121652,855965
121844,882231
122428,905455
122438,864549
122855,890968
123496,891178
123550,904817
123603,878926
123610,862454
123786,897070
123982,876036
124042,882951
124108,891640
124279,916328
124497,874001
124695,883268
124955,903487
125073,892936
125099,882557
126053,874483
126152,863330
126196,898864
126528,896628
126777,909562
127065,871722
127310,882999
127350,895920
127398,886607
127729,896799
127890,877590
128015,868205
128089,910711
128282,877643
128446,885700
128488,868563
128762,907128
128834,867596
128858,870199
128976,884498
129019,902031
129036,889839
129219,862393
129451,886489
129562,884794
129643,874234
129737,883826
129787,866067
129872,876679
130328,882809
130378,910269
130440,873369
130676,877824
130714,871064
130842,911558
130922,891246
130983,861531
131088,879214
131118,882688
131228,868895
131401,907677
131419,873911
131786,905886
131817,896937
131856,865293
132398,862097
132495,893493
132599,875997
132865,892346
132915,875829
132949,735112
133131,743026
133229,878251
133355,737503
133462,868554
133462,731376
133466,893343
133481,903503
133513,870576
133606,895752
133609,903553
133672,886215
133701,868820
133741,734205
133774,743896
133798,882716
133863,900952
133898,735954
133970,893400
133999,874195
134011,869824
134078,860694
134089,445576
134143,732160
134157,874408
134163,734303
134167,917110
134201,890870
134258,916162
134299,885228
134301,885559
134433,877230
134441,742315
134455,876400
134502,735387
134528,876480
134541,881641
134632,734028
134638,737388
134646,886888
134714,890524
134733,874623
134739,737879
134753,737641
134793,735822
134863,733311
134874,863108
134896,896669
134949,905679
134972,900538
134996,886100
135010,735494
135097,879261
135107,734080
135124,736848
135164,903453
135170,887981
135265,739916
135364,877991
199145,792704
199145,919751
199146,777263
199158,894319
199206,770705
199210,889044
199256,893331
199268,883278
199273,792710
199281,913713
199283,904731
199283,875227
199292,900709
199301,330891
199306,897909
199307,781558
199315,816422
199328,856234
199332,799235
199333,885352
199337,870587
199371,879735
199375,871436
199388,875134
199393,822232
199410,822696
199425,887749
199438,881267
199466,894381
199470,883669
199511,882700
199516,814646
199518,787098
199521,866152
199538,887807
199543,879414
199545,874420
199560,864511
199579,880769
199584,877010
199596,878696
199610,872750
199613,779010
199618,851924
199623,782570
199658,869574
199687,885518
199705,857424
199707,851026
199714,879880
199717,821169
199722,871418
199725,848045
199775,827169
199780,833053
199807,888515
199830,792385
199832,880715
199841,852637
199841,883588
199855,811466
199873,856833
199876,878445
199897,848724
199905,866291
199942,879606
199955,885470
199958,799051
199972,888410
199982,787705
199987,862213
199987,893979
200006,895194
200013,882767
200022,870014
200041,800105
200054,802426
200071,879831
200078,885751
200090,874380
200093,875049
200098,867512
200107,922844
200123,862695
200124,796588
200129,898172
200129,872455
200137,868215
200140,889524
200142,803198
200146,872167
200173,885818
200189,883976
200191,879991
200209,851134
200210,850540
200212,847718
200220,863467
200252,863169
200254,885026
200255,886261
200273,853795
200288,843514
200298,784833
200302,882844
200305,885925
200309,870230
200329,873028
200360,843556
200368,862915
200368,881706
200375,885195
200377,790666
200399,872871
200410,876882
200415,873009
200417,869944
200433,899206
200435,887547
200439,909065
200442,864325
200469,874512
200496,883069
200498,802236
200500,854987
200505,891079
200510,876838
200519,873099
200520,875130
200525,860744
200525,866242
200532,894390
200534,852116
200563,863916
200566,887378
200571,874679
200604,756756
200614,884185
200616,870497
200618,857437
200619,789549
200640,792969
200659,864116
200660,769969
200667,885148
200688,859784
200705,851823
200710,792176
200738,859134
200748,859756
200754,871935
200766,789258
200768,875848
200799,798747
200816,871229
200818,848839
200839,863708
200853,908797
200864,891051
200872,773287
200876,895639
200882,862790
200891,877182
200899,870561
200933,779532
200960,868620
200962,880494
200977,892737
200978,776312
200980,878423
200988,892227
201004,893054
201005,893560
201064,879827
201064,886733
201069,877568
201105,873352
201108,806628
201170,786640
201200,877317
201205,877808
201236,872000
201261,885190
201263,779783
201286,873407
201287,874154
201303,789117
201311,890680
201320,882339
201321,878294
201348,791462
201366,862437
201376,872836
201377,807915
201378,787744
201388,869102
201389,890930
201391,873666
201404,815250
201419,886113
201432,800175
201444,877232
201463,844995
201490,904363
201514,889106
201523,870953
201558,788745
201583,793838
201596,876696
201611,813514
201621,806007
201638,790182
201655,859145
201685,861051
201687,776692
201694,853665
201694,901101
201702,803606
201733,866063
201733,794630
201750,885496
201763,888885
201765,783469
201766,851429
201778,871005
201778,802953
201782,887667
201794,895975
201806,850657
201815,878255
201821,859003
201836,881254
201842,895462
201850,866266
201856,856656
201867,786647
201867,845432
201868,814093
201887,873000
201896,884873
201907,793629
201932,888024
201961,882434
201973,880820
201976,821063
201992,870753
202000,789440
202009,790084
202012,877898
202015,861203
202019,888821
202023,882754
202056,873591
202058,843246
202064,789619
202104,869347
202105,861930
202108,856083
202144,880834
202189,891820
202221,889446
202242,838469
202255,873309
202263,882391
202269,860561
202273,852503
202275,897913
202290,793520
202310,895671
202310,876818
202320,870643
202333,866331
202336,787618
202343,871345
202353,867418
202354,796839
202383,867827
202388,871809
202412,883848
202419,876003
202435,877155
202437,809072
202453,837127
202463,761977
202467,870253
202472,789737
202473,876299
202475,806751
202483,867704
202502,875115
202505,870699
202506,875937
202511,820592
202538,884488
202543,819870
202565,325509
202590,863934
202597,817765
202623,787911
202624,880247
202628,846972
202629,869243
202644,801117
202664,789794
202669,769610
202679,855986
202680,861770
202682,866545
202684,886545
202688,791955
202688,786116
202710,791824
202718,880950
202731,870635
202737,875130
202740,860273
202741,885102
202741,876301
202759,780659
202773,766817
202779,882579
202806,889651
202809,822904
202811,797276
202817,791965
202839,870242
202847,812357
202848,796107
202850,786704
202878,867980
202885,879357
202891,837941
202894,899664
202908,810654
202918,834629
202921,890036
202925,875221
202952,900314
202964,863777
202974,903063
202975,864969
202979,820411
202998,795093
203014,881613
203030,816163
203038,785554
203042,884868
203066,792241
203078,862432
203079,789301
203081,800502
203108,796004
203119,809967
203138,877949
203156,878022
203170,791446
203176,900522
203226,764254
203227,873261
203263,885398
203265,884026
203288,861253
203296,786625
203302,874221
203304,782278
203337,884878
203343,803660
203349,786489
203380,874276
203403,824453
203452,872986
203455,750929
203459,808054
203470,793836
203483,905102
203487,757727
203516,847203
203548,793123
203551,846051
203562,890397
203569,869439
203573,883770
203587,791672
203587,792286
203605,804327
203623,795961
203627,886381
203631,865491
203636,791502
203667,879317
203668,880460
203702,785517
203702,881977
203706,878026
203710,908219
203724,878567
203743,809364
203753,890267
203763,875549
203768,798802
203834,784585
203853,860222
203855,870533
203866,872490
203905,874553
203918,823179
203923,799259
203928,802553
203941,780194
203943,851448
203950,802188
203958,885967
203970,867645
203975,885160
203989,813463
203995,850691
204056,898470
204063,864474
204064,864609
204067,787030
204067,784825
204105,805764
204110,890460
204111,890673
204114,850017
204117,885470
204127,890117
204136,812632
204140,775289
204147,862141
204149,817531
204171,845476
204173,870106
204178,786810
204188,871707
204199,864350
204215,855264
204235,788173
204253,805196
204267,891081
204303,820975
204311,864431
204318,865923
204319,801632
204324,888891
204335,870208
204337,869083
204345,791183
204346,787062
204351,836828
204377,746126
204379,895794
204385,783773
204404,781948
204409,820491
204409,768514
204419,900569
204419,874978
204430,859496
204437,893472
204437,811255
204454,811166
204458,781991
204459,877593
204468,842665
204470,876044
204482,818856
204519,893023
204538,771774
204548,839373
204616,869253
204659,802124
204667,805454
204686,866171
204708,867261
204710,883173
204713,858524
204775,874695
204777,869917
204799,796802
204804,779660
204805,869368
204808,813506
204809,803398
204811,770786
204812,873421
204817,854047
204832,870540
204833,862813
204837,798393
204862,787191
204889,818964
204890,855657
204895,888671
204899,788004
204918,871923
204948,904009
204954,901181
204968,806106
204973,796614
204979,878489
205008,767264
205025,875871
205030,774432
205041,841278
205057,846766
205066,915881
205084,790873
205104,788714
205129,888281
205140,891735
205145,758699
205150,885567
205164,801210
205180,865825
205213,883207
205219,879864
205223,887773
205238,880084
205240,800820
205247,838783
205267,840678
205301,841371
205312,912178
205316,881543
205342,873474
205373,834038
205402,875632
205424,884145
205438,787328
205449,787185
205462,780007
205480,896130
205481,891594
205510,891942
205512,791362
205513,888831
205515,869407
205527,885464
205536,864465
205547,854672
205571,893735
205575,785594
205586,877646
205593,882459
205599,890775
205606,801523
205629,884793
205629,870802
205637,861551
205644,877854
205680,884429
205692,867697
205695,325273
205709,846925
205739,872925
205753,805223
205758,859524
205786,905057
205787,871521
205803,790421
205807,885486
205823,787981
205824,775054
205835,869690
205858,900018
205864,802635
205865,842151
205875,876342
205886,792268
205932,859167
205943,859133
205972,872664
205989,884364
205990,781039
205993,883180
205993,870337
206002,870539
206006,863725
206019,867073
206040,880589
206045,822664
206061,797581
206069,850399
206099,863856
206102,891971
206137,863234
206142,795949
206163,866107
206166,893792
206173,534297
206187,807183
206217,860420
206229,878126
206261,883890
206275,849858
206289,852769
206293,808355
206329,888534
206355,783692
206369,781671
206371,808745
206379,885197
206389,765833
206402,797408
206431,886091
206431,788733
206444,899172
206450,805824
206470,879522
206473,769183
206476,902760
206476,797955
206488,866582
206496,797502
206514,874697
206523,797058
206561,886743
206562,877214
206600,769947
206619,790139
206621,861108
206678,882627
206688,800341
206733,805189
206753,880749
206766,809428
206787,784900
206806,902983
206823,866555
206839,872454
206845,785445
206845,872756
206856,867146
206893,780822
206902,860527
206903,785269
206923,888592
206941,876562
206971,875131
206999,809115
206999,876980
207037,881187
207043,875588
207059,796783
207077,789294
207098,882161
207103,755820
207104,757733
916306,446629
916318,466215
916347,112615
916403,487400
916441,495914
916489,146485
916534,175521
916576,902156
916576,891941
916578,141554
916586,392136
916591,283950
916613,674091
916628,500470
916631,471396
916690,499502
916719,475696
916726,458943
916762,455732
916799,455997
916802,458270
916812,141588
916858,107776
916871,875905
916879,457595
916879,592281
916896,461839
916897,418064
916898,472830
916902,160098
916914,485930
916922,466520
916944,904607
916964,152031
916968,483564
916968,467519
916974,412476
916989,413295
916994,461486
917002,468627
917045,259018
917091,466272
917093,480523
917102,486644
917270,129532
917276,449571
917279,462094
917303,455260
917316,459541
917316,454818
917329,400418
917334,478589
917342,404018
917351,397135
917374,472747
917386,487017
917407,293878
917469,702603
917518,407413
917551,474099
917569,501513
917686,422528
917704, 91927
917719,459691
917768,107614
917776,129978
917785,367335
917816,404470
917819,442948
917860,429222
917933,475308
917944,402054
917944,400783
917964,473863
917972,471297
917987,158584
917999,480653
918032,476871
918126,372495
918129,404453
918143,901177
918155,472133
918185,156987
918204,484144
918242,159393
918249,452855
918262,114348
918276,435728
918304,419728
918337,474131
918347,456220
918350,490821
918369,485082
918388,476303
918405,452946
918410,408536
918414,382275
918423,482893
918430,394290
918441,469463
918460,891142
918463,491407
918517,491891
918521, 97127
918526,456207
918585,616857
918589,621674
918604,448702
918606,122540
918607,465961
918613,394921
918617,423764
918619,139153
918671,384712
918680,471197
918695,477042
918700,483565
918737,470985
918797,399405
918809,122379
918810,402737
918824,451649
918835,467359
918850,481587
918863,139195
918882,113300
918921,467359
918961,654728
918962,458331
918970,471041
919007,453284
919021,408707
919038,152179
919043,425320
919125,507310
919134,149166
919175,114905
919182,274715
919195,403229
919210,457734
919235,130007
919295,399289
919309,430952
919333,479331
919356,873634
919364,850415
919373,491757
919378,415264
919396,483749
919426,367103
919467,494477
919468,120556
919481,144647
919482,869890
919482,446972
919487,428452
919518,498714
919543,462310
919550,477226
919601,470252
919637,464700
919654,126302
919667,660504
919681,459117
919688,482532
919706,471875
919722,163871
919733,472093
919737,122266
919749,462453
919764,391936
919805,490961
919853,395371
919856,426610
919941,476679
919949,388844
919960,274730
919973,441502
919978,167362
920029,428270
920035,487235
920038,158696
920044,479518
920048,462550
920058,601541
920061,456516
920074,846984
920103,468342
920123,421021
920142,416637
920156,465720
920185,119246
920226,466710
920250,457163
920266,625925
920280,155665
920295,293348
920304,419922
920321,610849
920375,694545
920414,162396
920422,172567
920439,638409
920463,147846
920534,662329
920556,136786
920601,399015
920610,377316
920614,384769
920617,461152
920629,386874
920633,450042
920646,126564
920651,490548
920658,417134
920660,616339
920671,883984
920688,408516
920773,480555
920784,410635
920798,161679
920801,471733
920825,464160
920848,445892
920858,474250
920894,607545
920901,503666
920927,651055
920943,388517
920946,383198
920961,412802
920970, 93464
920988,480219
921088,104161
921099,462961
921112,407518
921122,475796
921145,432673
921158,464906
921203,170225
921225,124801
921226,498043
921228,110139
921233,280033
921243,430613
921262,138355
921316,458751
921320,486194
921320,503655
921321,473699
921323,440517
921351,604352
921355,459441
921402,428132
921440,470649
921441,162024
921443,127286
921455,637938
921456,469120
921503,623090
921523,382406
921530,451001
921543,678971
921564,417269
921575,432853
921579,388082
921601,472152
921624,130292
921636,484880
921668,397356
921673,127670
921676,479264
921684,478907
921684,429283
921689,448497
921781,476277
921783,130623
921869,483069
921902,162774
921914,480743
921918,454184
921936,643748
921938,483463
921963,380120
921986,475438
921995,484363
922046,455394
922083,484672
922083,470946
922084,462439
922115,475421
922117,483015
922124,388666
922127,478116
922270,140059
922401,455810
922469,123198
922529,472173
922532,135148
922567,473648
922577,475830
922624,410165
922625,136805
922633,474622
922649,465335
922693,117558
922701,462721
922743,398266
922786,371782
922813,462089
922842,390081
922875,121011
922895,150135
922962,667321
922964,670527
922968,501176
923003,125446
923056,123182
923059, 99446
923107,114277
923155,470346
923164,614505
923231,420606
923265,633690
923283,171532
923291,468545
923300,468957
923305,128262
923369,462897
923395,140405
923427,131994
923454,436393
923454,477827
923487,472009
923555, 93733
923576,682117
923635,477068
923645,432073
923694,457303
923695,470212
923698,463965
923716,113325
923748,464448
923762,349633
923805,480436
923808,913341
923822,174728
923831,385849
923845,145672
923924,490040
923934,680911
923965,368338
923976,399140
923979,613577
923984,430600
923988,434576
923989,457055
923992,368505
923995,425062
924055,876673
924066, 99854
924082,470522
924098,432417
924117,472603
924118,469715
924134,360090
924159,396866
924183,466767
924253,451166
924296,884738
924296,410858
924304,465586
924343,473744
924346,465668
924395,119111
924410,417796
924429,390818
924483,120430
924573,479425
924631,436236
924655,422481
924702,137460
924719,468894
924734,142880
924821,116047
924835,473264
924863,450702
924877, 94083
924896,120432
924912,450997
924920,389724
924946, 93218
924953,394083
924971,444300
924974,444793
924992,424921
924999,483458
925009,406548
925075,399982
925181,496320
925235,455377
925263,125962
925287,423537
925302,452117
925319,470511
925330,385491
925519,401561
925528,480666
925535,635290
925537,144582
925584,395160
925587,493217
925707,476888
925762,464032
925776,461368
925791,413970
925797,488721
925803,484179
925807,263535
925837,409086
925848,483266
925853,383274
925868,649224
925910,459221
925926,452217
925941,127375
925955, 93987
925988,141385
926012,501478
926027,457880
926178,465534
926254,628448
926295,478478
926395,465095
926400,135689
926411,451799
926433,478854
926441,448205
926448,481209
926453,448402
926538,464682
926583,473484
926588,471260
926657,125181
926721,451965
926751,451495
926858,480822
926901,461857
926909,416457
926970,421895
926983, 96739
927011,487025
927013,387253
927018,473730
927044,476577
927060,488504
927093,469813
927177,583908
927309,434213
927331,643382
927355,467132
927406,134027
927445,474445
927445,473522
927471,409014
927515,492146
927614,458281
927652,456283
927688,160264
927698,417292
927719,128521
927743,656739
927748,495116
927756,467623
927803,461584
927840,376162
927995,488125
928035,392226
928076,105569
928101,380940
928188,474710
928231,176563
928267,169329
928270,460606
928280,440693
928296,151953
928395,490532
928438,110766
928463,464741
928594,125843
928607,416919
928670,482914
928731,461815
928756,396466
928771,406336
928787,477401
928798,395962
928842,100481
928874,473285
928922,460775
928926,395348
928930,395955
928935,488433
928937,478163
928939,166728
928996,422554
929000,471526
929003,139031
929062,482307
929076,484708
929097,469641
929105,394670
929108,446741
929171,160227
929176,468584
929234,626367
929350,679251
929361,404530
929459,461348
929470,477738
929484,448955
929510,421215
929528,292264
929565,452464
929567,266430
929610,380637
929618,474483
929618,467620
929745,468047
929748,499314
929748,484288
929862,456653
929899,677709
929990,407980
930032,377395
930085,386947
930104,472157
930155,474986
930206,665755
930233,630373
930310,127577
930318,469353
930376,388837
930399,637488
930427,493849
930464,466874
930499,502385
930569, 82335
930676,480841
930725,157892
930761,394199
930797,125385
930844,473678
930891,415773
930902,457054
930953,444324
930979,469817
931090,401286
931099,383621
931133,159807
931175,887707
931181,474539
931184,462741
931237,641552
931324,123040
931366,384029
931649,474674
931653,488955
931675,395628
931922,460325
932030,483928
932091,606792
932124,394921
932178,392151
932245,148748
932401,414351
932483,460658
932538,446657
932555,389910
932646,462824
932699,497509
932769,401391
932794,464658
932848,493241
933231,476992
933238,124984
933251,390440
933539,392952
933563,403094
933572,417837
933580,464786
933584,131171
933610,474312
933621,499333
933625,475218
933673,390375
933804,644488
933805,463346
933817,449892
933832,414466
933916,678438
933964,121932
934005,458521
934116,652178
934153,615848
934166,425463
934296,461188
934353,395252
934391,479068
934427,425770
934428,468211
934444,444619
934449,488418
934497,402426
934560,465814
934582,476007
934695,457828
934728,455416
934738,136403
934759,464398
934958,122080
934962,482282
934994,412035
935114,453364
935166,464677
935239,397623
935381,664741
935452,473319
935491,470862
935510,486650
935537,481231
935543,498409
935610,400181
935662,483758
935679,129019
935854,414374
935928,431575
936021,471170
936072,403980
936113,118711
936127,617243
936213,476350
936262,474406
936341,446185
936468,465462
936473,643151
936475,466757
936566,431781
936648,401698
936667,457807
936734,426071
936881,644602
936881,477208
936915,477218
936991,600326
937200,144345
937258,455473
937383,390483
937760,112991
937775,391016
937781,433378
938084,457573
938126,107411
938127,398349
938173,467554
938199,352512
938730,400547
938745,412465
938842,115542
939103,115371
939266,405089
939303,481281
939309,116410
939403,481345
939457,653192
939704,652416
939734,476279
939940,505196
939945,392309
939952,140173
940062,411439
940170,173392
940292,394449
940302,406758
940446,409002
940474,464524
940639,127553
940885,113066
941194, 74332
941485,177345
941543,443164
941553,472068
941569,504813
941966,423639
942099,465093
942227,613918
942318,667751
942817,384811
943036,114932
943254,460169
943628,462523
944073,111415
944111,410239
944187,111856
944227,388396
944585,416765
944664,410884
944779,664423
945053,428802
945201,458456
945216,387004
945257,484830
945269,470108
945712,446454
945778,103876
945901,642406
945905,459786
946192,886906
946252,428453
946264,639045
946589,457533
946960,482944
946993,675058
947099,144790
947343,459674
947394,398423
948180,480100
948318,468750
948355,157550
948745,481405
948793,696827
949157,381518
949359,481837
949437,493244
949574,381547
950124,451642
950622,395947
950815,645355
951139,473256
951840,482624
952889,374533
953317,486776
953987,431293
954080,122210
955267,493395
955343,391503
955938,380512
957832,617334
959638,405840
959792,160861
960162,637092
963496,412541
971700,389171
984639,384486
207110,866293
207123,792118
207139,894707
207163,885235
207167,765658
207195,864230
207249,874982
207249,850438
207281,847256
207290,886348
207309,776903
207313,785880
207330,758314
207347,793994
207351,891914
207351,868933
207361,793908
207383,819175
207393,873491
207435,838197
207466,795872
207470,809033
207483,848575
207505,882158
207507,871192
207516,787016
207535,806717
207557,779932
207575,782989
207578,330535
207593,882276
207595,779119
207625,790719
207637,784173
207655,863584
207729,880247
207736,882338
207744,853246
207751,771948
207753,791101
207763,807210
207767,771845
207773,879236
207778,865022
207801,883242
207806,862764
207822,817485
207827,800078
207829,871734
207887,869864
207889,836793
207889,897601
207891,851536
207893,788946
207895,809105
207902,888605
207916,785261
207916,883766
207931,875405
207940,895251
207951,873453
207952,783001
207963,772984
208013,813731
208014,310689
208031,854118
208046,897207
208050,791596
208056,486547
208060,781781
208087,806713
208094,761636
208103,854821
208121,888335
208125,863067
208134,804951
208136,761197
208139,885173
208166,844032
208167,902015
208178,876355
208189,880127
208192,794571
208193,799843
208205,903397
208245,884072
208290,844976
208297,850292
208385,865771
208390,787246
208401,905721
208418,792670
208439,864630
208470,803812
208475,772743
208491,896356
208496,790497
208497,875099
208501,793566
208507,905728
208514,881428
208521,882779
208524,839917
208532,879319
208543,885953
208547,800043
208550,807931
208569,783087
208596,494969
208601,775031
208633,904122
208646,848739
208718,796828
208727,783154
208763,782434
208765,843010
208786,798142
208804,826407
208806,886945
208825,792186
208830,844631
208855,897230
208856,836851
208868,885318
208873,879020
208890,817510
208895,896435
208928,795708
208942,815943
208953,784150
208987,852174
209004,778323
209018,878705
209039,884456
209044,792871
209050,862534
209092,781325
209109,811359
209112,827956
209127,791873
209176,903984
209188,787507
209192,792990
209193,863592
209222,903261
209227,842623
209236,896421
209286,903505
209290,822871
209343,908761
209359,770303
209378,805307
209387,887988
209390,882623
209392,903767
209411,875616
209420,799438
209449,866628
209453,856840
209467,769368
209492,760156
209518,791117
209537,793111
209574,873907
209593,899763
209612,896614
209649,808640
209661,885978
209682,804287
209690,897186
209701,852755
209736,881230
209781,793266
209793,867752
209804,786529
209843,894829
209873,889787
209877,782435
209881,873928
209887,834983
209896,837461
209930,796488
209933,782137
209935,782730
209938,804448
209974,853572
210014,513376
210014,806852
210031,793226
210035,885826
210058,794608
210067,849054
210079,805179
210100,798479
210129,805892
210141,891202
210149,907022
210161,809458
210172,785699
210202,873583
210211,880018
210221,773339
210249,883612
210273,889062
210289,797360
210297,792397
210305,801490
210319,784323
210325,637432
210329,794870
210331,880366
210352,867346
210358,873301
210380,883551
210390,778564
210397,860535
210452,794988
210460,873983
210489,779370
210512,778453
210536,865536
210546,777638
210578,769667
210610,835703
210612,794826
210625,907625
210626,865610
210695,907080
210745,864235
210763,897930
210809,796328
210823,812868
210827,818681
210829,816978
210888,812737
210895,801453
210932,862306
210944,780575
210951,851604
210957,882604
210957,798185
210970,796188
210977,806215
210985,800183
211012,871668
211023,790109
211038,476596
211074,812954
211096,877006
211104,875836
211106,877390
211110,756146
211127,795197
211135,896481
211146,797632
211160,859870
211163,822039
211164,792021
211181,900387
211202,809084
211229,819110
211253,785299
211266,780292
211278,865137
211280,795820
211294,866736
211321,866286
211365,786078
211373,870049
211374,807144
211379,852758
211382,824573
211384,474621
211393,814791
211456,852949
211492,881714
211541,804959
211560,790164
211560,793741
211569,910274
211596,811175
211641,855607
211670,796366
211682,796686
211685,880876
211705,872108
211707,825456
211721,809129
211724,807248
211775,890436
211781,801861
211827,893230
211834,771147
211836,790720
211865,777836
211872,799894
211887,800692
211905,889839
211920,863655
211947,920812
211950,889614
211950,861263
212026,858679
212049,860478
212057,789819
212095,778567
212097,791978
212142,789564
212160,778023
212169,816579
212172,811924
212188,790527
212213,764063
212216,809812
212218,798345
212222,813593
212229,800186
212264,784657
212298,887183
212311,762154
212311,886458
212319,888390
212325,801132
212339,884577
212346,910213
212368,787901
212386,764546
212386,794586
212390,850629
212415,857976
212429,805230
212430,824487
212450,863935
212450,890090
212495,772299
212497,865910
212510,786374
212530,863652
212544,808714
212544,781813
212554,821195
212561,857959
212591,813386
212618,487182
212685,761385
212701,763126
212709,799770
212771,809141
212773,798261
212783,805467
212783,878440
212785,870184
212835,798436
212855,903098
212858,885273
212879,896580
212890,867915
212892,870474
212893,767336
212905,774768
212925,854481
212943,782121
212943,775955
212959,773578
212977,509237
212987,902115
212996,858345
213003,875412
213011,752956
213039,800785
213062,807091
213083,776852
213092,782425
213101,836887
213139,809743
213201,863195
213211,793327
213220,802438
213230,862106
213239,789517
213263,809951
213279,895040
213314,887255
213315,803388
213341,817607
213364,765242
213389,784376
213401,808337
213414,870624
213437,828370
213476,797077
213519,814261
213566,797050
213592,794977
213598,865927
213649,794621
213651,785687
213673,804931
213680,870534
213697,862772
213698,828327
213702,779752
213740,821922
213751,773755
213757,793565
213793,786831
213805,791472
213843,789243
213846,796658
213847,899758
213848,875816
213860,893992
213903,807688
213948,868664
213957,785112
213957,765587
213966,797724
213983,882328
213998,846726
214033,875033
214080,785334
214095,798144
214107,790278
214139,817463
214163,813239
214178,867125
214195,772729
214220,776123
214246,855434
214260,805714
214273,859057
214292,878854
214297,804527
214310,893105
214316,794751
214320,822907
214330,801569
214348,861331
214358,862230
214375,792750
214390,775492
214402,864359
214431,811456
214440,789484
214459,804602
214485,810831
214497,837407
214511,777488
214514,909553
214516,788247
214524,781906
214542,765277
214564,778254
214596,909668
214614,819086
214645,800221
214656,790495
214660,800033
214663,861727
214663,507605
214664,835772
214672,797065
214690,784451
214717,844553
214718,873447
214731,852366
214765,757002
214828,785518
214844,791512
214846,862463
214851,890936
214874,817463
214877,775665
214882,789885
214888,879737
214913,843504
214914,811789
214915,793788
214968,765685
215007,864582
215029,873684
215032,789140
215051,817340
215078,775461
215086,795170
215095,795078
215095,882486
215142,777835
215148,852506
215175,792950
215195,854462
215204,800474
215205,802753
215224,792572
215225,864444
215237,765140
215246,860564
215289,802432
215299,915724
215310,795563
215320,768463
215378,784091
215394,815529
215396,775284
215447,796446
215459,777329
215471,873766
215476,874361
215480,775098
215487,811446
215500,811623
215523,824907
215532,873993
215563,817263
215565,768698
215583,883486
215607,786078
215622,797417
215631,768774
215660,794071
215734,848109
215749,798661
215753,814564
215756,783671
215763,860044
215764,829976
215795,807867
215806,515759
215814,814253
215820,792542
215833,865058
215897,786507
215901,780645
215909,793968
215914,890755
215921,888218
215927,791512
215928,782557
215936,872636
215951,844257
216083,458983
216096,836976
216120,888109
216128,787180
216149,792350
216168,768871
216180,838023
216198,793842
216199,873648
216257,801428
216308,890058
216342,877372
216369,812165
216369,878065
216371,806853
216410,847667
216411,787525
216431,812135
216442,902089
216461,770847
216474,791799
216502,877312
216503,783319
216517,780750
216538,789607
216579,801166
216587,815020
216589,858936
216611,810519
216637,895349
216638,771631
216753,887590
216760,826281
216762,786720
216776,872938
216800,892201
216802,765413
216806,836327
216823,859501
216843,860812
216859,785522
216903,811117
216933,788385
216983,790366
217002,783661
217025,797556
217086,786026
217108,783143
217112,845262
217123,788741
217132,786442
217142,862691
217169,907864
217212,789685
217274,775556
217275,797934
217289,859767
217289,815806
217309,820366
217332,870789
217336,795254
217363,799968
217366,800129
217376,860779
217402,855646
217419,861541
217509,848292
217511,786207
217520,853825
217523,821619
217567,793989
217574,749139
217643,790498
217666,804958
217713,888020
217713,855291
217773,834304
217781,861620
217793,779269
217822,799220
217833,836894
217878,875047
217889,811640
217914,796394
217957,809891
217961,868196
217967,790810
218003,878897
218019,803885
218022,784643
218039,892388
218056,879682
218125,805563
218207,828599
218213,887497
218241,793607
218245,769219
218325,792221
218344,799019
218349,786629
218371,783563
218423,791644
218443,891080
218528,868129
218529,789996
218535,790942
218553,784451
218578,888547
218602,785077
218607,804881
218620,789955
218632,856790
218654,787577
218671,806724
218671,798051
218690,802087
218756,822392
218763,806264
218766,818869
218772,859934
218774,879933
218784,785807
218792,804639
218799,848741
218802,491240
218812,490116
218826,777913
218829,802402
218854,787754
218875,461902
218904,776809
218918,796670
218950,812057
218952,803312
218990,781308
219009,885085
219016,782005
219055,799653
219058,884881
219077,836101
219091,500580
219094,807812
219099,898573
219118,800733
219149,746331
219177,749869
219192,807649
219195,822616
219197,898951
219231,864560
219243,817841
219270,910080
219319,781870
219335,818869
219383,790651
219387,822628
219391,802873
219428,859332
219428,803996
219491,904107
219516,811473
219532,776012
219533,794780
219568,796743
219572,862281
219574,873962
219574,807519
219591,873520
219596,793713
219600,786135
219608,761368
219635,882643
219661,797930
219681,798924
219687,893546
219691,770917
219697,789786
219704,785165
219705,879313
219716,789895
219723,799018
219728,894530
219759,780599
219772,790117
219808,768689
219840,801549
219855,801675
219871,758718
219898,790303
219902,820797
219905,813421
219906,233418
219908,786463
219944,775063
219945,879818
219963,879244
220001,780667
220050,871453
220072,892001
220088,786470
220089,234676
220110,870035
220140,869322
220151,916961
220160,789356
220175,785755
220177,862834
220184,234518
220189,234437
220203,777543
220205,874377
220205,872020
220210,782509
220223,234030
220224,780986
220225,774714
220227,874644
220233,873695
220250,850775
220299,234597
220300,233617
220305,233542
220306,234566
220316,815749
220317,775606
220318,880963
220331,790025
220338,234112
220339,233770
220351,234370
220356,234561
220366,235005
220395,234113
220404,234375
220405,234454
220414,818092
220418,234543
220419,233812
220423,234885
220425,233608
220425,234229
220427,234163
220432,234042
220439,233938
220441,234566
220451,234943
220469,233750
220472,233899
220480,884568
220488,234768
220491,233823
220494,234705
220504,234716
220518,233597
220521,785789
220530,234862
220530,795898
220541,234640
220552,233850
220554,234786
220559,234135
220559,778402
220561,234030
220564,234416
220568,234203
220571,233679
220572,234094
220581,873839
220583,233700
220585,233893
220589,233334
220605,234396
220609,235774
220620,234015
220625,234362
220627,234799
220628,233664
220634,233516
220636,234343
220637,234438
220639,234231
220642,234415
220643,233105
220646,234387
220646,234544
220651,234611
220653,789496
220653,234468
220654,234223
220654,823737
220656,233740
220658,234690
220659,234089
220660,233955
220661,233746
220662,880496
220664,234243
220666,234222
220668,234460
220670,234107
220677,233701
220683,234580
220685,873692
220686,233436
220688,234459
220689,233742
220690,233834
220690,235122
220693,233832
220695,861756
220695,234886
220695,233609
220695,234121
220697,234199
220705,234620
220707,234002
220708,235119
220710,233890
220712,234040
220712,234768
220716,234182
220717,233734
220722,234817
220726,234290
220727,234312
220727,888098
220729,233829
220732,233842
220733,233802
220736,235050
220739,234037
220740,234133
220743,234555
220743,234313
220744,234445
220746,233700
220750,234604
220753,232938
220753,234175
220755,234403
220757,233455
220759,783575
220760,823889
220760,234100
220762,233995
220767,234125
220772,234445
220774,233132
220776,234350
220777,234353
220781,233486
220786,233751
220790,234614
220792,233628
220794,235084
220794,233788
220795,233998
220796,234414
220798,234660
220801,234153
220801,233852
220802,234722
220807,233330
220808,233650
220808,234156
220812,866311
220816,233335
220816,233611
220817,233923
220819,234221
220822,233610
220822,234073
220823,234515
220827,235312
220830,234730
220836,235264
220836,233838
220836,234505
220838,233515
220838,865031
220839,234002
220842,234365
220844,234214
220845,234011
220846,233639
220846,234811
220849,234746
220854,234210
220858,234386
220859,233661
220859,233673
220861,234386
220866,233870
220866,776775
220870,234298
220871,234032
220871,233700
220872,235028
220874,234212
220875,234570
220880,234409
220881,234623
220883,234184
220886,233545
220887,234382
220887,234157
220888,234314
220892,233959
220894,234420
220895,234440
220902,234502
220902,233973
220903,233320
220905,234630
220907,233876
220908,234315
220908,234265
220909,234264
220913,234253
220913,234073
220917,234784
220918,233780
220920,234231
220921,233743
220923,234071
220927,233720
220928,234041
220929,234433
220933,233367
220934,234949
220935,234286
220937,234004
220937,234205
220939,825856
220940,234210
220941,234215
220942,234723
220943,233639
220943,233953
220944,233677
220950,234393
220953,233964
220954,234698
220955,234055
220956,234525
220956,234463
220959,234830
220960,233784
220960,234039
220961,234244
220963,805448
220967,234693
220968,234161
220968,234545
220971,234348
220971,233432
220972,235064
220973,234584
220978,233226
220978,234795
220978,234401
220979,234726
220985,234087
220985,234178
220985,235231
220985,234538
220986,234164
220987,233880
220988,234015
220989,233750
220991,234400
220991,234289
220991,234585
220993,234370
220999,234273
221000,234765
221002,786409
221002,813700
221003,234353
221006,233515
221006,234306
221009,827320
221012,234034
221014,233584
221019,234166
221022,234269
221026,233584
221029,234108
221032,234146
221033,233776
221034,234601
221035,784735
221036,234676
221036,233949
221038,233792
221039,234888
221040,234546
221042,824885
221047,235227
221047,234319
221048,803610
221048,233787
221050,234340
221051,234805
221052,233772
221052,234079
221053,234394
221053,235410
221054,233597
221056,234423
221056,235137
221058,234350
221059,235000
221060,234682
221062,234373
221062,235399
221064,234645
221066,233661
221067,233743
221070,235169
221071,234113
221071,233952
221072,234602
221075,234112
221078,233521
221080,847624
221081,234087
221081,234802
221082,234400
221084,233914
221085,234612
221085,233699
221086,847552
221088,234386
221090,233876
221091,234028
221093,234102
221093,234084
221093,233762
221094,854759
221096,234719
221099,234136
221100,234178
221101,234107
221102,233950
221103,233607
221105,234326
221105,234873
221107,234156
221107,234427
221108,233980
221108,233123
221110,234556
221110,756545
221111,233765
221118,234096
221118,233151
221119,233700
221119,233293
221120,233312
221122,234607
221122,234371
221122,233858
221123,234984
221124,234741
221125,234286
221125,233988
221128,234622
221130,233898
221132,233699
221132,234193
221133,233911
221133,234660
221135,234000
221136,234300
221137,233788
221137,234508
221138,234399
221138,234325
221141,235232
221143,234666
221144,234486
221145,233852
221150,234584
221151,234376
221154,234524
221155,234175
221156,233824
221158,235179
221160,234234
221161,234701
221165,234918
221165,234412
221166,234538
221166,234298
221166,234472
221168,233529
221170,233777
221171,512308
221172,233665
221173,234256
221175,234044
221176,233794
221181,234383
221182,234582
221183,233523
221183,233602
221184,234006
221191,234521
221192,233998
221193,234315
221195,234299
221196,233766
221196,234264
221197,234601
221197,233977
221198,233933
221198,233983
221201,234947
221206,878366
221206,235003
221206,233608
221211,233929
221212,884621
221212,233243
221214,234072
221214,235162
221214,234344
221216,233689
221217,234584
221217,234183
221221,234055
221223,234953
221224,234271
221224,233873
221224,234127
221226,233789
221229,233790
221229,234535
221232,233661
221234,234366
221235,233646
221236,233881
221240,234870
221240,234602
221244,234293
221245,234215
221246,234222
221247,234489
221250,233805
221251,234142
221253,233817
221253,234927
221254,234001
221254,801541
221254,234718
221255,235055
221256,235009
221256,234002
221256,234476
221261,234985
221265,234999
221265,234654
221268,234202
221268,794680
221271,234245
221271,233685
221272,234027
221274,234143
221280,862293
221281,808338
221281,234402
221281,796942
221281,233966
221282,233930
221282,234748
221283,234023
221284,233534
221285,232905
221285,234266
221287,233352
221287,234452
221293,234325
221294,233518
221295,233436
221295,234494
221296,233939
221296,234001
221298,234189
221299,233624
221300,234360
221300,234115
221303,233832
221305,233800
221305,776086
221306,234283
221308,233893
221309,234682
221311,234686
221311,234231
221311,233919
221312,233647
221313,234980
221313,233582
221317,234280
221319,235012
221320,233971
221321,234166
221323,234213
221324,234616
221324,234803
221325,233703
221326,234220
221326,233848
221328,234222
221328,234843
221329,233003
221330,234281
221330,234293
221331,234305
221332,234366
221332,233456
221334,234160
221335,234491
221335,233625
221335,235112
221336,233802
221337,797255
221337,234499
221340,233533
221341,234796
221343,233318
221345,233657
221346,233745
221346,234097
221346,233983
221347,234010
221348,235131
221349,233868
221349,234262
221349,233612
221350,234615
221353,234605
221354,233103
221354,234723
221355,233428
221356,234593
221357,234292
221357,233394
221358,234099
221358,875019
221362,233677
221364,234503
221364,233331
221371,233981
221371,233494
221371,868772
221373,233712
221374,234798
221375,234652
221376,234816
221378,234247
221378,233729
221380,234048
221383,235403
221386,233905
221387,234512
221389,235217
221390,235100
221391,234306
221391,234207
221393,233083
221393,234380
221394,234753
221394,234978
221395,233798
221395,233937
221396,233667
221397,234431
221398,234110
221399,234656
221401,234423
221401,234488
221402,234389
221403,788256
221403,234312
221404,234388
221406,233651
221406,234008
221408,234331
221408,234533
221409,800593
221409,235128
221410,786426
221414,234633
221415,234782
221415,233906
221415,234129
221416,233827
221416,234394
221417,233896
221417,234894
221418,234944
221419,233890
221419,233492
221421,234379
221421,233707
221421,234083
221422,234604
221422,233251
221424,234587
221424,234344
221424,234179
221425,233825
221427,234115
221428,233836
221430,234429
221431,234678
221432,234608
221434,233569
221435,233968
221435,233931
221435,234685
221437,234097
221438,233117
221439,234085
221439,234228
221441,234403
221443,233885
221445,234222
221446,233982
221447,233913
221447,233886
221447,233674
221448,234818
221449,234289
221452,233544
221453,233997
221456,233746
221458,234144
221459,234083
221460,233590
221461,233669
221464,234172
221466,233886
221468,234059
221469,234915
221469,234158
221471,865616
221471,233444
221472,233839
221473,869033
221473,234283
221479,233261
221479,233835
221482,233644
221485,234165
221486,864788
221487,234615
221487,234392
221488,234279
221490,234558
221491,234699
221494,822518
221494,234207
221495,234609
221498,234079
221502,234064
221503,234367
221504,234290
221504,234135
221506,235303
221507,233266
221508,233868
221510,233758
221511,234597
221511,234165
221512,234533
221514,234661
221514,234269
221515,233924
221515,233962
221516,234259
221516,233975
221517,234468
221518,233978
221520,819431
221523,234043
221524,235365
221525,233960
221526,234382
221526,234097
221526,784864
221526,791267
221527,234155
221527,235250
221527,234159
221531,234072
221531,234676
221531,234456
221533,234248
221533,796343
221534,233925
221535,234564
221537,234738
221542,233779
221543,234502
221545,233864
221545,233799
221550,234678
221552,234394
221555,234571
221558,233934
221558,233454
221558,234587
221560,233940
221560,234245
221562,235281
221564,234300
221564,233703
221567,234237
221567,234601
221568,234320
221569,234359
221571,233555
221571,234524
221571,233878
221572,234508
221573,234756
221573,233772
221576,233949
221577,234413
221578,233657
221579,234308
221580,234791
221580,233902
221580,234673
221581,234575
221582,234199
221582,235395
221583,234547
221584,234613
221584,234627
221585,234058
221586,234325
221587,234565
221587,234554
221589,233667
221590,833075
221594,233986
221594,235176
221600,233333
221601,234471
221601,234102
221602,234406
221602,233961
221604,233316
221604,233649
221607,234003
221607,234347
221607,235210
221610,233667
221611,233416
221611,233319
221612,865104
221623,234808
221624,233529
221626,233329
221627,234728
221628,234353
221629,233996
221630,878865
221630,233664
221631,233827
221632,234349
221633,234742
221635,234430
221635,774965
221637,234535
221638,234401
221638,234332
221640,233615
221641,234200
221643,234130
221644,234654
221644,233886
221645,233240
221645,233905
221648,234734
221649,234043
221650,234116
221650,235013
221651,235007
221653,234158
221653,234909
221654,234666
221654,787578
221664,233646
221665,234691
221665,233664
221665,235259
221666,234006
221667,234357
221669,234170
221673,234002
221673,233911
221674,234192
221674,233982
221675,234349
221677,234416
221679,234767
221683,233985
221685,234968
221685,235060
221686,234038
221686,234021
221687,818708
221687,233937
221691,235461
221695,234748
221695,234328
221696,234118
221698,233576
221699,235093
221700,234331
221701,234374
221702,234742
221702,234188
221703,235157
221706,233780
221709,233564
221710,233719
221712,234235
221712,234053
221713,233488
221713,234406
221714,234624
221718,233984
221719,234979
221720,234826
221720,234074
221724,233717
221726,235109
221727,234164
221730,234129
221733,235185
221738,234310
221739,233461
221740,234362
221741,234131
221742,234661
221745,234419
221745,234673
221745,234127
221747,234171
221750,234477
221753,233649
221753,234252
221754,234633
221754,233240
221755,234043
221760,234814
221761,233866
221761,234020
221765,870577
221766,234440
221767,233790
221769,234062
221769,234158
221769,233826
221772,234319
221772,233765
221773,234315
221776,234497
221778,234559
221781,775340
221782,234630
221783,234178
221783,233970
221786,235024
221790,234008
221791,740997
221796,234615
221796,799027
221799,234099
221803,233572
221806,782361
221810,234141
221815,233452
221815,233652
221819,234960
221821,234856
221826,234939
221826,234336
221827,234354
221832,233360
221834,232947
221834,234742
221839,795134
221839,233430
221839,912782
221840,234066
221845,234134
221846,233831
221852,233978
221853,234348
221855,233994
221863,233902
221867,234279
221871,233577
221871,234382
221872,234035
221873,234399
221875,234561
221876,234414
221876,234162
221878,234717
221879,803919
221880,234194
221881,234648
221881,233968
221886,234650
221886,234110
221888,233936
221889,234644
221896,234637
221900,234253
221906,234232
221909,234269
221909,235121
221911,234246
221913,234253
221914,235138
221914,233844
221915,786987
221916,234522
221918,234328
221919,233845
221920,234703
221921,234331
221922,235252
221923,233376
221924,234733
221925,234448
221926,234290
221927,234525
221929,234627
221929,234097
221931,234280
221933,235300
221936,233933
221936,233941
221940,234902
221940,234111
221944,233890
221950,234753
221950,234628
221950,234007
221952,234684
221956,233912
221957,233567
221958,233505
221959,234222
221966,233936
221972,234130
221972,234408
221972,234566
221987,234503
221989,233809
221993,233479
221995,233958
221999,235281
222005,234485
222007,234540
222009,233486
222013,234835
222014,824156
222020,791048
222021,234645
222033,234422
222034,234105
222035,234389
222035,791755
222036,235539
222036,233516
222038,234871
222038,775779
222041,234239
222041,234027
222042,234802
222042,234187
222048,510973
222059,233624
222062,233927
222068,235099
222070,233923
222077,234198
222077,233796
222082,234221
222082,233898
222086,791286
222089,233864
222089,774312
222099,233897
222102,234075
222105,234368
222109,234184
222119,234719
222120,862784
222121,234305
222125,234450
222125,234664
222137,234372
222144,234015
222145,609052
222146,879829
222148,234094
222152,234782
222162,233971
222164,234004
222164,234583
222170,234252
222178,233609
222179,234756
222184,234226
222194,234612
222203,234077
222207,233922
222209,795778
222212,234598
222216,233017
222220,812886
222224,234208
222228,234647
222230,234758
222230,234429
222239,233802
222242,840095
222242,234021
222243,816020
222252,234008
222256,886909
222259,234773
222268,233882
222272,234561
222289,789538
222291,234005
222293,234291
222298,233460
222298,234234
222299,864834
222301,234343
222322,233835
222332,233406
222334,234032
222350,234283
222351,234393
222354,780388
222384,772107
222386,852772
222401,814034
222424,234092
222430,234032
222446,233879
222449,782161
222466,790393
222485,738166
222494,233850
222511,864494
222523,234089
222529,789639
222539,767866
222539,233465
222574,817871
222602,790788
222603,233587
222629,233959
222636,234198
222640,803084
222647,800405
222654,816502
222686,234176
222693,234936
222715,795230
222745,895246
222852,863858
222857,856577
222867,823746
222878,801368
222886,234396
222914,860737
222928,809617
222939,813121
222976,777634
223002,878190
223003,777643
223084,833953
223092,792064
223170,802475
223177,803917
223183,511067
223196,784464
223235,804604
223272,775704
223305,824884
223313,521608
223364,882967
223387,805175
223443,889587
223477,815563
223484,761866
223493,879245
223525,795723
223563,803424
223582,510040
223624,786834
223634,864690
223642,830345
223644,814290
223718,879587
223732,879709
223742,797848
223776,775835
223807,876215
223817,861270
223914,897504
223931,791533
223959,791918
223970,795993
224023,816101
224028,874763
224032,784089
224070,789260
224103,773770
224112,799337
224241,790332
224300,782992
224315,803619
224364,785552
224375,804820
224404,808903
224492,780910
224507,786408
224577,469166
224577,796232
224586,773366
224586,816361
224595,770075
224632,824856
224635,774858
224647,775038
224688,785488
224700,788362
224713,780357
224724,477431
224735,804433
224735,782119
224757,875562
224763,796610
224767,774298
224822,884519
224854,479364
224855,853047
224892,802869
224905,862283
224912,805722
224912,775726
224917,796435
224933,841698
224936,799952
224972,873455
224979,780649
224988,789051
225000,824747
225105,877037
225117,811265
225127,808916
225130,791877
225135,892735
225136,492536
225146,793723
225148,773019
225149,892646
225159,855473
225173,803783
225179,876650
225194,863929
225208,804946
225215,839600
225328,782782
225329,812401
225402,775864
225413,478560
225435,791893
225455,777244
225509,878977
225523,508648
225573,495041
225586,876135
225587,805610
225589,777807
225651,863002
225691,793112
225716,776901
225763,786396
225830,765752
225865,776035
225871,866126
225885,801082
225889,845493
225897,798035
225991,859888
225996,791931
226021,897569
226055,821020
226070,790626
226073,784927
226123,508030
226171,791717
226208,772235
226332,799260
226349,887697
226376,797351
226383,790598
226414,763203
226425,790909
226462,460717
226527,798503
226532,816057
226554,797065
226607,859676
226615,847911
226636,888618
226653,441802
226654,848364
226662,799340
226700,866886
226832,788204
226883,801686
226885,795233
226886,792045
226890,519349
226934,790418
226937,867524
226947,808042
227063,796791
227066,507831
227067,799441
227070,772615
227100,777464
227109,850554
227160,779832
227180,784659
227197,881259
227219,789749
227223,878349
227287,823716
227296,774598
227346,831695
227350,496982
227353,842239
227392,817606
227401,777776
227416,861681
227425,574537
227430,846679
227440,876907
227495,906452
227579,805978
227585,799620
227674,547467
227700,793874
227742,800577
227742,798670
227763,820174
227806,772415
227953,904782
227961,795431
227977,801193
228081,892937
228182,806275
228259,789508
228287,786561
228404,893602
228414,778177
228417,885045
228469,842549
228471,791580
228480,785597
228483,811965
228601,778653
228637,877132
228703,779451
228710,796594
228733,811002
228747,470554
228761,777338
228763,795838
228792,507861
228847,805541
228910,756783
228926,871175
228928,878634
228930,793208
228948,885034
228981,492997
228988,828697
229068,854064
229072,780726
229089,809567
229195,779428
229207,801015
229209,773386
229218,852566
229231,782446
229360,799935
229459,532588
229509,861201
229513,822299
229693,455555
229715,850780
229728,784632
229785,900597
229912,857537
229946,890408
229978,513594
229978,516432
229993,789167
230011,868540
230045,775489
230121,769156
230231,785140
230251,795077
230275,805949
230296,814392
230303,807490
230315,882356
230395,489200
230487,792055
230499,912355
230500,867279
230504,765305
230518,841970
230543,801768
230545,806830
230551,855127
230583,784539
230592,856891
230749,507044
230753,810522
230799,885864
230810,793382
230840,775286
230846,799773
230865,793231
230925,778325
230952,868581
230956,793867
231027,798251
231095,785466
231111,462389
231138,535315
231201,792677
231204,801127
231303,526936
231305,513592
231422,522490
231515,861917
231563,541466
231564,763134
231598,802371
231623,782227
231667,785682
231674,813946
231743,463209
231782,667972
231835,808352
231885,786429
231891,804138
231911,790207
231911,798828
232035,484912
232042,800808
232101,875324
232114,666710
232141,814266
232148,774371
232183,564837
232206,797694
232218,792210
232223,795842
232339,789960
232340,797144
232351,788293
232355,848665
232359,472098
232413,793097
232451,497667
232455,798783
232483,300978
232507,826076
232509,526753
232537,473773
232634,856505
232751,865678
232763,780815
232810,873351
232810,810251
232864,300916
232909,782148
233030,301186
233044,300242
233052,299895
233081,300740
233083,300665
233098,777848
233111,300312
233112,300476
233129,300389
233160,300932
233215,300466
233221,300462
233222,300660
233235,300772
233239,300882
233247,301151
233250,300786
233254,300464
233266,300348
233274,789840
233277,300349
233283,300666
233289,299983
233295,300743
233298,300670
233299,300778
233300,300351
233305,300778
233311,300117
233321,300664
233322,300120
233327,300771
233331,300644
233331,300356
233338,300419
233339,300177
233339,300406
233340,299886
233340,300256
233342,300826
233344,300350
233344,300848
233352,300337
233352,300759
233354,300121
233360,798022
233366,300114
233366,300872
233368,300561
233368,300556
233376,300528
233378,300986
233379,300467
233380,300185
233382,300423
233386,300548
233387,300224
233389,300432
233393,300745
233396,300878
233397,300692
233404,300548
233405,300623
233407,300547
233410,300491
233410,485173
233411,300778
233414,300499
233415,300211
233416,300848
233418,300422
233421,300783
233425,521664
233426,300894
233426,300295
233426,300400
233426,773589
233427,300395
233429,300348
233429,300992
233431,301115
233432,811861
233433,783382
233435,300446
233437,300282
233437,300995
233439,300327
233439,790253
233442,488442
233442,300715
233445,300226
233445,300637
233445,299869
233448,301190
233449,300165
233450,300267
233453,300481
233456,300412
233457,300566
233459,300474
233460,300781
233465,300221
233466,300935
233466,491475
233466,300614
233467,300084
233468,300807
233469,299734
233470,300346
233470,300694
233470,300913
233472,300197
233473,776133
233474,300427
233474,300755
233474,300636
233475,300490
233479,300233
233481,300317
233484,300798
233487,300488
233490,300346
233490,300569
233491,784277
233491,300105
233492,300335
233494,300287
233495,300794
233498,300585
233502,300385
233503,300318
233503,301038
233504,300379
233505,300867
233510,300327
233512,300649
233514,856169
233519,300110
233519,300647
233519,300777
233519,300595
233521,300396
233521,300599
233521,300437
233521,301021
233522,300096
233522,300577
233523,300518
233525,300219
233526,300899
233527,300151
233527,300390
233531,299727
233531,454999
233532,300412
233532,300348
233534,300724
233534,300334
233540,300734
233541,300313
233541,300882
233542,300784
233545,300678
233545,300320
233546,300284
233546,300916
233547,300986
233549,300510
233550,300268
233551,300271
233552,300764
233552,300890
233555,300626
233558,300483
233559,300317
233561,300239
233561,300317
233562,300599
233562,300552
233564,300307
233564,300410
233564,300304
233566,300145
233567,299854
233567,300639
233567,300191
233569,300209
233569,300687
233575,300421
233577,300434
233579,300894
233579,300540
233579,300271
233581,300292
233584,300872
233585,300435
233586,300397
233586,300306
233586,300374
233589,300228
233590,300300
233590,299940
233591,300751
233594,300143
233594,300445
233599,300317
233601,301339
233602,301006
233603,301041
233604,300719
233604,300496
233605,300770
233606,300221
233607,300606
233608,300365
233609,300844
233610,300598
233612,300167
233612,301063
233614,300585
233615,300748
233616,300263
233616,300390
233617,301080
233618,300615
233619,300654
233619,300478
233621,776230
233622,300662
233623,300487
233625,300477
233626,300235
233627,299911
233628,301178
233630,300466
233631,300540
233632,300627
233633,300778
233633,300727
233633,300725
233634,300473
233635,300164
233635,300440
233636,300217
233637,300012
233637,300654
233639,300711
233639,300601
233640,300858
233640,300854
233640,300813
233641,299949
233644,300942
233645,300743
233646,300422
233646,300967
233647,300358
233649,301048
233649,300385
233650,300718
233650,300864
233652,300130
233652,300233
233653,300783
233653,300752
233654,300037
233654,300299
233660,300086
233661,300692
233661,300111
233662,300616
233663,301170
233666,300576
233666,300869
233668,300386
233668,300863
233668,876677
233668,300252
233669,300291
233670,300881
233670,299938
233671,300623
233672,300323
233673,300419
233673,300469
233673,300241
233673,300933
233673,300714
233674,300762
233676,300033
233677,300385
233677,300297
233677,300382
233677,299856
233678,300728
233678,300449
233679,300397
233680,300891
233681,802146
233682,300234
233684,300622
233684,300659
233685,300520
233685,300343
233687,300873
233689,300871
233690,300146
233690,301054
233690,300390
233690,300558
233691,300957
233691,300439
233692,300177
233693,300236
233693,300593
233695,300266
233696,300807
233696,300267
233698,300278
233698,300298
233699,300852
233699,300803
233700,300676
233700,300445
233701,300471
233701,300624
233703,300577
233704,300541
233704,300767
233704,300717
233704,300511
233705,300135
233706,300630
233706,300094
233706,300701
233708,300945
233709,300469
233710,300010
233712,300699
233713,300378
233713,300694
233713,300831
233713,300323
233714,803862
233715,300580
233715,300473
233716,300505
233716,300585
233717,300310
233717,300482
233719,300400
233719,300368
233719,301016
233723,300547
233723,300191
233724,300629
233724,300612
233725,300660
233725,821599
233726,300685
233727,300465
233727,300641
233728,300509
233728,300748
233729,300296
233731,300677
233731,300597
233732,300257
233733,301089
233733,300541
233736,300348
233736,300394
233737,300292
233738,300514
233738,300551
233739,300497
233740,300233
233742,300154
233742,300683
233743,300460
233743,300677
233743,300174
233744,300836
233746,301095
233746,300431
233747,300528
233750,299981
233751,300361
233751,300525
233752,300908
233752,300376
233754,300126
233754,300254
233756,300880
233759,300439
233760,300326
233761,300371
233762,300160
233764,300727
233765,300894
233765,300759
233765,299890
233765,300967
233765,300606
233765,300518
233766,300595
233766,300765
233766,300429
233766,299738
233768,300757
233769,300811
233769,301104
233769,300737
233769,300500
233770,300236
233770,301243
233771,300308
233772,300407
233773,300381
233774,300436
233776,300763
233777,300545
233778,300369
233778,300403
233778,300132
233780,300400
233781,300690
233783,300230
233784,300792
233785,300723
233785,300773
233785,300935
233786,300817
233786,300651
233786,300212
233786,300276
233787,300474
233787,300593
233788,300746
233788,300428
233788,300900
233790,300245
233791,300422
233791,300290
233792,300826
233792,300278
233793,300748
233794,300363
233794,300806
233796,300417
233797,300549
233797,300472
233797,300618
233798,300246
233798,300358
233800,300632
233802,300966
233805,300558
233805,300226
233806,300303
233806,300440
233807,300996
233808,300587
233808,300437
233808,300174
233808,300435
233809,301020
233809,300055
233810,300847
233810,300982
233811,300344
233811,300150
233811,300299
233812,300694
233812,300786
233813,300554
233813,779570
233813,300762
233814,300446
233814,300454
233815,300261
233815,300556
233816,300832
233816,300985
233818,300670
233819,300680
233820,300517
233821,301134
233822,300654
233822,300860
233822,300817
233824,300795
233824,801325
233824,300625
233825,300341
233825,300691
233827,300313
233828,300693
233829,300925
233830,300335
233831,300572
233833,300395
233834,300330
233834,300068
233834,300472
233834,300383
233834,300281
233835,300446
233836,300646
233841,300176
233841,300372
233842,765478
233843,300154
233844,300361
233844,300091
233844,300299
233847,300796
233847,300473
233847,300742
233848,300737
233848,300740
233848,300815
233849,300654
233849,300382
233850,300133
233851,300908
233851,300467
233851,300649
233851,300469
233853,300555
233853,300532
233854,300374
233855,300260
233855,300560
233855,300663
233855,301135
233857,299937
233857,301033
233857,300501
233858,300394
233859,300273
233860,299883
233862,300328
233862,300213
233862,300515
233862,300363
233865,300167
233865,300857
233865,300372
233867,300418
233867,300480
233868,300734
233868,300916
233868,300443
233870,300353
233871,300053
233871,300193
233872,300127
233872,300963
233873,300548
233874,300579
233874,783674
233875,300671
233877,300691
233877,300832
233877,300092
233879,300116
233880,300116
233880,300803
233881,300536
233881,300096
233882,300982
233882,300763
233882,301073
233882,300508
233883,300350
233883,300243
233883,300402
233885,300474
233885,300016
233885,300715
233885,300250
233886,300773
233887,300672
233887,300550
233888,300610
233888,300466
233889,300209
233889,300515
233889,300259
233890,300522
233890,300428
233890,301040
233892,301215
233892,300783
233894,300591
233894,300785
233894,300396
233894,300097
233900,300623
233900,300233
233901,300982
233905,300325
233905,300854
233906,300915
233907,300519
233907,300529
233907,299838
233908,300452
233909,300653
233910,300714
233910,300889
233910,300783
233911,300386
233911,300498
233913,300320
233914,300310
233915,300244
233915,300349
233916,300536
233919,300337
233920,300107
233921,300839
233921,300904
233924,300368
233924,300410
233924,300415
233924,300315
233925,300735
233926,300456
233926,300305
233927,300989
233927,300298
233927,300691
233927,300354
233929,300732
233929,301175
233929,300600
233930,300251
233931,300430
233931,300429
233932,300510
233932,300430
233933,300481
233933,300189
233934,300430
233934,300446
233934,300812
233934,300342
233935,300258
233935,300749
233936,300158
233936,300401
233936,300693
233938,300514
233938,300505
233939,300873
233941,300196
233941,300341
233942,300357
233942,300554
233943,300741
233943,299817
233944,300621
233944,300521
233945,300539
233945,300753
233947,300034
233948,781049
233948,300027
233949,300373
233949,300566
233950,300915
233950,300562
233950,300200
233951,300445
233952,300749
233952,300780
233952,300191
233953,300691
233953,300571
233954,300495
233956,784569
233958,300309
233959,300679
233960,300680
233961,300789
233961,300581
233961,300984
233962,300021
233963,300289
233964,300685
233965,301066
233965,300472
233965,300601
233966,300978
233968,300941
233969,300419
233969,300644
233971,300232
233971,300884
233971,300108
233973,300229
233974,300615
233974,300706
233975,300726
233976,300459
233976,300293
233976,300368
233976,300718
233977,300356
233978,300566
233979,300474
233979,300565
233979,300780
233979,300451
233980,300371
233980,301062
233980,300475
233981,300768
233981,300942
233982,300593
233983,300462
233984,300245
233985,301182
233985,300508
233986,300717
233987,301079
233988,300477
233989,300778
233991,300406
233993,300444
233995,300942
233998,300748
233998,300632
233998,300620
233999,301134
234001,300602
234003,299982
234003,300536
234004,300640
234004,300233
234004,300516
234005,300598
234007,300046
234007,300508
234008,300605
234008,300210
234008,300321
234010,300256
234010,300856
234011,300614
234011,300640
234012,300575
234014,300835
234015,300623
234015,300411
234018,300520
234018,300491
234019,300589
234022,748502
234023,300274
234024,300323
234025,300473
234026,300991
234026,300822
234027,300435
234027,300261
234029,300280
234031,300513
234031,300254
234033,300925
234034,300367
234034,300319
234035,300722
234035,300311
234037,300374
234038,300291
234039,300387
234040,300158
234040,300556
234041,300775
234042,300293
234043,300305
234043,300290
234044,300661
234045,301005
234045,300532
234045,300384
234046,300595
234046,300914
234051,300378
234052,300697
234053,300506
234053,300398
234055,300530
234056,300381
234057,300116
234058,300427
234058,300491
234060,300441
234061,299960
234062,300380
234065,300742
234066,300404
234068,300595
234068,300794
234069,300375
234071,300516
234073,300687
234075,796958
234076,300442
234076,300236
234076,300477
234077,301145
234077,300885
234078,300821
234079,300031
234083,300188
234085,300579
234085,300278
234087,300498
234088,300336
234088,300299
234090,300890
234090,300774
234090,300278
234090,300463
234091,300789
234091,300556
234092,300648
234093,300486
234098,300813
234098,300393
234099,300281
234099,299748
234100,300111
234100,300414
234101,301007
234104,300573
234107,300601
234109,300295
234109,300721
234114,300939
234119,300646
234119,300423
234120,300703
234120,300610
234120,300745
234121,300703
234121,300954
234121,300662
234123,299935
234123,300908
234124,300592
234124,300590
234125,300506
234125,300284
234126,300373
234132,300481
234134,300608
234135,301382
234135,300686
234135,300532
234136,300583
234136,300407
234136,300777
234140,300710
234140,136765
234142,300304
234144,300129
234147,300481
234148,300767
234151,300611
234152,300342
234152,300171
234152,300609
234157,300550
234157,300228
234157,300863
234160,300122
234160,300438
234160,300456
234167,300679
234173,300758
234173,300625
234173,300275
234173,300606
234174,300348
234178,300676
234180,300640
234182,300124
234185,300339
234186,300735
234186,301064
234187,300805
234188,300459
234189,300261
234191,300798
234191,300577
234192,300596
234194,300689
234194,300773
234195,300362
234195,300484
234199,300786
234199,300719
234199,300018
234200,300408
234203,300391
234204,300655
234205,300345
234206,300707
234207,300805
234208,300752
234210,300994
234211,300241
234212,300357
234214,300427
234218,299916
234219,300311
234219,300401
234220,300515
234221,300482
234222,300944
234226,300450
234229,300117
234230,877449
234230,300840
234233,300771
234234,300471
234234,300410
234245,300230
234248,300948
234248,300121
234249,300662
234249,301040
234252,300498
234252,300759
234254,300569
234255,300877
234258,299996
234265,300288
234267,300251
234267,300231
234267,301243
234269,301077
234269,300521
234272,300620
234275,300746
234279,300208
234281,803691
234290,300264
234291,300595
234299,300072
234308,300420
234311,300310
234312,300554
234315,300672
234318,300432
234320,300228
234326,300382
234333,300644
234337,300321
234354,300558
234360,300608
234366,300859
234366,300403
234370,301049
234373,301151
234376,300471
234379,300166
234383,300211
234387,300697
234388,491172
234389,300702
234394,300684
234405,300656
234417,300581
234423,300309
234426,300512
234432,791452
234433,300179
234434,488622
234451,300645
234452,784233
234457,300195
234461,300716
234471,300578
234481,300668
234490,300284
234491,300558
234491,521557
234491,863348
234500,300765
234523,781114
234524,300209
234533,300864
234537,300271
234548,300368
234557,784127
234603,780131
234611,300449
234624,300552
234626,787070
234629,793618
234648,878223
234690,422056
234692,784693
234719,794997
234745,804522
234790,527542
234793,805776
234800,300309
234884,817468
234889,505857
234963,547685
235138,590755
235147,503444
235152,496631
235368,803805
235399,772341
235411,792656
235433,799700
235450,798859
235478,905181
235498,809368
235507,794093
235545,514345
235553,795269
235584,493113
235592,786812
235667,816290
235823,871851
235933,794114
235944,782008
236038,797526
236264,563738
236275,779998
236390,779757
236581,471300
236588,775419
236627,799363
236670,787821
236681,585376
236710,822897
236748,806224
236790,876901
236850,581958
236962,491013
237058,497691
237277,797472
237311,505499
237314,513200
237328,857558
237335,803004
237345,801494
237385,599510
237458,852475
237612,823915
237669,519949
237705,818609
237763,770735
237767,773917
237857,483942
237862,492239
237910,777954
238001,781643
238038,486951
238070,792440
238088,800369
238126,785031
238249,810504
238337,774881
238474,511306
238480,821942
238501,792280
238506,788612
238570,513493
238682,439882
238791,797093
238845,464206
239002,525591
239004,509697
239022,507922
239076,506371
239145,459900
239242,776264
239331,816737
239394,809239
239473,785423
239529,799114
239550,779556
239639,789856
239640,810753
239780,634506
239850,152944
239934,817669
240022,790798
240128,834227
240143,651344
240249,355528
240255,490230
240329,590276
240359,809114
240390,808993
240571,478576
240585,515106
240628,856323
240730,794669
240768,517880
240863,805167
240871,553198
240936,869746
240960,821330
241024,823452
241078,856353
241146,776124
241240,790026
241266,796230
241285,799390
241290,870344
241311,790332
241387,878334
241389,479685
241400,809135
241469,574464
241470,803333
241536,758360
241674,799258
241692,781614
241762,158079
241964,477894
241995,592535
242049,519896
242196,486182
242264,583651
242476,497171
242479,802789
242554,516212
242568,815486
242611,822569
242670,517733
242678,808467
242693,804483
242698, 82964
242788,509499
242853,816414
242957,522542
242978,522768
243079,497718
243171,806464
243329,508100
243401,774666
243446,883146
243512,445567
243519,799124
243520,530826
243534,516299
243564,557363
243573,433459
243585,560596
243617,526829
243621,760464
243640,492873
243641,651402
243681,484310
243683,430366
243702,515295
243849,872271
243928,524485
243932,774886
244018,782633
244080,529551
244099,782655
244104,875427
244277,486321
244412,460482
244429,482791
244451,593166
244572,488731
244629,867428
244676,793231
244680,776329
244780,775122
244850,608353
244852,437317
244864,581878
244968,442136
245012,492836
245017,425505
245026,501254
245042,514505
245181,497979
245243,530925
245423, 89610
245491,629415
245523,606093
245622,535758
245753,597440
245807,777162
245926,784631
245972,862214
246028,491918
246359,908320
246419,804121
246504,576949
246527,609690
246596,784192
246596,662152
246956,500056
247058,761606
247104,484049
247130,468502
247259,518294
247321,808326
247325,667095
247420,631621
247506,482231
247546,518468
247553,517156
247784,608422
247864,465755
247873,596169
247978,581751
247996,510802
248075,506094
248166,544177
248192,471290
248450,559380
248514,590483
248609,483303
248882,471596
249038,867275
249076,502259
249109,514343
249121,541251
249163,816054
249170,539416
249180,776080
249235,507899
249421,473058
249431,514739
249481,515542
249504,441831
249507,452595
249545,596658
249652,796033
249721,496068
249728,809343
249740,606094
249775,632142
249938,521664
249975,533207
250015,795353
250077,504125
250105,476903
250132,469316
250319,813031
250383,455723
250393,807209
250421,462302
250491,812503
250494,591211
250507,573812
250558,808720
250644,589693
250788, 46554
250880,506345
250956,455859
251056,490298
251118,645543
251348,452664
251377,591868
251681,131925
251791,616927
251808,611372
252213,490052
252225,483604
252233,471029
252442,595513
252473,784829
252525,502398
252556,550757
252627,441076
252695,556646
252702,502643
252793,508456
252853,464333
252867,433653
252876,595083
252911,500820
252951,535625
252954,477557
252958,442900
252992,594912
252998,437736
253049,525339
253190,588356
253195,453480
253285,634906
253375,519856
253448,799283
253449,618675
253616,614016
253620,641451
253688,629304
253788,489757
253831,554907
253848,501429
253894,525313
254016,469840
254095,582062
254124,489624
254129,452292
254186,500774
254216,581516
254242,506696
254339,471305
254375,475646
254400,490382
254404,487140
254416,849257
254430,778019
254472,577939
254558,679574
254570,495128
254590,602008
254599,777305
254679,587382
254757,666823
254806,597655
254822,596348
254981,888936
254984,567460
255127,521600
255153,136437
255237,789491
255287,506049
255322,470289
255349,511347
255401,438125
255417,504388
255478,462452
255560,491871
255615,522541
255620,509763
255698,711039
255783,439977
255983,473281
255988,506548
256081,594659
256108,466517
256131,514872
256166,438970
256263,592029
256299,658313
256301,632273
256366,499702
256461,512679
256486,597616
256501,446983
256608,628451
256644,439200
256678,593605
256747,491533
256774,140621
256816,457745
256820,513721
256827,522737
256881,462733
256912,792000
256941,521350
257117,452864
257124,590536
257218,579898
257228,654727
257251,618472
257298,542738
257371,584869
257484,524608
257534,565216
257552,466320
257603,500225
257639,119887
257766,612619
257800,635759
257890,638477
257928,430031
258070,487214
258115,512257
258144,541158
258194,625115
258199,476809
258208,861378
258318,456499
258388,421741
258398,463617
258458,505531
258464,479106
258464,622236
258483,536314
258542,526629
258622,476460
258651,457653
258657,507181
258704,119326
258730,476618
258776,594976
258794,598176
258823,582739
258839,617067
258842,511699
258869,483544
258876,449458
258982,599069
259055,554504
259070,495933
259115,589920
259127,249625
259157,111787
259231,505539
259251,808409
259263,552343
259270,122308
259284,480115
259302,510909
259312,478057
259315,500604
259317,610636
259350,491900
259375,496784
259380,502742
259403,631580
259404,629493
259408,127381
259513,595600
259525,514905
259573,799348
259628,801595
259660,514936
259699,670120
259702,588412
259731,447566
259803,544827
259872,531487
259921,510715
259933,406025
259960,506453
260093,678341
260134,491189
260162,485183
260294,485216
260336,519071
260401,507232
260444,498383
260460,484738
260479,494303
260567,469984
260694,508857
260711,776891
260747,488217
261018,518404
261123,503377
261159,583268
261192,485805
261203,592476
261213,528392
261230,481358
261272,136896
261283,500511
261285,488260
261332,511582
261371, 93344
261382,611839
261385,487341
261388,491934
261409,747565
261420,597939
261491,496966
261632,469610
261640,491837
261691,491622
261740,645569
261750,505393
261812,114069
261924,490365
262034,486421
262063,467175
262108,539039
262143,615543
262218,467172
262256,595292
262294,620639
262298,514914
262309,602578
262333,494804
262357,198654
262373,668618
262385,517227
262386,444604
262443,501379
262462,609535
262520,593250
262531,676907
262569,496059
262659,480264
262660,591344
262665,667846
262708,494699
262725,781416
262743,480272
262789,565536
262824,458222
262881,584076
262916,505386
262977,615404
262979,772983
263090,670150
263136,215808
263150,748583
263208,585491
263259,775212
263304,573478
263373,497008
263412,450431
263439,511940
263450,443108
263460,609410
263481,506387
263517,533447
263769,534040
263886,509170
263914, 80872
263925,126601
263960,546916
263960,464344
263971,476156
263974,478588
264017,548964
264021,498646
264038,639437
264049,511141
264059,556894
264117,643572
264120,209674
264121,490554
264161,511817
264203,569736
264209,103732
264263,491560
264287,472850
264307,791056
264461,273636
264510,565371
264542,551055
264649,583469
264689,653330
264694,572334
264849,517640
264854,770112
264881,533330
264883,629338
264993,589522
265006,460735
265055,502611
265079,548504
265125,509460
265143,514664
265220,467363
265235,649186
265265,599791
265331,786887
265334,605345
265338,449111
265443,431839
265470,616662
265480,478065
265555,561529
265669, 59229
265740,795297
265747,449316
265778,594393
265788,513256
265803,491008
265804,539382
265811,514881
265817,628366
265833,607320
265851,415890
265881,626101
265891,784046
265925,142158
265936,519091
266029,500348
266039,786501
266073,539734
266074,527248
266079,468324
266106,584824
266247,755540
266296,646133
266323,521945
266325,488262
266369,472744
266403,677311
266464,503313
266525,578309
266526,450869
266540,507237
266545,492753
266550,322332
266556,573860
266624,565453
266647,689819
266696,479310
266754,480019
266795,192275
266818,448083
266821,494819
266853,460193
266866,482489
266942,515254
267001,793195
267024,786330
267070,761112
267089,567178
267160,481389
267162,493065
267191,196087
267199,442349
267223,124598
267304,127753
267312,548079
267341,517552
267351,605983
267423,475292
267424,593605
267427,593065
267434,435940
267446,512172
267448,447178
267535,676242
267537,603329
267581,545971
267582,577662
267585,371156
267633,538742
267635,613238
267660,439393
267679,607228
267697,481449
267712,587140
267740,591273
267839,553845
267856,495738
267900,753264
267922,478445
267927,434217
267958,502306
268037,764522
268057,744606
268074,529976
268074,514755
268076,500970
268101,781727
268196,577228
268216,484714
268294,454850
268337,336070
268348,466305
268377,588617
268383,669468
268397,102908
268436,600561
268489,531126
268500,504472
268513,467074
268561,634396
268582,777185
268636,380301
268651,550995
268657,499851
268660,594959
268674,455920
268686,449256
268749,500831
268773,487501
268795,134090
268822,583186
268844,449584
268865,654261
268903,481408
268913,470175
268927,615455
268931,523666
268937,631726
268939,571627
268945,733278
268967,513997
268993,585915
269005,350884
269028,592160
269073,482073
269097,754220
269141,446240
269230,541640
269286,436864
269309,482875
269354,582633
269412,580063
269426,461891
269567,503433
269590,485855
269601,606085
269612,511017
269622,521810
269674,465838
269713,753703
269735,773284
269832,777741
269845,527741
269861,492657
269870,611315
269903,582065
269905,182018
269907,330578
269946,456011
269953,589529
269957,755394
269963,495319
269984,750931
269987,569664
269990,521688
270000,587730
270000,460801
270042,520257
270057,533954
270079,617258
270113,750219
270118,490148
270130,483413
270153,475876
270168,424994
270235,490488
270240,473348
270249,814299
270281,491139
270288,581898
270293,479094
270300,532451
270326,583599
270374,592532
270376,647521
270396,461135
270412,693813
270435,220650
270454,430650
270468,481665
270481,116783
270489,451243
270505,444678
270514,456773
270549,532220
270556,616478
270559,396394
270618,451112
270636,199533
270690,483496
270726,603978
270751,460091
270809,490160
270811,216293
270811,456972
270844,651477
270912,534129
270946,494764
270946,459662
270950,499753
270954,502490
270986,466600
270987,479317
270991,580922
271000,639765
271028,508813
271040,124872
271057,419691
271095,757325
271119,794087
271122,605482
271149,100883
271162,492717
271199,494496
271216,451516
271312,126618
271330,447738
271383,776647
271422,583528
271429,762596
271433,224359
271438,444668
271445,451702
271462,435523
271473,454889
271474,120483
271507,474660
271512,587766
271542,779556
271594,430925
271609,782930
271612,494060
271622,765502
271640,773311
271660,494014
271677,320190
271683,506818
271704,445126
271738,785220
271775,486908
271791,417985
271833,184949
271836,607377
271848,792126
271854,427678
271888,183993
271904,773238
271948,789485
272023, 77842
272026,610294
272037,109109
272065,426030
272076,512130
272147,439616
272148,594499
272157,493400
272202,735207
272245,758272
272253,473301
272256,335399
272272,780380
272285,674508
272309,425379
272318,564195
272335,482411
272357,509821
272435,646251
272462,510646
272470,150892
272470,535472
272520,482560
272589,510327
272596,605602
272598,632415
272606,568924
272622,426306
272632,526471
272636,485193
272639,487188
272669,507854
272678,616618
272702,515360
272742,773951
272743,587247
272767,599505
272795,562702
272831,216110
272927,521206
272960, 93289
272964,499212
272982,450634
272999,761580
273017,765507
273021,472150
273022,760298
273025,762597
273040,572654
273049,788933
273051,635693
273082,471306
273143,186774
273163,123391
273187,491637
273205,440674
273207,121803
273236,788414
273268,527984
273272,744197
273326,492765
273327,605802
273328,461956
273331,617054
273346,575560
273378,129755
273471,736260
273480,786318
273486,527306
273549,768189
273577,535064
273583,498838
273603,519150
273606,582599
273611,652800
273640,465993
273649,502261
273660,462472
273687,653650
273700,450457
273726,348164
273736,632129
273784,472844
273849,590513
273878,651901
273883,752488
273883,489476
273903,476926
273935,486097
273956,768735
273960,470315
274005,126051
274021,598140
274023,433596
274042,769629
274087,456125
274124,753927
274154,570083
274166,657262
274177,469187
274183,606503
274193,497774
274264,504060
274341,607841
274359,578675
274369,514516
274457,757252
274458,594762
274459,588863
274506,321740
274516,777293
274535,509397
274537,611890
274546,442293
274554,767817
274571,478734
274585,615038
274608,486557
274611,577761
274655,483921
274774,520087
274805, 86890
274817,552106
274821,323515
274832,782259
274842,447323
274892,620331
274893,620115
274901,612361
274901,575342
274937,587862
274941,670036
274975,499174
274984,763619
275174,614271
275188,592880
275194,601635
275248,789503
275249,514943
275257,482895
275263,520008
275265,577442
275266,231719
275267,497869
275272,588120
275289,532015
275324,789127
275358,479283
275359,494281
275362,542159
275380,774441
275409,481505
275455,773460
275492,467322
275495,341500
275500,654725
275531,129672
275553,489862
275555,613764
275601,581857
275606,445178
275660,130138
275665,483950
275676,435880
275681,805754
275693,512652
275703,143946
275712,133389
275729,481015
275742,322146
275834,493931
275842,622220
275865,489134
275867,593799
275885,444985
275890,773050
275892,440540
275909,524848
275921,533082
275947,247647
275965,492986
275968,739629
275973,635153
275976,471426
275979,465915
275986,802798
275997,564287
275998,482997
276000,208380
276011,108759
276053,755210
276055,783030
276086,355022
276128,447867
276136,762550
276149,484150
276156,793620
276162,501081
276207,206745
276214,480878
276216,579326
276219,586366
276233,665129
276238,476750
276252,432297
276259,430010
276265,428531
276292,136922
276300,221433
276313,513403
276413,456794
276440,573994
276445,466537
276493,557130
276541,495960
276548,781091
276564,616663
276588,642722
276601,594016
276614,483918
276650,455948
276656,652516
276703,653996
276713,479115
276770,511435
276817,625952
276833,523388
276863,491898
276865,453108
276895,506716
276900,526754
276909,511570
276975,704476
277034,774498
277078,773548
277080,788427
277099,778772
277103,590893
277105,489119
277108, 92835
277111,757554
277138,513683
277139,548758
277151,759728
277168,784441
277251,294669
277265,455056
277274,509062
277276,507606
277280,802657
277326,182470
277334,489645
277367,443991
277397,503288
277414,766239
277482,477974
277482,228695
277504,449713
277515,461070
277555,585206
277575,124723
277589,480174
277594,625491
277597,492303
277598,311208
277599,767818
277607,482432
277614,511023
277643,424031
277716,783629
277717,489931
277724,787826
277768,760947
277782,752653
277785,354198
277832,489181
277832,513385
277845,517709
277852,466896
277861,165373
277862,765275
277911, 86488
277915,805203
277958,747641
277959,457442
277971,563029
277992,495016
277996,769765
278004,453763
278047,574869
278063,772821
278068,537979
278080,751137
278088,435211
278108, 96994
278110,537280
278160,147788
278168,462154
278169,481671
278186,444396
278205,639575
278207,773048
278250,763435
278283,745529
278286,303076
278349,479283
278356,498588
278361,419967
278368,802971
278460,769880
278485,451603
278514,453564
278524,803588
278529,462327
278538,482922
278554,465292
278558,558282
278574,604800
278584,350519
278616,582524
278616,488250
278623,769427
278716,537957
278722,757984
278740,448462
278746,466830
278784,593702
278788,478335
278814,457940
135409,873090
135452,869324
135452,885401
135511,875634
135645,901251
135660,868182
135666,866387
135679,738749
135684,741328
135687,731785
135702,908506
135722,741113
135731,736351
135757,910072
135758,731814
135760,734962
135793,736552
135805,735845
135806,741038
135817,737091
135845,736314
135847,737348
135861,885542
135870,736538
135929,862873
135952,887896
135961,739357
135965,883581
136025,739193
136026,731646
136048,877824
136127,893521
136153,740628
136159,870916
136190,736529
136202,886708
136248,889756
136255,738756
136257,739132
136279,732752
136288,737566
136392,741209
136394,885456
136397,856774
136401,735722
136434,890385
136457,738561
136483,875072
136517,906862
136578,739908
136626,741222
136666,737564
136669,864745
136669,740426
136698,881419
136699,735272
136702,740700
136720,739523
136745,927382
136755,738208
136764,734600
136789,738028
136795,736686
136818,886480
136832,737595
136847,737137
136852,744693
136864,879814
136875,898442
136879,735213
136896,737436
136959,737783
136960,742384
137012,737263
137069,734800
137078,731657
137089,872665
137130,902658
137160,900329
137167,730894
137208,731783
137217,882137
137223,737524
137231,735880
137253,882131
137259,740338
137312,741224
137328,866759
137333,739409
137345,735435
137367,737002
137375,871492
137397,892384
137402,738333
137410,899482
137441,737714
137443,740695
137449,737954
137462,734727
137463,883073
137492,740182
137539,873614
137542,737345
137560,738624
137562,738916
137574,745139
137579,739133
137624,890436
137645,738599
137654,739259
137705,739930
137706,742547
137721,736103
137740,898261
137747,732347
137764,885165
137773,734697
137775,734472
137802,739648
137806,737003
137849,742203
137870,742489
137872,738325
137910,744046
137931,742138
137936,736649
137956,732582
137959,736346
137984,741066
138012,867842
138018,742841
138045,867641
138048,735255
138072,740272
138080,903549
138082,733866
138092,888967
138094,736982
138107,878095
138132,739738
138145,884935
138195,882140
138233,738164
138267,884471
138273,899449
138289,726966
138309,877880
138338,736758
138351,743643
138362,739265
138374,740166
138401,737102
138411,738989
138415,735239
138416,741768
138417,892636
138431,738045
138432,737896
138449,883997
138455,741275
138473,737952
138478,733719
138500,740232
138516,735136
138518,735075
138526,736826
138539,736598
138544,739061
138545,736247
138564,737071
138579,879082
138580,891196
138599,734712
138608,733138
138610,742119
138622,894291
138627,735317
138630,897481
138646,894716
138655,741094
138658,737377
138667,741781
138676,896264
138680,741254
138701,737009
138713,735801
138722,739389
138727,740880
138734,894758
138738,898151
138740,894967
138742,740122
138743,739585
138746,878146
138753,734479
138768,734782
138778,879526
138787,739823
138791,736278
138809,740530
138817,735489
138819,735862
138821,737319
138827,735075
138829,732422
138848,737180
138876,885546
138891,736840
138900,874297
138910,450841
138925,735099
138927,734434
138935,735067
138941,733319
138961,737459
138991,892642
138999,739572
139018,740887
139042,737714
139051,883321
139060,737030
139072,737889
139077,736357
139077,915641
139079,733378
139100,883470
139104,742457
139106,739716
139109,740282
139116,736212
139118,859927
139129,738074
139179,742749
139191,903733
139218,740426
139225,732717
139226,736732
139245,732854
139249,738052
139251,735595
139251,736743
139267,898637
139281,733302
139284,572029
139287,890758
139289,736448
139290,894038
139317,734707
139322,745676
139322,735803
139326,738973
139329,741100
139332,734130
139337,735587
139348,737643
139353,736267
139361,736960
139369,569590
139377,916483
139382,738670
139394,573417
139402,738505
139421,863271
139422,736640
139431,734118
139441,737712
139462,898828
139463,733175
139468,740304
139472,740263
139486,450927
139489,737850
139490,735055
139494,568194
139496,739498
139505,865599
139511,742160
139517,738654
139519,738628
139519,734106
139527,742167
139528,743290
139529,742363
139536,739372
139547,567742
139559,735544
139566,740966
139571,734008
139578,736344
139580,740753
139603,734058
139604,893561
139613,734540
139618,738606
139641,738849
139647,739894
139653,734968
139655,736766
139657,738140
139658,857689
139659,739478
139668,737220
139675,740389
139685,567419
139693,736461
139694,736747
139707,740000
139708,740981
139709,729502
139724,741947
139738,736305
139745,738070
139747,916388
139751,736443
139753,729072
139754,566966
139770,739309
139802,738968
139808,736176
139823,742267
139827,738599
139842,567373
139850,739038
139856,899820
139859,736893
139859,741060
139862,744810
139863,738550
139865,909627
139886,877398
139893,732643
139897,736571
139898,739196
139904,737331
139912,742818
139916,876599
139917,737869
139921,736320
139927,733445
139934,870545
139945,739117
139962,733941
139967,735429
139993,735691
140008,733647
140038,738246
140044,878593
140045,739112
140045,738440
140047,733053
140048,738811
140064,740031
140080,894831
140080,567700
140083,736642
140095,737418
140101,570555
140102,898335
140109,739440
140111,894885
140113,737915
140117,736773
140125,737298
140130,741204
140144,734647
140157,890897
140163,733833
140169,742104
140193,868080
140196,856127
140211,880678
140212,737397
140213,733783
140213,736272
140225,891730
140227,731766
140228,740526
140236,741577
140236,736185
140245,737490
140250,569721
140255,733956
140256,737443
140268,568608
140272,740638
140273,867619
140291,731831
140309,732477
140319,735309
140322,741260
140337,732634
140346,737012
140349,738116
140360,738289
140363,737445
140365,740854
140371,737823
140379,737698
140394,887441
140452,738950
140454,569043
140455,733844
140459,736705
140460,570639
140463,737437
140475,739698
140478,569916
140479,733764
140481,733596
140482,737991
140492,729511
140492,742613
140494,739532
140498,735086
140503,887778
140507,739702
140510,733711
140513,907537
140519,736913
140539,732774
140543,862329
140544,735946
140556,736207
140572,738903
140580,729656
140581,734895
140582,571245
140584,881683
140588,736747
140590,738634
140592,740648
140606,733349
140609,735552
140613,874425
140620,880704
140627,868138
140641,737336
140660,742482
140677,740468
140677,741451
140679,865856
140680,738085
140682,876996
140684,734478
140685,743987
140686,882610
140689,737993
140690,864396
140693,447287
140706,571228
140716,728428
140723,734217
140737,865290
140738,738381
140745,905837
140749,732918
140762,741070
140768,738163
140770,569949
140779,733642
140786,570297
140788,734660
140793,738749
140798,731807
140801,741639
140804,737147
140806,570847
140832,735844
140836,889150
140836,741392
140838,744903
140841,572513
140850,736757
140857,735146
140866,572529
140866,882092
140880,571120
140886,881610
140894,741613
140909,886205
140912,737755
140913,744933
140919,737146
140930,737495
140935,741231
140940,738079
140941,738975
140946,567712
140946,736622
140948,737664
140951,737702
140963,740835
140963,874350
140969,735336
140986,883927
140993,733200
140995,741923
141006,738049
141010,742232
141027,738197
141028,731472
141030,899159
141042,874449
141049,906246
141066,739067
141075,457621
141076,569131
141077,737590
141102,572116
141104,881557
141105,571524
141114,739406
141117,887359
141131,567013
141132,739814
141134,741583
141143,736343
141161,737459
141165,736655
141170,738266
141172,737656
141181,737153
141186,566815
141187,733033
141191,571269
141192,570208
141201,741083
141205,730634
141208,739031
141209,735774
141213,741838
141215,872262
141233,574052
141239,742541
141240,568394
141246,733348
141253,733501
141253,569012
141256,739320
141262,570457
141282,904301
141286,733757
141289,568049
141296,570073
141301,737147
141303,569389
141308,898269
141308,876087
141318,912395
141325,736367
141326,741979
141332,911493
141337,739619
141337,737273
141343,740670
141344,740414
141346,733672
141348,738385
141352,737626
141353,734861
141356,738627
141359,573074
141360,737116
141375,567702
141377,742809
141380,739848
141382,736100
141386,889444
141389,735040
141399,734433
141399,736908
141410,738543
141411,889155
141413,737485
141416,733005
141417,570069
141428,735052
141429,731148
141431,902272
141434,570215
141436,739765
141444,736983
141447,568124
141455,740164
141461,736306
141468,568152
141476,735658
141479,570495
141485,735270
141492,739872
141496,740575
141501,743152
141506,572201
141514,743356
141534,571688
141537,739131
141538,735859
141548,882861
141553,731061
141566,742689
141577,736231
141577,738409
141583,737644
141588,739156
141589,568099
141596,866900
141597,739097
141600,889946
141602,743487
141606,738307
141611,571427
141614,735518
141620,897040
141622,571331
141626,738338
141628,571539
141632,899702
141638,567380
141639,871077
141644,735985
141650,740935
141657,733593
141658,569316
141663,571068
141664,569020
141668,904646
141675,736797
141677,866182
141679,568841
141680,736951
141680,736411
141682,742986
141682,734811
141685,570253
141685,888898
141690,732581
141694,734058
141696,141990
141698,736638
141698,566136
141709,730671
141711,567502
141717,739997
141718,740151
141718,741162
141723,888795
141734,570804
141737,737797
141749,736840
141763,733565
141764,570976
141769,572498
141779,570411
141780,737431
141785,572499
141786,737404
141789,567458
141789,736480
141792,735193
141794,731624
141803,734783
141806,571860
141806,888185
141810,737955
141815,570146
141824,873837
141827,732608
141829,881588
141837,891170
141838,737970
141843,737481
141844,896333
141845,570636
141849,744796
141858,736160
141862,742466
141863,731055
141863,873059
141868,873360
141871,739648
141874,736839
141875,740984
141876,878831
141878,737938
141881,735740
141881,569747
141885,735461
141888,569883
141891,886010
141896,879961
141896,734975
141897,735798
141900,736611
141904,894197
141905,731395
141909,734792
141926,902527
141927,879156
141930,567302
141946,879024
141954,741651
141959,737308
141965,738127
141974,878116
141991,574495
141992,745532
141997,567728
142005,573500
142006,570980
142010,739304
142011,571386
142020,743412
142024,736722
142026,876885
142042,729811
142045,568320
142045,740217
142050,732552
142050,572265
142054,572393
142058,873396
142059,570320
142068,568498
142072,568818
142080,736535
142081,734463
142082,735381
142084,742406
142099,568932
142099,566931
142100,570347
142113,568975
142113,738302
142117,745356
142121,738241
142123,737835
142127,738352
142134,734202
142136,736772
142141,567878
142152,572887
142154,736426
142162,853561
142168,570432
142169,736584
142175,896583
142191,740971
142195,739400
142198,733723
142201,568335
142202,744056
142205,880985
142207,740389
142207,907811
142216,568550
142216,731835
142218,737602
142223,566627
142226,737659
142229,739627
142234,744690
142239,738326
142246,891451
142247,570401
142248,886852
142251,568630
142257,572091
142265,571286
142270,912194
142276,568098
142276,891470
142280,569288
142286,571929
142293,568212
142294,734704
142295,566206
142304,736619
142311,568841
142316,568764
142325,567036
142330,570365
142333,736092
142335,568759
142337,569964
142337,571999
142337,564968
142342,740409
142343,888663
142344,737783
142353,875325
142356,571166
142360,740953
142362,737490
142371,870472
142374,573363
142376,739746
142379,570957
142379,734887
142381,570261
142390,571302
142392,566779
142393,739172
142400,573498
142402,572191
142413,566171
142416,740149
142418,735687
142418,569769
142420,898809
142423,737565
142425,738440
142427,736923
142429,570231
142438,568716
142439,573285
142449,884534
142461,737403
142473,575582
142473,572538
142475,571146
142491,571091
142493,739562
142493,569784
142506,567885
142516,740234
142516,741052
142524,570316
142528,564699
142545,736887
142546,568792
142550,736480
142562,741962
142569,732456
142569,734311
142573,457954
142578,565889
142582,569596
142584,908512
142585,566802
142586,569855
142588,566671
142593,735056
142595,737676
142596,737674
142597,741229
142598,570887
142603,739472
142608,731339
142609,873048
142612,737865
142627,567173
142629,569015
142631,570331
142632,568372
142636,573420
142641,879316
142650,733051
142650,568021
142652,569700
142654,568639
142668,737943
142671,738617
142672,568391
142672,736616
142672,738048
142673,735168
142683,740274
142685,568781
142686,569474
142687,565649
142690,570547
142693,568699
142697,569690
142698,572975
142700,738487
142705,564235
142711,567572
142713,570938
142717,735702
142722,871743
142723,735588
142725,568398
142725,735136
142728,740398
142732,442994
142735,446145
142735,570867
142736,738239
142737,867454
142752,572158
142755,569055
142756,738390
142764,738318
142769,567679
142772,571314
142773,574796
142776,570515
142794,740419
142803,569432
142805,568862
142806,740127
142811,742604
142824,571764
142825,448225
142833,567200
142835,737314
142843,735536
142844,884624
142855,566038
142868,574568
142889,876243
142890,569649
142890,737859
142891,566128
142895,732933
142895,863539
142899,736685
142910,739596
142913,569691
142916,571030
142918,570440
142920,739405
142930,568501
142933,883358
142935,733366
142938,569345
142943,746055
142944,565753
142945,568678
142947,569369
142949,570494
142952,568723
142956,568037
142959,568847
142959,569064
142959,571232
142959,738007
142961,737025
142963,734574
142965,735185
142967,735327
142967,732109
142980,870331
142986,735477
142989,569215
142993,570772
143004,571410
143009,733686
143011,915181
143013,739161
143019,570131
143023,734060
143023,904966
143026,734534
143029,565740
143036,739530
143037,736235
143037,568634
143038,569858
143040,570601
143042,880331
143047,569207
143047,873658
143049,895464
143050,890352
143052,568263
143059,882389
143059,734745
143059,739059
143060,853252
143061,564886
143067,573350
143071,571788
143075,567560
143076,738109
143076,904579
143078,571958
143082,570779
143082,728946
143086,571444
143087,896485
143093,565188
143093,567235
143095,564035
143095,569603
143100,847473
143102,732727
143104,739117
143108,567417
143108,733098
143110,568074
143116,739067
143120,569448
143136,570066
143137,734247
143138,740253
143141,571676
143145,898189
143157,742714
143159,568125
143163,567203
143165,574370
143170,566533
143171,569978
143173,568395
143175,740749
143181,567563
143182,737414
143190,565755
143192,734765
143194,566836
143199,570492
143206,570924
143206,571244
143207,731227
143211,742158
143211,566449
143211,737234
143212,740897
143216,567400
143226,567382
143228,572376
143232,733570
143234,873988
143236,734465
143240,887265
143241,735169
143244,569447
143248,568073
143249,738392
143249,573640
143250,571200
143252,571290
143255,565397
143256,567650
143257,569506
143258,741231
143266,571604
143267,569983
143268,568015
143271,568754
143273,569393
143284,569925
143290,567168
143291,739093
143294,569121
143294,737830
143294,572524
143295,569512
143298,734307
143301,566914
143308,568150
143309,865063
143311,742431
143312,734900
143313,564510
143320,569163
143321,569240
143332,892901
143335,566594
143344,570311
143345,566981
143349,570269
143352,572534
278830,383878
278839,231402
278859,234158
278913,595954
278931,467362
278948, 78857
278965,784346
279026,782471
279048,535180
279125,503851
279165,177888
279198,525372
279199,774440
279223,786929
279255,766181
279287,537916
279303, 95586
279346,664285
279348,499174
279365,453126
279369,499746
279371,449813
279372,791090
279379,362113
279390,121679
279395,620811
279397,542788
279400,431558
279442,344891
279469,750257
279483,520898
279512,538479
279515,481956
279516,754087
279531,770057
279531,217932
279536,816986
279551,440047
279560,874741
279571,439517
279587,120246
279597,790112
279609,765780
279616,587074
279617,145830
279626,462231
279719,876134
279723, 91403
279750,774209
279756,442742
279774,643178
279782,793491
279786,504475
279788,778113
279794,520178
279821,460997
279830,441070
279845,459504
279883,500633
279886,450926
279888,479714
279902,510060
279907,764916
279909,799155
279918,613656
279930,119698
279932,494850
279939,604708
279949,743038
279968,643752
279987,579079
279990,438714
280001,876893
280021,574971
280024,489139
280052,877726
280058,457207
280117, 78578
280127,784913
280142,569672
280149,875610
280151,874901
280151,438236
280153,473675
280171,511339
280232,117302
280251,785303
280251,519637
280261,447545
280283,442941
280300,517219
280302,767192
280304,803505
280305,652636
280341,233867
280342,471046
280344,650838
280360,456681
280364,798172
280367,875011
280374,182478
280409,597701
280496,627505
280504,649552
280508,509515
280527,749632
280530,123904
280543,507654
280545,340198
280554,874629
280554,770175
280557,775500
280557,876488
280558,777908
280574,874109
280577,551664
280612,765089
280621,877604
280625,877236
280632,496021
280647,541032
280676,875997
280705,873871
280705,788089
280709,487475
280734,875778
280742,509373
280742,116703
280751,476368
280753,873479
280787,875733
280788,875726
280790,608938
280801,666376
280807,878602
280807,874866
280817,873717
280835,526561
280861,656612
280867,449306
280871,875998
280872,456769
280885,510812
280902,877380
280913,874685
280917,517774
280919,875412
280928,875016
280958,876070
280960,428769
280991, 60932
281005,645011
281006,875323
281022,604144
281025,876270
281026,611632
281044,461246
281053,437536
281062,874868
281065,485754
281075,449310
281075,494148
281093,521919
281102,749775
281117,875062
281121,877105
281147,873164
281171,611414
281174,201382
281188,795006
281202,876362
281204,106481
281231,875724
281245,625964
281247,769272
281248,876400
281249,874535
281249,875780
281255,877504
281262,876379
281270,783710
281273,507220
281317,765285
281319,785144
281328,497737
281331,877500
281337,763185
281343,135030
281349,876587
281353,178195
281353,757008
281363,877390
281366,471462
281380,876248
281393,875951
281397,469292
281403,805854
281411,876549
281415,780400
281424,301121
281428,874389
281435,450074
281440,875688
281446,875580
281450,545403
281454,487311
281460,464441
281495,875724
281501,431198
281508,742284
281510,878028
281511,516463
281518,126353
281519, 90100
281534,875415
281538,876606
281548,218148
281562,339508
281563,217405
281569,498031
281588,876639
281594,875916
281595,206940
281602,876828
281605,514368
281611,876017
281625,876605
281633,876591
281634,769857
281639,766383
281639,147223
281657,508395
281657,874937
281659,876997
281661,147661
281672,876711
281673,875740
281675,781785
281683,467569
281683,877721
281707,496154
281713,875664
281720,877627
281721,875137
281724,875739
281736,874310
281739,876553
281740,468880
281744,875994
281745,875257
281751,875364
281751,877113
281758,874877
281766,804799
281773,878517
281773,875941
281773,876338
281786,612688
281790,876403
281790,783041
281798,876762
281801,877209
281803,783162
281809,876152
281814,876198
281819,875856
281832,875502
281851,174603
281858,876112
281869,874904
281871,512524
281874,875448
281881,875444
281882,877220
281889,877132
281904,873898
281914,212178
281919,469873
281922,878042
281926,875885
281927,770659
281930,755740
281937,875673
281938,874016
281948,224470
281952,876769
281954,874998
281958,874865
281962,878373
281971,611872
281976,167724
281976,875084
281978,876668
281983,876984
281990,874097
281996,134461
281998,446581
282008,441200
282009,875173
282018,873504
282022,806649
282036,877890
282040,641519
282043,876058
282047,877284
282049,874828
282061,875596
282065,876120
282077,875032
282094,876027
282095,628542
282097,797411
282105,877513
282113,877219
282122,874096
282132,875536
282133,226933
282142,875605
282145,874366
282153,875487
282153,603036
282155,875774
282163,876969
282166,878275
282203,875773
282217,498655
282221,136676
282245,493697
282262,494709
282270,877919
282272,129772
282287,875972
282289,874754
282292,873546
282294,875819
282295,876162
282298,876247
282309,875897
282312,876931
282312,474167
282315,876072
282315,875509
282316,877599
282328,877507
282339,442628
282342,790133
282343,874569
282343,878236
282355,874788
282365,878732
282369,874799
282370,126340
282374,101187
282375,875303
282379,876799
282386,205704
282387,875296
282390,876539
282391,779367
282394,521418
282397,748498
282401,506569
282403,452020
282404,877666
282405,753655
282411,876404
282412,876802
282415,756548
282421,874988
282432,559933
282451,874408
282468,535853
282479,876776
282480,877023
282485,877588
282490,874866
282492,365692
282500,873950
282503,311209
282507,875331
282508,874231
282508,633557
282516,874548
282517,781222
282521,876350
282524,874947
282524,876642
282528,878099
282529,876238
282531,876381
282532,426557
282543,875622
282552,778322
282556,643595
282564,875516
282568,877591
282571,876045
282575,876946
282580,878096
282583,457159
282590,430594
282595,875288
282605,231722
282610,509570
282626,874869
282627,876016
282627,877837
282640,874369
282648,875947
282652,876307
282662,875590
282664,876376
282673,876495
282678,876216
282690,874944
282693,873995
282698,519735
282698,570925
282701,877261
282702,876629
282705,876547
282709,465262
282711,592956
282714,877564
282724,232512
282726,876922
282732,874699
282734,875742
282740,876543
282743,876277
282744,877287
282747,875141
282748,874617
282752,877121
282754,501360
282784,876109
282787,875998
282798,875906
282799,874997
282800,876019
282800,874033
282802,876183
282802,875119
282806,877205
282810,876163
282811,877404
282811,877844
282819,876836
282832,875564
282833,608724
282837,781356
282837,875818
282839,586774
282847,876412
282850,492506
282852,474798
282862,873642
282867,777662
282870,471960
282873,878164
282873,876111
282874,477588
282874,875997
282887,874952
282890,877354
282890,873917
282895,524738
282902,874543
282903,424539
282904,876326
282917,875171
282926,873581
282929,763162
282934,876807
282944,876189
282946,875613
282952,877375
282961,874352
282978,877028
282985,877622
282989,486959
282992,876548
282998,877353
283004,875275
283007,783494
283008,781699
283021,744146
283034,875985
283037,876210
283047,879055
283047,464077
283056,877550
283056,874567
283058,876134
283062,875076
283074,875697
283076,876149
283082,876072
283085,876218
283088,876055
283094,792181
283095,876635
283102,876858
283104,874649
283106,877112
283113,193299
283119,877548
283120,878518
283121,875470
283121,427506
283124,643670
283128,874817
283130,875973
283133,876842
283150,122365
283151,877085
283151,875635
283163,129047
283172,874788
283173,876254
283183,876123
283188,875200
283192,877150
283196,877601
283213,221874
283214,873806
283214,876855
283216,872678
283235,877101
283241,785376
283252,224061
283255,876594
283257,875623
283259,874083
283268,502863
283279,655901
283280,876586
283290,305166
283294,789698
283304,877065
283307,879145
283315,874517
283331,877603
283335,877277
283337,522518
283344,874446
283345,807199
283351,876430
283359,875424
283360,876396
283360,875802
283365,874724
283366,875547
283374,876251
283378,876769
283392,876600
283393,875655
283410,877153
283411,876773
283411,789726
283414,874708
283421,756010
283427,874135
283428,874339
283429,876249
283452,326344
283453,879575
283461,876129
283461,564377
283467,874689
283473,875148
283478,876139
283485,795939
283491,873575
283492,876325
283494,434452
283499,875975
283502,877886
283503,440162
283504,877374
283531,449931
283549,874953
283555,876523
283556,876490
283559,765717
283560,760314
283564,877616
283574,874914
283574,877993
283584,877319
283593,873136
283599,433912
283612,874623
283618,506118
283620,877004
283630,782012
283634,782593
283641,873218
283645,186119
283648,877240
283664,464227
283671,588325
283676,875985
283676,878615
283682,876975
283694,524334
283695,875217
283698,798231
283708,877750
283714,875992
283716,877062
283722,874542
283733,877667
283744,139967
283761,876723
283767,441389
283772,876421
283772,511268
283775,874510
283777,877722
283777,877001
283783,135779
283796,547207
283798,876692
283802,876373
283804,342478
283813,876556
283824,496998
283829,873578
283831,777900
283845,877730
283849,874752
283856,323230
283858,646434
283864,760570
283864,506836
283865,782110
283871,874920
283892,117518
283894,461147
283896,505942
283897,486244
283901,875003
283903,876593
283907,875473
283911,783052
283914,875397
283915,517583
283928,446872
283933,876605
283941,458758
283942,467396
283943,140347
283948,875429
283952,356202
283975,876287
283977,874288
283983,876408
283984,876106
284014,876366
284030,207793
284033,763532
284047,874819
284050,877202
284053,588504
284057,441307
284057,877808
284059,875794
284059,876135
284060,524253
284060,130238
284065, 76916
284066,873508
284067,878088
284080,876469
284101,217474
284102,806671
284109,875113
284121,448701
284126,874986
284135,875646
284147, 99980
284150,774631
284161,765645
284168,875379
284179,875473
284183,147446
284186,449029
284198,876679
284199,517236
284200,877603
284218,764591
284218,875675
284219,780284
284229,486510
284243,876490
284249,873241
284258,879287
284259,876225
284263,877326
284263,875792
284273,876894
284285,463648
284286,877045
284288,330189
284290,875119
284295,441868
284299,875840
284315,628775
284317,783597
284319,624689
284345,875704
284352,271581
284356,484442
284361,874616
284374,875287
284384,874901
284385,478919
284387,526555
284415,874856
284419,876790
284425,876469
284427,876726
284441,348820
284445,875963
284451,422341
284454,875905
284460,483504
284479,877403
284484,650227
284485,878620
284489,753266
284498,183300
284508,876991
284521,873720
284532,528118
284548,489433
284556,878213
284557,479507
284566,585313
284580,876694
284584,875462
284615,465753
284615,431484
284619,875487
284623,590109
284625,876241
284630,462033
284635,441747
284652,875438
284657,876920
284664,470116
284691,872400
284713,461380
284716,657822
284723,875387
284730,876498
284731,776650
284761,776288
284763,782215
284779,875890
284793,876937
284797,876077
284799,876731
284804,804823
284815,365778
284821,680958
284834,876003
284836,765689
284855,455896
284877,735208
284893,193376
284898,518252
284900,643473
284924,877588
284932,877536
284935,773647
284940,763666
284951,780620
284954,877451
284955,786368
284959,469598
284986,875035
285024,503016
285027,874955
285033,139394
285039,801364
285078,147709
285083,785725
285083,774978
285124,753783
285137,228128
285140,762050
285148,497561
285149,778364
285165,801052
285186,439770
285189,747714
285200,778824
285206,876529
285234,875336
285242,875151
285253,743058
285256,875407
285260,777641
285272,485333
285273,506059
285288,547898
285292,875856
285318,877589
285336,425764
285337,480647
285350,876607
285358,874822
285380,325828
285407,767924
285443,752293
285443,784907
285496,784731
285516,138164
285532,649050
285547,503242
285547,790694
285565,639815
285584,636562
285591,138907
285593,768880
285608,433485
285616,783111
285639,644086
285649,127060
285655,877319
285660,556150
285664,765351
285683,535184
285689,768284
285699,471828
285699,750752
285706,464383
285719,222506
285724,120124
285729,472446
285733,165558
285736,378591
285747,446702
285747,806281
285750,578776
285754,431423
285756,774718
285762,798827
285786,496685
285791,444117
285809,443645
285830,450526
285834,175413
285847,779333
285851,538946
285857,773350
285873,527027
285883,367263
285887,216794
285887,761642
285928,805653
285931,443358
285945,471643
285957,490958
285962,874058
285974,775079
285978, 93880
286086,509006
286128,875406
286134,461928
286137,365269
286138,393727
286144,696828
286146,100841
286152,359420
286165,440770
286179,340030
286182,604651
286185,596089
286208,455668
286227,766913
286243,783153
286265,782190
286274,491997
286279,768658
286282,502527
286285,282063
286289,774833
286297,643783
286305,140676
286348,777503
286353,776407
286357,192870
286371,334763
286406,333820
286435,596520
286439,444665
286460,312335
286464,526907
286467,171464
286498,664144
286521,521681
286525,429999
286565,484515
286583,514486
286587,780576
286637,664231
286644,250086
286648,517004
286676,497415
286687,794061
286696,147354
286713,501180
286731,764941
286738,778913
286746,794329
286747,117641
286772,752663
286775,450132
286800,530912
286806,317854
286807,472693
286823,210280
286842,781238
286859,635962
286896,777748
286925,467493
286928,332292
286953,791286
286956,624577
286990,588584
287012,498595
287015,784539
287015,502585
287093,525352
287096,818137
287108,775480
287108,505251
287116,604792
287124,625257
287125,512533
287137,790712
287149,469486
287161,211799
287164,765415
287198,102336
287221,225148
287232,511973
287233,589108
287242, 87151
287251,203165
287253,488035
287279,597918
287294,456346
287308,743532
287327,744280
287402,539844
287405,623366
287407,516110
287410,773745
287434,525155
287444,493781
287459,762555
287493,761371
287499,755570
287508,762313
287512,753434
287537,168137
287575,475106
287593,646882
287604,772710
287610,187456
287634,676088
287650, 85971
287677,744345
287698,511161
287706,745406
287715,317186
287760,497147
287761,145524
287770,483444
287835,513275
287860,144267
287861,338042
287873,760646
287890,675821
287894,757306
287896,452692
287896,435153
287901,456462
287914,750768
287933,677846
287986,659537
287986,597080
287989,783805
288001,797202
288006,489888
288019,521613
288027,642014
288073,298561
288089,144065
288099,174794
288114,490201
288126,506750
288129,240969
288142,590106
288149,124612
288151,785441
288158,756262
288179,461795
288228,407434
288228,518862
288248,536797
288248,763368
288250,762117
288256,227462
288259,766556
288296,485910
288298,771316
288303,776263
288308,153294
288329,370339
288370,100093
288392,119438
288408, 80383
288426,472533
288434,769885
288438,774854
288443,787419
288448,121466
288465,781873
288467,777474
288487,782306
288489,540832
288496,488411
288497,312663
288502,168620
288506,506544
288531,120397
288538,487997
288551,784606
288553,589350
288559,786565
288577,583791
288583,773215
288588,570562
288598,559393
288604,444068
288606,658130
288615,199316
288625,780875
288636,755393
288660,802058
288679,440341
288699,119881
288740, 73199
288750,535477
288750,462244
288759,791203
288798,469829
288814,755662
288818,673745
288830,474044
288840,430873
288854,139560
288863,769007
288878,769488
288907, 97716
288916,803373
288946,591793
288950,134058
288955,472909
288970,770420
288972,563212
288976,502350
288998,448000
289051,212230
289070,789734
289079,757470
289080,449432
289119,769704
289123,496510
289132,784499
289150,167403
289168,312109
289175,785018
289224,490905
289233,596418
289241, 87337
289251,762909
289261,785400
289274,784676
289274,525568
289294,184486
289336,494897
289339,496011
289355,434287
289375,475585
289380,468028
289397,564838
289404,229073
289408,490404
289420,496859
289435,175263
289440,438018
289440,742954
289451,471541
289453,640355
289459,121442
289486,465247
289488,594657
289501,534249
289508,498484
289529,768370
289541,524436
289541,762994
289546,201877
289551,243277
289590,515134
289606,661407
289610,502307
289617,763899
289647,461245
289652,140345
289652,389194
289681,344833
289696,511396
289697,767150
289710,644002
289711,500134
289741,218027
289762,110119
289762,762251
289763,690574
289772,685641
289777,122814
289787,625308
289809,196795
289822,488559
289840,223004
289843,489572
289869,517927
289880,136214
289905,765826
289919, 69692
289939,137691
289966,764074
290016,756698
290023,197891
290028,119972
290036,777182
290039,773560
290041,601949
290043,752322
290044,166642
290057,781885
290071,368373
290073,519247
290085,490566
290099,486322
290118,527671
290121,776016
290126,258366
290156,572821
290180,466267
290182,499238
290201,780918
290211, 84775
290230,775794
290249,768407
290266,514135
290268,463535
290286,792293
290333,514688
290339,757400
290357, 80106
290362,206955
290376,777525
290381,482581
290396,775764
290399,311170
290405,567511
290422,382493
290424,765665
290437,508700
290447,472877
290460,517733
290468,756470
290469,460920
290491,513455
290508,483319
290526,788473
290531,467244
290552,105748
290580,107937
290585,779454
290610,148737
290618,283906
290626,535028
290630,105365
290639,785153
290646,794999
290658,513326
290660,636302
290669,755474
290678,648610
290678,776312
290682,469116
290708,772934
290714,492294
290722,526466
290731,468117
290772,417779
290800,156230
290807,357915
290816,781717
290835,327163
290835,111924
290842,120649
290843,491077
290849,169417
290871,482095
290880,131951
290887,503084
290909,783901
290917,496014
290965,683847
290990,247476
291036,469147
291049,218257
291068,778914
291084,225190
291104,640100
291111,478297
291124,591824
291131,477628
291173,696852
291206,471770
291246,625591
291255,649653
291255,139485
291263,499544
291338,150969
291350,758923
291386,611889
291392,112406
291415,777067
291421,449183
291456,141828
291465,178901
291475,788900
291477,620793
291480,472517
291506,324326
291507,766182
291508,773973
291542,565160
291556,205314
291579,474481
291588,752880
291588,803610
291602,453545
291618,780825
291652,236898
291674,108445
291679,494094
291697,134622
291706,753723
291735,589918
291740,282256
291753,208811
291756,770447
291790,770085
291820,758757
291869,512143
291886,626528
291892,798038
291925,646811
291927,522964
291933,615020
291965,513097
291969,606044
291973,368816
291981,300102
291996,742115
292007,640938
292021,764913
292022,213734
292024,483309
292028,749519
292036,135640
292040,258687
292056,766599
292067,579842
292068,591557
292075,217567
292102,759529
292119,777695
292150,546399
292168,783845
292206,750897
292215,589381
292220,498481
292221,225720
292236,749533
292256,131617
292271,624732
292293,760780
292295,776644
292309,571427
292331,773633
292338,139547
292347, 79626
292356,764899
292372,768062
292375,145426
292383,324053
292386,134958
292389,480052
292390,569091
292405,751155
292406,684380
292433,768602
292452,793149
292467,604173
292475,794690
292486,469335
292496,139644
292500,778323
292522,761158
292535,125924
292535,470342
292538,804673
292538,791145
292556,765177
292558,148167
292559,752099
292560,790123
292565,777560
292589,786476
292605,294151
292605,300854
292620,433500
292624,177444
292659,419734
292715,643367
292720,784757
292727,783781
292762,776049
292764,753398
292773,580751
292792,752373
292809,448730
292811,621176
292819,110404
292821,738745
292822,772836
292822,734149
292830,197187
292893,157493
292904,342165
292914,491766
292929,762322
292952,795153
292953,565178
292960,522765
292964,641473
292964,765593
292977,679866
292984,140147
292993,211004
293001,456666
293003,470070
293019,455434
293033,755377
293039,782273
293063,515416
293071,784338
293101,505850
293112,614297
293114,760774
293175,786298
293180,622348
293190,655706
293197,212877
293200,765360
293200,451676
293203,487032
293214,771887
293220,782327
293222,785313
293233,779486
293252,795997
293262,498102
293275,634979
293329,808671
293345,336491
293351,760888
293358,794070
293358,479009
293362,239304
293380,769495
293382,168630
293387,762878
293395,149036
293395,787844
293400,130391
293427,215496
293438,788457
293450,214505
293464,782028
293472,797270
293483,136578
293488,184119
293500,105303
293520,115197
293540,119122
293555,218076
293560,486389
293571,211000
293613,767313
293626,765361
293628,784398
293638,780903
293642,138640
293651,218915
293658,784918
293660,769515
293667,782253
293680,778995
293685,214241
293707,165275
293715,515421
293771,789344
293772,754031
293774,789067
293781,437766
293790,144029
293815,163577
293817,253581
293823,490615
293824,508702
293829,536139
293831,776761
293857,762976
293869,634407
293872,122028
293882,769035
293898,631531
293906,777041
293912,780325
293924,779902
293945,108316
293958,537809
293975,804602
293975,802202
293978,501890
293978,420369
293983,781850
293998,130299
293999,129567
294005,231230
294010,767984
294019,540140
294027,144310
294028,534692
294034,141493
294038,526115
294042,778203
294053,630514
294062,766766
294065,674479
294073,774749
294109,140258
294114,607706
294125,595999
294157,800677
294163,322429
294176,753668
294176,444289
294177,454569
294198,112971
294198,760918
294200,421559
294207,480392
294222,222541
294224, 75205
294233,477631
294238,350382
294241,743678
294261,105606
294280,218786
294287,219783
294293,802622
294306,109246
294320,540904
294326,487606
294327,332786
294328,477046
294334,482117
294353,403531
294356,799146
294369,764153
294375,664052
294384, 82942
294387,327440
294390,481086
294400,533292
294422,448788
294451,499096
294453,477997
294468,456272
294472,143380
294478,748615
294508,183998
294512,348592
294541,495662
294545,769649
294566,803500
294575,241202
294576,602815
294583,605565
294593,513926
294595,768222
294613,484498
294616,782064
294655,759141
294657,639256
294698,347794
294698,781979
294705,145030
294715,624491
294748,138220
294761,758420
294766,795301
294767,125684
294784,762158
294790,532574
294806,357586
294819,749636
294836,350742
294842,772334
294848,767313
294855,434143
294855,795210
294856,585220
294868,767933
294876,653574
294877,465997
294878,664595
294880,323972
294881,578285
294881,321697
294882,798222
294884,311427
294886,772320
294887,492078
294910,780985
294929,149966
294929,737430
294932,588020
294941,470900
294957,763613
294962,779577
294962,499483
295007,768121
295022,568650
295025,277976
295041,447041
295042,786555
295043,746002
295049, 66790
295057,144219
295060,101154
295061,767237
295070,767099
295086,763459
295093,632409
295098,480700
295109,781193
295110,471612
295145,353180
295153,793794
295155,179784
295184,758079
295187,812825
295191,332271
295193,482813
295197,350042
295200,797267
295205,222286
295226,763517
295234,587844
295250,762145
295251,118272
295293,452808
295311,584566
295335,143104
295339,785120
295350,136591
295354,791404
295359,189502
295365,577417
295371,499782
295374,148789
295375,785592
295378,746607
295383,305783
295392,596446
295412,751092
295416,748966
295419,772132
295440,772130
295441,456761
295453,320612
295455,489185
295463,675833
295467,161850
295478,462354
295506,486418
295529,762456
295538,120143
295545,491716
295581,778073
295598,766677
295634,335990
295639, 99076
295640,597339
295640,466612
295646,774640
295657,150412
295669,327769
295687,671354
295694,778576
295699,308664
295706,635595
295708,763619
295714,437000
295733,774240
295742,343225
295767,502325
295808,178959
295811,221071
295821,440959
295823,518063
295827,770976
295840,517155
295843,773530
295851, 82231
295868,611520
295870,756860
295888,365753
295892,772054
295926,231666
295937,761265
295969,793868
295975,227302
295976,108390
296004,782186
296017,495743
296018,519870
296062,764454
296062,143189
296073,317583
296119,230258
296125,774344
296140,772373
296151,626103
296155,248412
296161,646005
296166,355026
296166,137204
296178,773375
296190,780159
296205,608672
296210,606382
296238,770879
296246,766808
296249,120178
296253,777516
296255,778645
296279,766099
296345,163434
296347,765462
296348,627804
296350,749693
296370,464507
296386,571692
296392, 71297
296414,762420
296430,364907
296437,509623
296444,601277
296453,762572
296460,290865
296464,777089
296475,751680
296505,760312
296520,759228
296520,536269
296529,789872
296533,795315
296561,781481
296568,778760
296583,532067
296585,508297
296587,491945
296588,366302
296601,630204
296618,812446
296665,142803
296668,615944
296673,737622
296678,615438
296682,188057
296683,622839
296684,770006
296711,420549
296713,454103
296737,762589
296740,147121
296782,436504
296784,770040
296793,766322
296833,431349
296838,211088
296859,784651
296872,491257
296885,769484
296886,438073
296889,188488
296891,470819
296911,762863
296924,744738
296936,220873
296954,339120
296973,130863
296980,533360
296989,503061
297019,764683
297026,791215
297040,769372
297056,576345
297070,775463
297073,745795
297083,640598
297092,144555
297098,362280
297100,736254
297110,530673
297125,764416
297126,383445
297130,491816
297134,515899
297137,529897
297140,637584
297145,773937
297155,285317
297157,474319
297164,777218
297180,799975
297200,219770
297208,333103
297215,187471
297218,110578
297223,766977
297226,490969
297229,654862
297234,161715
297275,786527
297299,449392
297303,465855
297303,120496
297305,785802
297319,771885
297323,539222
297325,487920
297326,144931
297329,135558
297367,801622
297372,763365
297402,320340
297428,306140
297432,762773
297457,144993
297458,538826
297458,253347
297473,130266
297482,203056
297482,104530
297521,739634
297532,227388
297533,159407
297536,140703
297538,781936
297544,184370
297551,766361
297558,304162
297565,144548
297575,548416
297585,519259
297596,364832
297607,248158
297610,761651
297620,765825
297623,786646
297662,611370
297675,764590
297682,774700
297687,247214
297693,756879
297696,793230
297738, 74526
297744,525925
297752,763959
297759,751862
297777,256012
297781,455606
297827,329511
297850,497301
297875,374133
297924,572864
297942,769027
297947,770196
297953,632514
297959,185576
297967,771523
297973,150601
297981,755632
297989,774443
298005,473264
298005,781786
298057,596877
298063,226696
298072,467498
298073,231112
298108,786926
298112,349952
298118,501961
298126,781807
298127,491044
298190,797199
298192,766040
298241,770655
298243,148127
298273,640552
298302,760401
298310,192590
298312,806751
298317,139681
298338,329283
298376,155817
298382,651349
298386,454953
298388,767135
298426,806006
298437,757174
298455,754957
298456,338598
298465,100134
298467,138724
298472,136910
298492,324371
298504,769720
298513,147552
298520,505927
298530,752894
298533,794291
298540,368473
298565,781446
298569,768077
298577,493796
298583,111370
298585,381696
298591,792939
298592,204243
298613, 69217
298615,805299
298639,464052
298659,135385
298661,793505
298670,470724
298696,130745
298717,755844
298718,782696
298719,187897
298726,202006
298737,354558
298749,377624
298773,771220
298799,783586
298812,154928
298828,234045
298837,793198
298844,759996
298866,487873
298873,352382
298879, 82000
298890,481743
298935,135568
298944,772588
298944,755695
298954,106193
298956,120879
298963,323324
298968,788726
298996,782072
299008,492703
299026,750846
299033,304934
299048,770818
299059,750594
299065, 96378
299072,772357
299076,747475
299078,485281
299084,783867
299106,528095
299115,213020
299118,772019
299138,119474
299141,146479
299145,782387
299149,366248
299149,792179
299150,257760
299157,466124
299175,493058
299181,512120
299182,770972
299186,133601
299197,766394
299203,787492
299207,766916
299232,770324
299235,767628
299248,591323
299260,789265
299268,250755
299280,356313
299320,447085
299320,793005
299323,775060
299353,583659
299366,783405
299390,501626
299411,351831
299413,486024
299430,786951
299435,468310
299442,433442
299447,194668
299454,786825
299455,325597
299492,756586
299504,762409
299561,632106
299566,518117
299593,226715
299605,771258
299612,137388
299625,717419
299631,770802
299632,780857
299634,483480
299637,389368
299652,227899
299652,450900
299655,191462
299668,168110
299671,785087
299674,785696
299683,750858
299695,788214
299698,626056
299698,773551
299702,790598
299704,128607
299729,525552
299758,623253
299787,484284
299809,616978
299810,307247
299843,461862
299844,778149
299848,810116
299852,770611
299872,749257
299884,477409
299892,311873
299918,785524
299945,610805
299971,529627
299984, 87354
300016,759010
300034,660277
300043,496808
300044,767256
300056,759433
300071,728857
300090,759894
300119,757625
300201,772662
300203,193760
300204,457599
300210,105991
300218,798104
300219,779889
300234,740367
300252,348113
300256,782987
300259,476122
300263,641709
300267,178300
300268,771375
300279,797043
300309,671076
300319,756067
300351,479839
300357,434623
300365,448170
300367,484581
300378,790863
300384,777942
300385,235336
300385,777434
300426,318558
300440,777443
300445,614457
300469,184015
300490,505118
300501,489306
300502,472070
300517, 55181
300533,147457
300535,808014
300540, 99841
300553,291389
300555,779098
300558,271515
300584,486654
300598,250434
300619,349504
300629,307739
300639,777783
300640,777894
300646,775908
300657,238963
300675,475869
300681,190303
300683,148501
300684,774870
300690,773944
300690,171082
300691,586745
300693,149503
300719,229459
300721,772453
300725,248255
300727,489861
300729,337257
300743,242510
300756,338959
300762,210488
300766,471901
300784,201893
300800,101210
300814,798818
300834,765204
300841,502247
300842,779890
300845,527519
300846,627067
300861,781231
300869,196350
300910,672482
300913,174161
300929,657373
300956,250976
301002,638681
301017,163752
301020,771094
301022,780087
301081,796920
301086,771547
301095,771630
301103,583909
301114,493978
301120,753448
301151,776729
301202,637197
301239,653826
301256,623085
301261,254238
301280,777531
301284,328992
301285,777598
301324,135198
301332,433975
301333,774849
301364,626729
301368,791778
301369,137475
301372,523104
301372,450235
301377,778980
301380,777146
301386,740840
301386,489539
301389,761518
301391,769403
301405,786252
301419,506228
301443,764266
301444,804291
301457,795415
301462,614658
301462,753539
301464,788672
301479,789369
301484,207847
301485,783523
301494,213413
301499,345613
301522,184520
301523,474953
301540,475968
301573,140364
301575,778839
301581,767043
301593,789584
301599,327507
301635,771895
301641,759740
301644,461969
301648,783064
301656,370683
301670,531225
301672,792993
301679,765109
301700,597544
301718,786612
301725,769683
301733,152703
301737,215845
301776,780910
301780,134127
301783,763817
301796,493994
301820,342783
301840,761355
301841,739498
301863,777049
301883,488770
301893,284103
301902,740158
301905,781181
301923,766605
301936,749660
301947,130820
301960,757501
301991,626716
301993,123054
302002,294134
302004,774046
302011,781585
302015,214094
302036,315332
302047,472837
302049,195154
302052,611275
302067, 59288
302067,758610
302082,474234
302084,606178
302091,239291
302096,794456
302097,195112
302105,105381
302108,101652
302112,483205
302115,582960
302132,648539
302140,117586
302143,779950
302178,766709
302180,208966
302186,762970
302189,759012
302196,803680
302222,244842
302224,766012
302227,208104
302237,812333
302237,329760
302248,206586
302255,481145
302267,510895
302269,743633
302279, 89029
302288,121475
302299,779755
302351,479933
302354,772985
302371,311603
302376,558302
302378,614333
302388,499357
302397,604811
302426,312609
302426,190821
302433,780259
302436,786295
302532,541801
302532,502129
302534,479521
302558,150740
302560,777105
302566,195764
302567,210974
302596,123445
302614,759110
302620,767196
302621,499862
302624,132716
302642,524263
302644,381176
302667,454477
302674,761458
302679,783630
302689,788489
302739,143744
302748,790115
302766,771030
302767,369139
302777,733926
302802,685099
302833,300653
302839,633419
302880,770522
302895,192545
302907,752023
302927,778959
302929,626375
302942,130332
302957,106739
302964,790131
303010,773628
303010,538377
303011,331370
303017,774321
303021,144485
303021, 65308
303039,149723
303039,665922
303052,777297
303053,514678
303066,453849
303077,212548
303079,788771
303160,105923
303178,760133
303184,499468
303195,759086
303197,798565
303216,797623
303219,792024
303229,776962
303230,111242
303230,680272
303237,485671
303240,482310
303270,754463
303277,473112
303286,156058
303291,777288
303304,593227
303316,329230
303338,746406
303355,635662
303379,798958
303398,300286
303399,146117
303402,239334
303440,766848
303444,751463
303475,741776
303482,354746
303496,108262
303505,211019
303525,831870
303528,207137
303532,561547
303535,683089
303544,321858
303547,211085
303563,750984
303583,780035
303603,768573
303628,129520
303631,258779
303637, 71937
303645,511348
303652,782132
303656,308912
303658,757991
303673,773305
303675,771274
303682,128599
303686,758775
303695,748478
303729,475106
303748,778770
303767,766682
303768,502312
303770,145647
303787,660673
303790,755597
303794,645198
303819,761783
303825,653522
303827,428706
303837,453697
303874,815292
303915,625505
303934,745906
303954,753494
303963,758830
303976,769490
303982,200275
304000,309432
304003, 98046
304011,491246
304014,772006
304017,764633
304038,763585
304054,784977
304059,765453
304067,621227
304067,775295
304071,115210
304081,806036
304105,153786
304106,136034
304114,653386
304119,764515
304139,245027
304145,770894
304151,779896
304152,113500
304156,250253
304157,350166
304164,792508
304165,329754
304167,489937
304167,759352
304168,312856
304168,643871
304175,753504
304193,209744
304200,737190
304203,770797
304206,764592
304212,754594
304219,123722
304220,412863
304221,207583
304223, 65309
304243,781415
304246,161206
304290,128067
304292,323645
304298,787415
304300,202790
304313,673545
304317,233884
304337,356860
304348,773673
304357,761291
304373,348401
304377, 47102
304383,656688
304395,110249
304396,204291
304428,765075
304441,456713
304441,142735
304444,783261
304466,463207
304469,773385
304472,615942
304509,804998
304511,513207
304522,788928
304524,447546
304525,215310
304531,324962
304546,107542
304550,616043
304563,484552
304571,123768
304592,781109
304612,695972
304627, 82619
304635,239114
304652,487449
304686,771407
304712,211941
304725,774052
304733,100598
304734,193986
304740,506074
304747,594853
304752,498153
304769,757506
304772,771711
304782,772415
304797,764156
304800,774015
304824,641118
304848,148762
304848,352613
304859, 90544
304862,774648
304935,727061
304950,762230
304966,233041
304984,100269
305009,349390
305018,339936
305033,763367
305049,773858
305064,269863
305069,785560
305072,354510
305075,758174
305086,644277
305091,146396
305099,674782
305103,755577
305109,783319
305113,502619
305117,486189
305126,783743
305128,783953
305149,236532
305151,777037
305176,772515
305184,123188
305200,643262
305203,796321
305218,212115
305220,511303
305234,336562
305236,774245
305247,770251
305258,772758
305273,297977
305275,764629
305277,299104
305289,185384
305304,530759
305310, 62450
305316,342180
305331,770240
305368,632473
305379,148990
305379,112387
305379,619206
305394,204446
305415, 98191
305416,749353
305439,744948
305450,362773
305473,420443
305486,523649
305506,466631
305511,488804
305520,220517
305525,192502
305526,783476
305536,629721
305545,317014
305549,767294
305552,765638
305559,637141
305598,814289
305599,508419
305603,619684
305607,149269
305647,368495
305661,673617
305664,692305
305672,761896
305675,765193
305682,731352
305688,760097
305697,763000
305699,761146
305705,475574
305709,437964
305714,600602
305722,758473
305738,784539
305742,201519
305743,319524
305772,218445
305790,214034
305805, 86823
305827,192740
305830,466926
305855,770855
305859,214024
305860,365118
305878,624405
305879,210339
305898,623448
305910,342844
305915,168714
305933,355591
305934,381598
305938,764655
305941,274504
305943,195994
305955,162162
305959,774097
305973,221176
306006,743261
306007,107041
306027,117706
306029,493163
306036,796836
306038,782675
306054,135595
306055,122376
306060, 76142
306077,660693
306083,760088
306101,800162
306143,791732
306161,759959
306167,802170
306182,787245
306191,654145
306192,768663
306208,774486
306212,776671
306231,440739
306232,563367
306235,109479
306240,154744
306249,777374
306249,737250
306258,764307
306267,788130
306282,193082
306340,782298
306341,785932
306344,226158
306344,778834
306345,216186
306347,331020
306348,771794
306353,440209
306355,217286
306355,720738
306356,146290
306358,208362
306368,330571
306378,777175
306387,497096
306391,104353
306401,135362
306408,304800
306427,316983
306469,148389
306472,624792
306475,766778
306485,517749
306489,776715
306491,771052
306508,650746
306514,770365
306517,656867
306523,319553
306531,756468
306534,743238
306537,306409
306548,528715
306559,772092
306559,567614
306560,781686
306572,255386
306594,498417
306598,121865
306606,473131
306613,753258
306619, 91648
306620,112414
306633,511784
306648,649574
306669,321948
306675,488374
306680,190155
306689,638802
306701, 54296
306705,751310
306707,510661
306715,115057
306732,760849
306732,760834
306737,215477
306738,737872
306750,459479
306787,799735
306791,612500
306798,151943
306800, 87872
306804,750732
306821,250821
306843,656632
306843,629780
306921, 95716
306930,621020
306941,630271
306947,589072
306960,768188
306963,559181
306963,272002
306971,776171
306998,426711
307025,202592
307045,634007
307050,776773
307068,679369
307089,765268
307091,678023
307117,824011
307120,792107
307127,769545
307130,247176
307149,494799
307150,483707
307151,607308
307157,771686
307165,787438
307180,476019
307182,769783
307191,220575
307202,642065
307212,328497
307228,592219
307233,128482
307236,457327
307236,656295
307245,805132
307256,135750
307259,244973
307268,777715
307272,630504
307274,775565
307283,333156
307295,775751
307301,226755
307310,758127
307310,779482
307312,760132
307319,738880
307349,757327
307361,346067
307362,783294
307373,218990
307375,798686
307380,469297
307382,763939
307385,589861
307406,311196
307424,325969
307431,743423
307453,775327
307458,788105
307458,774523
307504,774484
307509,654395
307515,752642
307518,784123
307531,758063
307533,225380
307538,765688
307559,788843
307575,226028
307592, 94063
307593,789351
307610,781897
307615,567835
307620,791643
307634,670852
307640,281377
307640,504761
307646,368326
307647,752114
307661,788079
307664,460772
307665,327837
307685,740943
307689,764416
307703,778578
307704,772093
307716,764619
307718,133379
307720,226931
307732,787719
307752,229923
307782,774141
307790,770632
307793,327584
307811,130488
307813,332727
307835,205630
307840,728159
307841,601292
307843,498186
307848,146645
307849,761680
307879,768326
307894,121153
307897,770442
307906,803512
307911,782341
307919,103550
307937,234625
307942,794917
307980,192547
307983,754692
307991,512829
308010,127676
308028,790125
308030,349575
308044,515126
308070,103282
308073,156712
308074,771785
308075,134456
308076,530680
308099,444722
308110,805894
308117,747752
308121,517364
308147,793693
308148,770316
308178,761327
308185,762854
308193,664265
308199,785356
308207,447550
308207,343882
308209,773446
308217,105482
308218,330810
308246,508216
308254,351070
308261,753103
308268,758015
308273,468660
308295,819815
308300,307099
308302,766597
308306,535761
308306,446593
308328,480159
308333,783668
308336,122546
308341,358145
308341,798329
308342,146300
308342,124307
308343,221361
308352,475899
308356,126560
308361,758857
308362,779410
308370, 93045
308381,637174
308383,524636
308436,572931
308442,608365
308459,569893
308463,438485
308476,561799
308515,768548
308533,772398
308560,769325
308574,100307
308575,352364
308593,588827
308599,784800
308611,772874
308638,215734
308668,361794
308675,789302
308680,205028
308681,207351
308682,502977
308683,214731
308695,808849
308701,798951
308723,462707
308738,118462
308745,330988
308749,196959
308763,274120
308765,794812
308775,783298
308788,621691
308790,458733
308795,456310
308801,519133
308818,754297
308820,445140
308833,733300
308851,503298
308856,207138
308862,212620
308869,522139
308870,650942
308878,815447
308884,677255
308891,770675
308902,778515
308906,767798
308920,774967
308922,197774
308926,303455
308929,209245
308932,757292
308948,532955
308954,771076
308957,317108
308984,611089
308992,187699
308999,764395
309000,794197
309003,492110
309004,323332
309009,118449
309011,766134
309014,290106
309017,487199
309035,761807
309066,184456
309080,808993
309081,226026
309097,602211
309106,776512
309147,339057
309162,333785
309170,626480
309187,203824
309206,763243
309208,619936
309217,792661
309236,267048
309257,117223
309272,327573
309276,509428
309278,129153
309282,791989
309284,331452
309291,797206
309294,483596
309296,771005
309308,104511
309326,637977
309327, 80950
309341,642580
309362,177475
309364,777870
309385,792752
309420,767774
309429,108423
309450,  3264
309494,200195
309507,605838
309508,772012
309513,804187
309521,491097
309531,759675
309539,777132
309545,226425
309554,309895
309647,520692
309651,773012
309670,600926
309673,771826
309679,549623
309712,793259
309719,466302
309722,775878
309751,180894
309752,181623
309759,786727
309760,797923
309761,230216
309766,763629
309778,217527
309788,785895
309789,358842
309791, 83657
309802,797983
309817,111396
309824,776539
309827,788333
309846,770764
309850,775924
309854,482677
309854,480296
309858,607319
309870,353670
309886,779907
309891,763709
309895,599401
309895,799249
309907,773752
309908,796476
309915,350842
309923,773291
309940, 69264
309947,769748
309960,766224
309986, 84090
310007,759836
310017,744347
310029,146768
310038,218159
310045,123419
310051, 58447
310055,755616
310065,204188
310074,513207
310080,335178
310124,474971
310136,293297
310140,125895
310141,773959
310161,545606
310167,147249
310199,309476
310206,765135
310207,124833
310238,340121
310247,501603
310249,204787
310255,340721
310261,611796
310289,485592
310302,586106
310316,768496
310322,787990
310334,561024
310337,324988
310338,548938
310355,759831
310397,162845
310411,196450
310423,145299
310429,143380
310442,774918
310458,354068
310460,783956
310473,787242
310478,780940
310484,483957
310506,144851
310529,242301
310542,754286
310569,663613
310580,136547
310588,116055
310590,440585
310602,741261
310605,784019
310610,211512
310611,, 0
310621,790267
310635,626782
310642,777934
310647,792426
310675,766512
310677,772241
310678,765699
310707,228924
310708,515317
310714,773088
310723,738642
310726,438043
310744,105736
310749,772366
310758,116275
310764,230114
310780,578572
310780,509411
310796,777748
310801,484883
310803,753273
310811,791083
310820,631138
310837,807614
310855,294615
310859,766615
310873,767861
310883,793847
310883,774882
310897,653835
310901,769484
310902,510321
310904,116273
310938,120250
310966,650474
310973,619673
310987,139382
310992,203852
310995,780467
311041,486512
311061,162365
311065,133470
311091,779131
311111,195518
311157,769023
311161,613334
311192,244330
311225,770258
311244,614131
311290,231016
311296,493608
311302,654388
311304,761375
311308,778796
311348,791090
311352,341843
311361,789691
311366,157555
311368,792714
311371,193763
311375,130522
311405,767563
311421,760406
311457, 87999
311464, 94311
311476,799278
311487,783491
311487,201987
311488,496255
311498,753140
311508,608787
311512, 90003
311514,791578
311517,161630
311527,145567
311527,644149
311536,245898
311539,310371
311543,767975
311588,769381
311600,120338
311623,760800
311633,767273
311667,122151
311672,326533
311677,676042
311688,797260
311689,612170
311714,358142
311723,238884
311734,630859
311748,113360
311755,499643
311775,164240
311781,103772
311783,779286
311800,240161
311809,333777
311810,768482
311817,476618
311872,783387
311880,818788
311899,130323
311909, 88829
311918,752625
311923,771114
311931,171433
311931,349828
311932,601204
311953, 91693
311977,767824
311996, 55534
312010,215796
312023,760924
312029,367375
312039,201253
312061,134667
312063,769200
312071,795477
312074,110717
312089,316467
312098,627721
312104,760237
312118,781760
312125,192096
312129,777331
312135,637553
312136, 84684
312159,124177
312176,787280
312216,146549
312217,768381
312229,768934
312232,197534
312242,115892
312259,346616
312261,763657
312263,742150
312272,478705
312285,771203
312295, 85971
312304,219742
312312,608724
312325,359903
312338,346246
312347,211054
312351,498425
312351,201175
312357,792537
312369, 38937
312385, 85301
312395,538574
312396,807964
312401,122751
312403,180418
312413,775927
312415,158616
312415,390957
312448,525152
312468,324133
312469,785418
312480,138793
312480,766956
312493,791121
312505,133268
312539,234928
312544,766960
312564,441476
312571,339723
312583,118037
312587,532663
312593,768582
312602,772249
312608,215610
312617,183077
312635,773437
312650,450122
312651,101383
312655,769334
312656, 99484
312684,772165
312694,341561
312699,787557
312700,107926
312705,304034
312714,774439
312732,511334
312748,779765
312765,610665
312788,302140
312793,502901
312799,240873
312802,217473
312812,582672
312831,745613
312874,208562
312913,125686
312930,307375
312943,790365
312951, 77119
312961,150543
312962,797967
312972,774761
312988,347970
312989,296072
312990, 92245
313017,777378
313030,366424
313031,182912
313053,798918
313057,769437
313060, 80280
313076,798165
313079,198123
313081,478107
313086,784882
313089,748762
313121,748549
313155,673429
313168, 67925
313170,111870
313183,578616
313190,674647
313194,757771
313219,634513
313227, 92273
313247,128140
313275,644814
313281,328101
313284,786043
313287,503841
313291,794658
313300,757722
313317,259016
313335,790538
313351,198773
313358,353627
313360,120638
313376, 99019
313379,656195
313383,496348
313384,342614
313409,328986
313415,779708
313427,186872
313430,784150
313434,774127
313436,583612
313438,780275
313444,737823
313449,515597
313455,769067
313461,831418
313475,203399
313487, 61991
313497,555638
313514,755200
313538,345887
313542,185949
313543,310417
313545,794641
313557,122613
313589,757758
313590,224333
313610,168181
313616,617305
313621,140865
313626,215000
313629,190710
313637,748568
313646,119376
313650,788387
313666,811043
313668, 89158
313675,647124
313696,792294
313750,785280
313751,769031
313754,206443
313758,245907
313758, 89128
313767,494039
313782, 79853
313788,339959
313821, 84207
313844,765018
313850,101619
313877,797789
313882,134659
313886,323360
313914,784302
313921,757217
313922,484876
313929,512704
313971,216319
313974,277753
313982,791171
313987,228296
313992,784860
314004,210701
314014,333632
314026,122734
314026, 48806
314031,341856
314037,605446
314046,355645
314049,175024
314102,731274
314108,496798
314113,757629
314114,219855
314134,130896
314154,329325
314185,214725
314195,760700
314208,111403
314208,753165
314216,779248
314239,105437
314265,484713
314277,300513
314285,762873
314294,260520
314295,144042
314296,319719
314301,775399
314304,778420
314307, 90982
314312,760611
314326,706217
314330,254361
314386,536116
314406,806375
314407,627284
314426,605299
314430,488014
314456,548722
314485,612850
314493,750054
314507,349861
314508,209698
314514,241423
314535,154193
314555,806777
314563,315435
314578,492240
314588,130596
314593,519377
314601,613517
314604,792801
314611,196798
314617,375885
314674,197641
314692,768855
314703,798807
314718,783214
314726,608717
314741,768286
314749,343698
314755,320023
314756,335543
314758,520860
314761,793082
314773,762846
314801,120140
314811,785628
314818,645885
314819,784681
314820,772673
314832, 80524
314836,606882
314865,221447
314874,165833
314883,748996
314883,483106
314890,813420
314893,350471
314918,788974
314925,751247
314929,598387
314930,123525
314933,225816
314954,341646
314958,789627
314962,332844
314968,766783
314973,766872
314976,103898
314981,500146
314986,753531
315006,667163
315008,435273
315011,157424
315043,797963
315043,162629
315051,782036
315054,128767
315055,781154
315070,780493
315075,560539
315085,128764
315098,120274
315099,249165
315116,764839
315120,762005
315123,784684
315125,314772
315126,740224
315144,220304
315175,777373
315189,308136
315195,791999
315203,773827
315219,360630
315237,661860
315262,637170
315263,239478
315263,496466
315284,777120
315295,322163
315302,766586
315305,324710
315306,772973
315332,121798
315359,739272
315365,483939
315378,757316
315381,344409
315381,116429
315410,768786
315425, 71957
315426,211293
315437,787301
315460,776918
315470,188039
315485,794514
315506, 96575
315513,620803
315519,153985
315527,137427
315551,778566
315554,106935
315574,314657
315580,777331
315588, 89409
315593,804317
315637,139648
315639,187757
315658,802026
315706,790036
315706,190664
315731,251615
315737,762145
315741,360022
315755,347865
315769,803993
315774,210883
315781,326184
315788,760192
315796,766394
315846,813144
315867,779776
315868,783149
315894,785813
315894,319019
315901,225897
315904,775088
315907,197034
315915,312591
315921,328276
315921,340995
315942,110365
315943,320555
315969,448211
315973,197250
315976,767708
315977,782755
315979,369526
315997,505892
316006,805639
316029,320609
316030,161752
316059,624606
316077,761019
316084,800232
316085,498760
316100,711393
316100,754329
316104,771758
316116,758649
316121,643576
316132,169186
316138,329289
316141,747857
316148,755602
316176,789248
316220,611054
316227,743968
316239,193987
316247,178336
316257,177614
316273,436561
316281,318178
316285,778078
316286,140509
316287,831694
316288,189204
316299,140610
316310,442053
316332,620991
316333,796323
316386,164813
316387,792582
316403,778888
316406,808903
316417,106025
316417,642682
316436,769240
316436,127050
316441,774111
316511,106064
316516,131400
316525,175956
316528,581180
316539,177561
316542,500871
316545,758132
316554,766749
316561,104649
316563,284207
316615,220167
316635,264229
316660,772335
316667,658160
316687,118403
316691,783750
316696,786606
316702,303240
316710,621938
316713,205398
316717,487597
316721,505969
316747,753169
316774,213009
316796,200282
316805,815958
316808,769191
316811,797183
316814,205064
316832,791012
316836,446685
316846,336502
316862,752820
316871,781058
316872,112973
316875,379350
316886,251276
316903,782694
316906,134834
316931,794676
316949,320169
316950,295914
316974,781888
316984,757898
317002,196260
317003,127424
317019,663325
317022,513433
317034,775702
317083,101074
317083,780202
317088,502008
317110,529492
317120,733918
317123,625073
317139,509203
317155,756228
317174,580962
317181,566727
317206,625146
317215,794235
317237,798471
317242,640879
317244,770900
317248,819040
317293,741972
317308,774900
317310,294738
317350,340675
317354,193294
317355,187276
317378,324544
317416,341599
317419,492803
317422,201959
317439,800133
317446,113947
317460,755240
317460,136767
317464,220270
317487,777016
317501,338672
317511,754924
317512,700521
317518,441561
317520,801941
317521,658451
317541,328108
317562,117149
317562,769697
317578,765421
317580,634461
317596,176889
317644,240558
317649, 98215
317655,211952
317659,304507
317674,671209
317680,162039
317684,329799
317724,207560
317770,221070
317786,187112
317792,644865
317815,758568
317829,156432
317858,204098
317870,515405
317883,791606
317885,129614
317891,782658
317900,587341
317909,764021
317930,794611
317947,301777
317960,199776
317969,779988
317977,337143
318001,194940
318031,205379
318032,636597
318043,205344
318059,635777
318062,814777
318083,766406
318086,513889
318090,752715
318111,777397
318123,752240
318125,226626
318128,781150
318141,124196
318155,262189
318177,777476
318201,793814
318261,199452
318272,578724
318276,785195
318310,638594
318319,756726
318331,147642
318346,222601
318366,527403
318382,497463
318392,555632
318418,218159
318423,802393
318424,222932
318429,578256
318442,150212
318444,142990
318461,662685
318472,517028
318472,328718
318478,499060
318516, 66937
318527,129564
318546,754191
318559,625231
318588,113662
318592,573780
318599,797504
318648,787872
318687,140927
318695,492760
318698,641692
318699,813800
318708,525147
318731,107203
318736,484293
318758,327885
318766,582279
318768,225471
318769,235699
318777,167623
318790,175076
318808,101014
318824, 68130
318843,781178
318847,595188
318888,352425
318892,191485
318923,222708
318925,215571
318934,616258
318943,667890
318945,182625
318971,254234
318974,146749
318999,494828
319004,298000
319005,119104
319048,240633
319059,801801
319069,804008
319082,484420
319082,121479
319091,643439
319099,108896
319124,108590
319124,220012
319126,354187
319135,211519
319140,615432
319166,161610
319187,774983
319201,801180
319201,104732
319212,198423
319217,233133
319228, 94645
319235,733895
319297,162278
319299,126414
319313,311643
319314,117170
319319, 92763
319321,788433
319388,579399
319415,142033
319416,256640
319423,225526
319426,352376
319432,344312
319446,141849
319450,174629
319482,629332
319486,332346
319497,770780
319508,330506
319577,796482
319608,179431
319609,804423
319616,201432
319628,772623
319633,778466
319635,794758
319667,218641
319687,779838
319693,353333
319697,186288
319701,362574
319715, 74313
319737,806761
319746,252828
319750,185846
319754,776339
319761,201346
319762,134572
319762,790735
319776,779565
319780,208005
319803,507233
319816,359503
319853,766454
319859,227096
319859,741153
319873,327619
319886,339234
319913,765132
319915,234641
319955,435496
319969,753956
319973,320589
319975,129728
319975,645883
320010,166114
320020,339041
320022,810622
320025,802895
320063,242533
320089,239094
320104, 93263
320108,389873
320115,345890
320125,814976
320136,223262
320139,787117
320140,375740
320186,218004
320195,176017
320202,818316
320215,335025
320236,767160
320260,354467
320287,321568
320339,793975
320348,804237
320355, 70289
320361,193547
320365,350733
320372,112766
320389,770422
320402,141341
320446,466790
320446,789615
320447,338053
320462,766152
320472,344153
320477,655466
320486,126452
320505,144551
320505,120796
320521,218813
320521,625130
320525,165962
320544,806931
320552,241394
320552,326087
320578,120775
320594,263279
320622,210218
320622,767054
320622,796970
320662,108882
320666,562734
320673,125382
320732,332826
320766,213040
320778,161672
320790,289569
320791,804500
320795,224787
320811,188897
320817,784903
320821,747387
320828,222228
320830,765798
320832,671864
320888,193377
320892,195332
320906,522059
320917,762759
320934,751954
320941,806718
320945,325760
320957,215275
320957,810495
320958,201158
320971,105035
320989,133620
320989,751709
321005,139504
321012,258552
321015,770103
321056,595909
321080,799323
321127,147604
321149,674369
321155,610525
321168,364633
321181,221784
321185,786507
321191,626018
321208, 83323
321218,801756
321225,314476
321243,212861
321258,196850
321261,602440
321268,327116
321289,119988
321308,305997
321315,790131
321319,500633
321341, 67036
321349,623519
321352,335252
321355,603784
321363,163408
321367,218558
321387,311753
321395,119800
321416,601432
321434,158934
321438,630930
321445,183391
321458, 88460
321530,360230
321544,319726
321555,633700
321561,752398
321577,787918
321582,786227
321596,604719
321596,216016
321603,605758
321607,119036
321616,603039
321625, 62576
321627,805959
321648,626147
321685,603419
321688,201351
321695,130480
321697,602754
321706,792606
321716,275880
321726, 81964
321737,213831
321752,604737
321760,827554
321762,783350
321802,526748
321836,588734
321837,143103
321841,342690
321848,109266
321886,604831
321887,204823
321894,309028
321908,780186
321911,767281
321912, 89737
321918,757416
321921,602404
321922,224658
321954,603496
321955,652210
321970,602201
321982, 93009
322008,234562
322008,825789
322037,747284
322043,793578
322060,604501
322061,754605
322065,602829
322069,260703
322075,603647
322091,194902
322100,602562
322105,605391
322119,132995
322122,147985
322138,821537
322140,611434
322153,758822
322163,603358
322163,777114
322179,204017
322192,763542
322197,126514
322201,601859
322211, 99589
322234,216447
322244,774689
322244,600482
322257,132827
322277,603396
322282,602183
322282,180256
322284,647642
322287,189259
322290,604557
322290,600648
322294,576180
322307,786063
322311,767866
322318,783543
322321,601315
322322,604934
322323,603191
322330,192733
322338, 89290
322339,605195
322352,227755
322360,191227
322363,783435
322370,222554
322370,604195
322374,296373
322388,601104
322396,333853
322406,545744
322431,124026
322443,600475
322459,237063
322470,604706
322474,603500
322477,598738
322482,605117
322486,181625
322493,604135
322505, 95509
322508,601995
322509,555999
322510,335900
322517,601941
322517,654828
322520,156667
322520,583721
322524,605114
322527,603290
322541,773301
322544,602568
322565,603213
322573,604108
322582,605692
322588,329107
322591,601244
322591,607363
322601,601166
322618,361484
322619,603659
322628,243922
322640,338139
322643,603231
322644,603155
322664,790582
322664,601712
322680,600270
322682,602261
322703,194497
322712,603004
322712,526786
322723,621870
322726,602621
322729,604406
322745,602095
322747,508477
322747,248769
322755,202525
322763,641486
322765,602607
322770,199480
322772,110522
322774,602841
322780,603368
322780,602545
322787,604506
322791,111531
322791,243814
322792,741553
322797,187691
322804,603531
322809,603510
322818,603842
322819,603675
322826,604412
322827,731357
322832,601836
322835,601233
322837, 50997
322843,603630
322847,771319
322852,603396
322863,250465
322865,259443
322872,602114
322877,603577
322880,131896
322893,604450
322900,602423
322900,600329
322909,299101
322909,602187
322909,778349
322921,228760
322921,603123
322921, 92990
322921,602582
322947, 76077
322951,602193
322957,604080
322975,118314
322984,604332
322984, 93781
322995,602043
322996,603500
323003,601916
323010,603347
323010,602395
323025,346873
323026,601840
323029,140079
323036,602215
323037,602553
323043,602154
323050,197956
323051,602960
323052,603361
323055,604588
323055,481343
323055,623337
323060,761694
323064,604059
323067,604132
323074,602650
323078,603792
323084,601310
323089,602012
323098,599099
323109,602463
323112,808738
323114,600246
323116,163959
323138,603644
323139,606317
323150,615814
323151,171365
323151,603671
323152,603002
323155,605494
323155,602389
323162,605727
323165,602786
323170,212667
323171,601637
323171,602581
323173,761338
323177,120907
323188,306555
323188,601440
323191,104644
323193,242520
323203,603683
323207,604797
323210,774071
323212,602262
323213,173503
323215,603322
323216,603128
323220,602274
323222,602043
323224,743999
323226,603007
323231,604616
323232,601864
323233,603627
323239,601006
323252,602352
323263,604624
323270,602109
323270,602426
323272,603403
323275,255691
323276,315032
323277,602360
323280,603478
323282,316761
323285,351630
323287,602364
323291,601349
323294,602959
323297,331698
323304,783471
323313,604152
323314,336517
323315,757839
323316,188888
323317,442051
323322,603305
323324,117052
323326,603282
323327,602629
323330,604394
323332,603099
323332,493767
323336,602121
323341,799182
323346,604061
323355,602499
323362,601866
323371,601499
323372,602356
323372,184896
323376,788663
323386,783719
323388,801841
323388,183623
323389,214471
323391,604409
323395,790425
323396,107518
323397,602186
323400,210550
323401,602605
323406,605009
323411,604085
323420,600739
323424,602100
323426,602900
323426,603018
323427,559980
323429,603120
323431,605258
323435,602162
323436,604920
323436,603569
323437,602601
323437,601191
323437,603050
323442,545140
323442,603209
323444,603679
323444,605700
323444,604023
323447,792584
323447,600598
323448,613038
323454,605282
323458,603223
323458,604047
323461,603780
323463,777884
323470,601912
323474,782026
323481, 71153
323488,602670
323496,604903
323506, 98714
323507,783519
323508,604762
323520,339328
323525,602944
323527,604563
323527,605210
323535,602179
323538,352808
323541,310902
323548,602591
323558,340846
323558,602229
323560,602702
323569,604084
323572,765567
323576,601009
323584,603103
323591,418225
323591,601947
323592,600917
323595,778657
323596,603185
323597,241287
323598,603164
323599,603049
323601,603933
323602,601293
323605,603201
323607,604057
323610,214405
323613,603477
323614,601556
323626,603655
323626,604531
323634,603479
323636,603527
323638,603921
323642,606005
323642,603077
323646,602819
323654,602860
323654,137299
323654,600174
323656,118071
323660,654865
323660,603529
323660,601762
323662,603596
323665,602356
323666,602276
323671,602795
323671,493671
323671,604431
323671,603590
323674,602556
323679,601498
323681,600567
323683,603842
323684,236828
323690,603649
323692,601682
323694,603427
323696,600027
323696,602404
323698,604772
323704,603891
323706,786153
323707,601799
323707,749955
323709,602822
323711,605284
323711,603598
323712,604250
323715,602325
323715,605128
323716,603556
323720,604798
323722,603269
323728,602220
323731,601942
323734,364410
323734,601547
323734,601524
323736,605718
323739,604992
323744,604519
323750,601208
323755,601909
323755,316188
323757,603353
323759,603732
323760,602334
323762,668105
323764,603717
323765,602889
323765,601316
323766,602750
323767,748695
323768,370764
323770,602244
323773,141048
323773,606157
323775,602552
323779,603660
323779,321747
323780,605048
323781,601433
323782,188231
323784,603539
323794,605216
323795,142057
323797,603580
323803,603297
323804,602905
323804,603339
323809,605207
323813,158611
323816,604822
323818,602339
323819,602028
323823,202312
323829,604921
323830,602735
323831,603280
323836,602646
323837,603739
323838,600891
323838,602705
323839,603635
323840,602389
323840,602615
323842,792606
323842,603326
323852,324193
323852,601179
323854,600828
323855,603615
323857,603620
323860,602299
323862,216641
323862,600786
323863,601934
323863,602603
323866, 66784
323866,603874
323867,604038
323868,601250
323873,603254
323879,604921
323880,602613
323887,604580
323888,603047
323890,234714
323890,197916
323894,604477
323900,604936
323900,601778
323903,602347
323904, 80663
323905,602986
323906,604913
323907,604706
323909,602970
323909,601927
323922,602230
323928,601665
323930,603278
323939,602603
323939,604357
323948,601653
323953,602865
323956,602415
323959,769151
323961,763991
323963,601334
323968,601577
323970,604751
323974,603920
323974,774573
323974,604427
323976,602957
323976,602389
323980,603502
323982,603951
323986,601759
323986,602057
323987,602646
323993,604622
323994,603634
323995,604161
323998,603570
324004,603518
324004,601820
324005,605088
324005,387002
324006,137811
324006,600962
324009,207583
324011,602203
324018,601991
324018,602643
324019,603352
324022,505831
324024,604165
324027,222692
324032,800561
324033, 96661
324036,603213
324044,603576
324046,605422
324054,820347
324060,603657
324063,345145
324066,604169
324067,602281
324067,604450
324070,604903
324075,602021
324077,603388
324078,604011
324078,603071
324081,602200
324082,175589
324087,601213
324093,601596
324094,603191
324102,601782
324104,601236
324105,601918
324107,602984
324108,601396
324111,602920
324113,339171
324115,815278
324116,603999
324116,318881
324130,603636
324130,601714
324135,258907
324137,236412
324144,604648
324144,603500
324154,603048
324157,603578
324160,192854
324160,604024
324161,603051
324161,602069
324162,601849
324164,602941
324167,223351
324172,770892
324173,601502
324180,602559
324181,603276
324182,603073
324183,213474
324184,602489
324186,603095
324188,602690
324189,604178
324190,602419
324192,601015
324194,180650
324195,601604
324196,604560
324197,604241
324197,602584
324199,603743
324199,602742
324199,603525
324199,603519
324199,603448
324200,603140
324205,758313
324208,601766
324214,603468
324218,601230
324220,603671
324223,107734
324226,602668
324229,602680
324229,601900
324231,602775
324232,600244
324234,602763
324238,600541
324239,601710
324242,601095
324243,605807
324245,603572
324246,603838
324249,602008
324253,604313
324257,604868
324261,602042
324263,604754
324263,602074
324264,601865
324268,602689
324270,603091
324270,354115
324271,602279
324278,115162
324279,603175
324280,603950
324282,624835
324290,603756
324292,603479
324292,602464
324293,603702
324293,605254
324298,604422
324301,812773
324302,505475
324306,603814
324313,604728
324317,602379
324317,601670
324320,600927
324323,603486
324323,601947
324323,603258
324324,603630
324325,603897
324325,604224
324328,599871
324328,602465
324331,350754
324332,602434
324337,603542
324337,602010
324338,604938
324342,602408
324343,602973
324348,603176
324356,601424
324358,151387
324360,163310
324362,603687
324362,605353
324366,187242
324368,604350
324372,601372
324372,603233
324378,625370
324379,603841
324380,600917
324381,806775
324384,601322
324386,603422
324386,648265
324391,601687
324392,603683
324395,603790
324396,607277
324400,602757
324400,601875
324401,602730
324403,223113
324404,497041
324404,133040
324411,602904
324411,605854
324413,602934
324413,603670
324419,744656
324421,601889
324421,119396
324421,602594
324425,603609
324428,540964
324435,366489
324436,602099
324438,603490
324438,769016
324441,604084
324441,600550
324442,601139
324444,601773
324446,605193
324448,604249
324451,603248
324453,603201
324453,604779
324456,603754
324457,603348
324457,464888
324458,603245
324459,601990
324461,146574
324463,602759
324464,602131
324471,603343
324471,602599
324471,602406
324472,601817
324473,603121
324473,601021
324474,602846
324477,603016
324481,602819
324482,143211
324486,602568
324490,604068
324494,329428
324498,603491
324498,603934
324501, 65602
324504,602247
324507,602793
324507,602712
324507,601220
324509,603574
324513,601049
324515,203565
324515,603224
324516,603495
324521,604569
324522,603482
324525,604668
324529,603776
324529,601476
324532,602599
324534,603481
324536,603100
324538,604344
324538,603221
324538,770443
324540,117155
324542,604747
324542,648618
324543,602667
324545,604092
324547,603567
324547,601947
324548,604153
324549,602625
324550,603712
324552,603058
324553,606497
324555,121465
324555,602954
324558,603557
324558,603466
324558,602438
324558,605281
324561,196079
324564,602937
324569,603048
324570,605782
324571,603422
324577,603188
324577,601985
324578,601903
324579,192298
324580,603549
324583,604241
324583,603521
324584,603642
324586,601362
324586,602804
324588,602875
324589,605823
324590,603122
324590,601304
324591,601166
324591,603083
324592,600709
324593,604030
324594,603552
324596,603364
324599,622861
324603,600316
324616,603408
324617,602793
324617,603533
324622,603570
324626,600876
324626,603413
324628,601119
324631,602210
324637,603927
324638,603827
324641,603615
324641,603960
324642,604605
324642,604166
324643,604782
324644,603066
324645,163891
324646,602151
324651,116116
324656,184471
324659,141783
324660,603113
324662,602320
324663,603728
324663,602745
324665,603353
324666,604089
324670,602442
324670,187138
324672,605325
324675,603102
324675,803389
324675,601588
324680,602604
324680,604166
324681,599592
324682,191392
324684,785353
324685,107216
324687,602731
324691,602058
324692,603881
324693,602757
324694,818751
324694,602015
324695,603402
324698,601382
324699,603036
324700,601035
324702,602591
324702,603313
324703,602832
324704,604313
324706,110430
324706,601655
324709,594686
324713,130075
324714,603986
324714,605342
324717,603189
324722,602327
324724,602349
324726,605224
324727,603181
324730,604418
324732,603478
324733,602591
324734,605086
324737,604599
324737,604869
324742,604962
324745,511957
324745,603435
324746,603953
324748,600688
324749,808372
324749,603031
324751,604212
324753,601218
324756,601782
324758,603130
324759,602361
324760,327436
324760,604148
324766,602584
324773,603197
324775,602186
324775,604782
324776,602445
324777,603037
324783,600898
324787,604129
324788,603607
324797,603424
324800,602341
324801,601402
324802,601793
324803,601040
324805,603244
324805,603430
324807,604545
324808,137042
324808,602783
324812,603377
324812,605847
324816,602366
324817,601696
324818,150641
324821,603922
324821,601486
324821,602760
324822,602015
324822,604089
324825,337836
324826,785347
324830,602219
324831,603160
324833,772864
324833,205031
324833,603366
324836,601496
324840,602233
324840,600896
324841,603202
324842,601286
324843,603323
324844,605745
324845,602820
324845,604412
324847,604629
324851,291534
324853,602794
324854,600250
324858,602835
324859,603594
324860,602470
324860,518138
324861,602611
324862,601307
324862,602313
324866,603827
324869,773030
324871,602568
324872,603712
324872,801512
324875,535307
324877,600814
324877,601652
324880,601511
324883,602816
324883,603414
324885,603664
324885,792353
324888,602393
324888,601666
324888,758572
324891,603891
324892,361905
324893,604166
324896,603023
324900,601392
324902,603237
324902,602683
324903,601668
324905,602104
324907,604007
324908,604275
324912,340624
324913,603262
324915,602015
324920,603763
324921,601347
324922,806805
324925,600579
324931,602678
324931,600584
324933,602329
324935,604397
324935,536644
324941,603831
324943,604177
324945,603437
324946,596986
324948,601734
324950,602123
324950,604558
324951,602749
324952,600936
324954,604229
324954,602774
324962,604631
324965,602900
324970,601390
324975,119388
324977,101387
324979,603783
324980,601725
324981,603522
324981,602005
324982,601910
324984,605547
324984,605814
324985,603449
324990,602504
324991,603943
324991,603114
324993,601584
324993,602990
324994,603018
324995,603706
324995,602175
324995,604378
324997,604250
324997,604816
324998,602842
325011,601963
325012,604662
325013,604603
325015,601679
325017,606799
325017,603005
325017,601049
325018,603502
325019,601599
325021,206926
325033,603492
325035,601911
325039,602423
325039,602396
325041,603849
325042,604199
325043,602393
325044,601979
325045,339102
325049,335434
325053,603232
325053,602991
325053,602955
325053, 90812
325053,602405
325054,602633
325054,601258
325063,219516
325063,602565
325064,603986
325066,602883
325067,601571
325068,603530
325068,601614
325069,601401
325074,603151
325074,601319
325078,600959
325080,600902
325081,601352
325082,604072
325084,601235
325084,603896
325085,602996
325087,604722
325088,604042
325090,602664
325091,602618
325091,601529
325091,599334
325091,603416
325093,602297
325095,602299
325096,790847
325099,602702
325101,604219
325101,601712
325102,604141
325105,602422
325105,603749
325106,601448
325108,602285
325111,604506
325119,604142
325121,603249
325130,603034
325132,602237
325133,601968
325134,178880
325134,756881
325135,605506
325136,603246
325139,601283
325139,603092
325139,604717
325140,602961
325143,603072
325150,603267
325151,603582
325153,605927
325157,601873
325159,605710
325160,601765
325160,601709
325161,603577
325162,604351
325162,181333
325163,639400
325164,223823
325170,601242
325170,604032
325171,602640
325174,601918
325175,601368
325176,604799
325176,603255
325185,602123
325186,601718
325191,603233
325192,603234
325193,604786
325194,603986
325195,602806
325199,601324
325199,603346
325201,603181
325205,601223
325206,604178
325207,603780
325207,772711
325208,801462
325212,606614
325213,602303
325213,604407
325214,606348
325215,601848
325218,602885
325218,601831
325221,601089
325222,603229
325223,604306
325223,602900
325223,130804
325227,603917
325228,603046
325228,602239
325229,600248
325232,602267
325232,604918
325233,604550
325235,603546
325236,604607
325239,549194
325240,602664
325240,602902
325242,604279
325243,603451
325244,601304
325245,603142
325246,602767
325249,604115
325257,604090
325263,603033
325263,603346
325263,602945
325266,602731
325266,604212
325268,604422
325273,603672
325273,602645
325276,604956
325278,602831
325279,780941
325280,757368
325280,602830
325284,602331
325284,804374
325286,604370
325286,602954
325286,600656
325286,602069
325286,602322
325287,601853
325290,602172
325293,602539
325295,602459
325295,602917
325296,602527
325299,219927
325300,602434
325301,602574
325303,342741
325304,600726
325305,602985
325307,603680
325314,600823
325316,602171
325320,603193
325320,602054
325321,601832
325321,602595
325322,238657
325323,317087
325323,601954
325325,601210
325326,602336
325326,602936
325332,601735
325336,602776
325336,601056
325337,602781
325343,602411
325343,603444
325345,599719
325348,602229
325349,339119
325352,602931
325359,601256
325360,604320
325366,603883
325369,602434
325370,601985
325374,155906
325376,601201
325378,601783
325380,602235
325382,603190
325382,601405
325383,603970
325384,603685
325387,605386
325389,602015
325390,603829
325390,153010
325391,309282
325391,604671
325391,542651
325392,602601
325396,602671
325397,599001
325399,601420
325400,603730
325401,603475
325402,605072
325402,601691
325402,603568
325403,605665
325403,218461
325408,604326
325410,601278
325412,602345
325415,600938
325418,603539
325420,605114
325420,602136
325424,603115
325425,601541
325426,601005
325427,600486
325427,603634
325428,602779
325428,603372
325430,603912
325430,602353
325432,603814
325434,798547
325440,134249
325440,602429
325443,761115
325447,434306
325449,603584
325449,607859
325450,604103
325451,603570
325451,349746
325454,602894
325456,602573
325457,603530
325459,602916
325462,810778
325465,603315
325466,604779
325470,149790
325475,604470
325476,604158
325477,602723
325478,602086
325482,602972
325484,602692
325484,591715
325486,592272
325486,604192
325487,603576
325494,604033
325495,603337
325496,604110
325496,604052
325498,602727
325499,604294
325499,602643
325500,603769
325500,601258
325502,604007
325506,782296
325507, 65946
325507,662520
325508,215569
325510,604382
325512,755764
325514,602993
325527,604536
325532,604073
325533,603419
325534,104381
325534,603106
325535,780652
325538,603142
325541,603392
325543,603626
325544,603591
325546,604526
325552,133810
325556,606632
325557,603783
325558,603563
325558,602542
325558,604492
325563,602481
325571,603208
325573,604992
325573,602713
325574,603473
325576,602843
325590, 75557
325593,603834
325593,601923
325596,603437
325597,602081
325597,603161
325597,604008
325600,606225
325602,809049
325602,601888
325604,601347
325605,511845
325607,604881
325609,602327
325610,324589
325611,185690
325615,601864
325620,602309
325621,602321
325621,601443
325622,603408
325623,603896
325639,606133
325644,602101
325646,520624
325646,604548
325647,602817
325648,601409
325652,805596
325653,603551
325655,605101
325655,603881
325657,602409
325659,103857
325660,603389
325662,602559
325664,762730
325664,602440
325666,604270
325668,604191
325676,603598
325678,601908
325679,604523
325680,601752
325683,604760
325684,601015
325687,793849
325687,604179
325691,602400
325692,233038
325693,602885
325697,604758
325699,602530
325699,602588
325700,602619
325710,649621
325713,600926
325714,603572
325716,603440
325719,603132
325722,604709
325725,604179
325727,602972
325727,602180
325728,167530
325728,604875
325728,604453
325729,602807
325730,359114
325738,603136
325741,601157
325745,602796
325745,601886
325747,604825
325748,604781
325751,603947
325751,601002
325751,602707
325753,602227
325757,602932
325767,602873
325767,601248
325770,602702
325772,761171
325775,159727
325778,349920
325781,599396
325783,602563
325784,603521
325785,599675
325786,604250
325793, 63077
325794,602769
325795,601798
325796,603949
325797,602208
325798,781673
325799,149578
325803,602354
325803,602311
325803,603691
325807,601389
325808,605205
325811,602966
325811,602863
325814,603934
325815,604174
325817,602948
325817,605123
325821,604044
325823,603323
325824,599807
325825,603794
325826,603388
325831,604372
325832,604208
325838,603077
325839,232507
325839,602127
325841,601882
325843,606107
325846,321512
325847,603268
325847,603204
325847,601357
325851,235099
325854,602104
325855,602474
325857,601849
325857, 93497
325862,604206
325867,821970
325868,604115
325868,603588
325869,603738
325870,601198
325871,604864
325872,110248
325874,603359
325887,602480
325888,247124
325891,603120
325894,602331
325896,330459
325896,603540
325901,604871
325901, 88073
325902,602321
325908,602632
325913,604597
325913,820544
325925,601290
325926,601311
325927,603153
325928,377383
325929,602399
325929,603407
325938,601360
325947,769399
325948,622263
325950,560129
325951,602681
325952,604141
325953,175629
325953,601401
325956,601712
325957,603643
325959,604019
325961,602686
325961,603108
325961,802507
325962,602185
325968,603941
325974,601928
325976,167679
325977,604206
325980,755006
325980,603793
325981,603972
325983,772245
325983,602164
325985,603080
325988,602513
325991,602643
325992,603616
325993,216539
325996,604610
325998,603151
325999,603207
326004,601532
326006,603548
326011,602395
326011,207729
326012,604052
326031,603185
326031,604177
326033,603686
326035,604283
326036,603595
326040,137087
326045,602416
326047,603629
326051,602290
326053,602712
326053,603477
326058,603623
326060,604403
326063,603055
326067,800837
326068,604387
326069,484301
326075,602340
326077,603761
326077,605446
326080,603723
326082,602556
326083,601972
326088,602166
326088,371158
326088,603021
326096,602296
326101,600863
326107,313117
326107,651767
326112,604232
326113,603496
326115,601640
326116,603509
326117,601798
326120,605412
326121,603097
326121,603042
326122,603970
326122,601481
326123,601513
326127,604293
326127,601478
326131,103051
326136,603657
326137,604203
326137,605347
326138,280639
326139,601528
326139,773841
326141,602646
326146,602798
326149,604787
326152,603573
326154,605452
326156,602397
326157,603875
326158,602729
326164,604396
326165,603652
326167,603502
326168,604344
326170,601480
326176,325731
326177, 72341
326186,338084
326186,604143
326187,602584
326187,604150
326192,602771
326193,603398
326196,206829
326201,599888
326203,681567
326204,603780
326206,602582
326207,601336
326213,602016
326217,604295
326218,602725
326219,605301
326225,604470
326226,604042
326229,761745
326232,604091
326233,602993
326234,757057
326237,489037
326243,329179
326246,602931
326248,599726
326249,605222
326255,603850
326260,605484
326260,760142
326262,603225
326264,758930
326275,603175
326275,633578
326276,602718
326280,604235
326280,104976
326281,602200
326285,602463
326292,135825
326293,603422
326295,121647
326295,602510
326295,815187
326299,602976
326299,600688
326303,601636
326310,602683
326310,605128
326314,604244
326315,602924
326316,602373
326329,602158
326332,752836
326335,603068
326336,235575
326337,602712
326338,521837
326342,603140
326345,603890
326345,602544
326346,604222
326350,194045
326350,602879
326350,602157
326351, 78050
326352,213061
326352,602946
326353,605141
326353,604859
326355,603469
326355,601442
326355,603689
326356, 91203
326356,603822
326358,602440
326360,604192
326360,179146
326362, 87737
326362,785401
326363,603069
326366,601778
326372,603806
326375,602002
326375,604531
326379,604108
326381,602300
326383,602171
326383,603303
326388,143409
326395,603002
326398,130495
326398,359512
326398,601286
326401,127269
326407,762879
326409,605334
326425,604629
326425,605059
326432,604091
326433,603130
326433,602467
326434,602614
326434,245534
326436,602926
326445,600599
326446,604727
326447,755508
326447,602245
326448,606462
326448,602687
326450,604257
326451,596240
326451,602234
326460,602146
326462,603203
326464,601768
326468,209012
326468,235368
326471,603633
326481,787127
326482,603075
326482,601993
326493,603625
326496,603043
326502,358243
326505,135941
326510,602168
326513,601857
326515,604114
326522,601943
326523,759469
326523,601451
326525,601698
326531,601820
326531,601320
326533,603593
326537,606911
326538,346546
326538,601167
326543,245518
326547,605340
326548,600183
326559,601747
326562,603979
326565,208655
326575,602631
326587,605317
326591,600718
326593,604046
326594,602027
326595,604801
326600,602354
326603,604198
326621,607223
326628,228009
326628,601347
326633,599484
326642,604067
326643,604251
326658,621803
326658,602019
326659,808427
326659,145189
326663,838579
326663,334231
326664,603773
326665,206614
326665,323642
326669,602072
326670,158844
326677,603958
326682,602475
326683,600820
326689,602782
326692,602428
326698,602587
326700,796649
326704,795992
326710,190739
326711,111476
326716,600578
326719,166488
326724,601404
326724,604619
326729, 98422
326730,139404
326731,601680
326732,602389
326734,615156
326735,604885
326741,600746
326744,602223
326746,119327
326748,601766
326751,601954
326751,603854
326753,602891
326755,804090
326755,604570
326762,602362
326763,764324
326770,602614
326771,601554
326774,363637
326775,765545
326783,602205
326789,604086
326794,605207
326797,603191
326804,603285
326814,602183
326817,600643
326819,603011
326824,604341
326831,242575
326835,602292
326851, 99726
326852,604455
326856,210974
326865,377813
326876,604403
326884,243111
326891,602634
326902,603167
326911,601820
326913,602569
326916,602769
326919,784356
326921, 42044
326927,702387
326944,605439
326952,332477
326968,603155
326971,110953
326971,601896
326981,799610
326998,119869
327001,172460
327003,604262
327007,603762
327022,604212
327028,622551
327031,602449
327031,602122
327033,803917
327034,600692
327035,806279
327042,190073
327047,828760
327048,603610
327051,604683
327056,297358
327067,603368
327071,603754
327072,637454
327077,605900
327100,604277
327101,602216
327105,602286
327108,243679
327111,355200
327120,238988
327121,222928
327126,639497
327127,127753
327130,602318
327131,367798
327133,182812
327135,602225
327141,605053
327157,602547
327158,602561
327158,603265
327159, 91450
327160,605283
327160,603125
327169,604942
327169,307764
327181,599825
327182,603683
327187,601789
327191,601234
327198,603815
327201,602520
327205,798964
327206,604139
327210,166486
327217,603475
327218,321445
327221,602915
327232,148902
327241,203102
327242,602142
327257,602222
327282,604914
327283,100686
327286,159284
327286,199816
327289,133088
327294,770566
327302,765131
327304,601084
327306,366299
327310,604010
327315,377223
327318,602931
327320,602766
327336,193554
327336,185237
327337,604148
327347,816153
327358,329958
327358,800717
327381,215075
327392,624477
327396,790385
327407,255449
327410,602699
327417,605113
327418,136377
327420,815420
327439,378001
327451,259190
327464,603596
327472,158611
327476,601110
327490,176123
327491,604462
327492,604027
327506,602671
327508,604238
327508,351651
327511,103439
327513,800452
327514,601963
327515,601501
327520,291954
327534,601714
327542,803556
327562,604369
327562,792196
327569,804450
327572,199307
327576,635064
327582,603283
327588,760471
327592,578978
327599,636093
327600,830417
327601,603962
327608,173138
327612, 96900
327613,817963
327625,607983
327634,178403
327634,601348
327646,603949
327652,775810
327660,342867
327662,190490
327664,780873
327675,115809
327680,205859
327688,381923
327693,810389
327709, 68363
327717,605436
327720,341240
327729,833518
327738, 73781
327751,223573
327765,602059
327767,814527
327797,333496
327798,602677
327800,603600
327810,601443
327815,750945
327816,835342
327819,538921
327825,799340
327829,604522
327829,604297
327832,671449
327838,808930
327843,602380
327848,603739
327875,203776
327878,602355
327883,232996
327885,117597
327887,603460
327903,604009
327914, 73301
327916,631351
327920,174475
327928,811684
327964,601231
327975,604283
328022, 57524
328033,815601
328038,775391
328039,150965
328041,178298
328046,349079
328048,829914
328053,602511
328056,792352
328059,325083
328060,679312
328096,537566
328112,208168
328121,223061
328122,774704
328134,298877
328156,256944
328156,763788
328159,793300
328168,603932
328186,602059
328189,593600
328194,253355
328196,128179
328196,602735
328213,603211
328215,605242
328219,601246
328221,828058
328221,603107
328242,600908
328243,177052
328244,666533
328258,189066
328262,143978
328298,334884
328299,755412
328304,153632
328308,189607
328311,211493
328319,688470
328360,366488
328364,215815
328393,239586
328402,162286
328403,281721
328409,122131
328419,120215
328426,140598
328431,236822
328440,144178
328450,208583
328455,755853
328457,801434
328462,604263
328472,570421
328479,747556
328479,500363
328492,214306
328494,326056
328508,104958
328519,180082
328531,824961
328535,762771
328538,833920
328554,354496
328556,235073
328562,517267
328592,301589
328618,759341
328627,601446
328632, 76984
328654,658143
328659,322448
328665,117355
328688,113457
328694, 88076
328711,799419
328720,182143
328726,792964
328727,805277
328728, 93436
328734,605807
328738,298706
328750,198641
328755,203945
328763,807145
328766,345801
328775,756046
328809,632523
328813,114857
328815,758202
328821,768673
328842,611404
328843,808865
328845,202290
328846,135639
328872,639137
328873,496416
328887,208788
328899,209417
328903,338109
328910,775136
328946,770580
328960, 77247
328990,141524
328998,795694
329003,250901
329006,310225
329017,805660
329027,799886
329062,145412
329062,576802
329065,826227
329072,352412
329087,844203
329091,218787
329136,587666
329138,676149
329139,662289
329149,659497
329167,836739
329180,215276
329183,221530
329206,798247
329212,770189
329213, 96372
329219,372389
329229,357422
329231,520361
329251,653175
329252,359254
329272,172518
329272,795681
329278,772918
329291,331677
329297, 75320
329299, 68899
329301,236338
329310,336122
329327,243983
329331,784568
329333,508592
329338,212919
329343,243733
329360,753872
329369,378880
329386,814732
329390,321461
329404,153527
329411,221995
329423,797493
329428,164597
329505,262083
329531,115678
329566,164160
329579,542439
329595,159660
329597,330469
329599,442994
329603,832592
329606,833297
329629,798335
329652,669878
329658,552151
329675,780362
329687,745169
329701,789244
329716,285553
329720,785240
329725,304348
329745,770583
329763,345327
329776,347039
329827,290700
329877,197883
329879,318825
329886,772885
329890,115596
329914,229975
329929,314501
329957,204834
329963,649022
329966,349935
329968,691299
329984,343077
330001,796851
330015,801296
330058,627876
330076,780734
330080,512431
330088,150983
330090,529191
330091,782368
330111,614762
330112,178522
330113,825080
330132,229072
330145,227713
330145,116734
330150,228181
330159,362045
330163,120748
330172,112639
330176,804282
330185,788736
330197,778591
330198,814823
330207,184944
330216,648335
330222,749928
330229,210617
330234,171341
330281, 85500
330295,212752
330312,169789
330315,636007
330316,785592
330318,793441
330322,829445
330333,307044
330355,769137
330365,737981
330367,174055
330369,141587
330382,201297
330393,771648
330402,213833
330404,327688
330414,155076
330418,797067
330420,188758
330420,327609
330427,235169
330438,193837
330440,245657
330443,182836
330446,272815
330467,148070
330470,784308
330494,205578
330499, 85383
330515,187411
330557,130383
330596,376205
330602,170591
330617,628543
330625, 84579
330639,791471
330641,102932
330645,698799
330649,135698
330688,779045
330689,207093
330707,341861
330724,566803
330731,164039
330794,147617
330802,214686
330806,223414
330806,624886
330819,119064
330870,784787
330872,775484
330876,794753
330879,169600
330903,356161
330931,786569
330931,130288
330937,221960
330940,671744
330945,806116
330954,111007
330967,328995
330975,196782
331009,174322
331017,788047
331019,182573
331051, 73798
331057,120017
331072,801788
331087,811558
331089,820357
331098,202398
331107,234946
331111,630821
331115,573592
331148,237369
331151,749351
331152,749455
331155,777365
331197,323439
331213,767079
331215,762787
331229, 99691
331230, 82038
331244,637767
331245,758415
331247,201653
331255,823075
331267,197770
331282,826649
331292,233921
331294,173234
331312,185972
331316,620100
331326,107307
331338,650043
331341,799547
331347,815424
331348,778455
331383,355212
331386,222349
331405,650770
331423,817763
331426,822007
331431,771091
331438,790618
331441,188553
331459,150107
331484,216364
331517,797929
331566,772913
331569,560238
331597,151025
331609,612325
331613,216560
331618,796543
331620,811652
331628,120840
331648,129086
331651,239675
331668, 69468
331680,804647
331695,752202
331696,128758
331702,207633
331708,109547
331716,804988
331716,486108
331717,172536
331717,230717
331721,670430
331726,135457
331749,665768
331763,774531
331765,206629
331765,608059
331776,249940
331786,201409
331817,117640
331825,311503
331858,787654
331862,199004
331864,632794
331877,769173
331922,642282
331923,234235
331934,611007
331943,211023
331945,130126
331974,792537
331981,342584
331985,300922
332001,100848
332018,798771
332031,785252
332037,230168
332069,778247
332075,202238
332080,830094
332082, 72158
332136,103895
332157,180029
332162,576438
332173,156274
332179,790724
332181,234994
332182,116244
332193,800453
332230,109986
332242,815392
332268,788109
332269,816674
332288,589291
332304,643470
332322,489437
332334,215262
332335,360892
332337,646461
332344,155544
332375,853769
332384,768410
332384,619672
332385,808971
332395,152765
332398, 95289
332414,108208
332426,807786
332427,814819
332432,686691
332441,587161
332443,124987
332457,333123
332472,815168
332493, 99653
332497,816464
332509,779622
332510,573137
332541,686307
332582,786851
332582,127229
332582,829128
332606,103251
332614,220010
332634,194320
332647,745854
332648,331880
332651,649152
332665,321058
332690,466743
332705,352194
332728,811127
332743,787936
332754,320712
332761,110210
332775,130017
332781,846968
332786,111725
332792, 76580
332800,143136
332800,825235
332817,158587
332833,191510
332839,336169
332887,741731
332894,803815
332922,181092
332934,148300
332947,214042
332965,141066
332968,206161
332975,121748
332983,379507
332983,508739
333002,212286
333009,787861
333028,144248
333030,219557
333033,249976
333053,332114
333054,349074
333066,233825
333073,806366
333093,809158
333095,221447
333098,105014
333117,819980
333118,130600
333128,257386
333135,156052
333148,785087
333152,275907
333202,675265
333204,350991
333210,812166
333230,635895
333240,228091
333242,795581
333243,357708
333244,802675
333250,346876
333252,772986
333271,798176
333278,112712
333308,815065
333309,206914
333353,329576
333366,785050
333370,789154
333380,777586
333424,114457
333448, 66065
333472,572972
333479,304814
333495, 82203
333510,587084
333519,178897
333520,642507
333526,620478
333530,211489
333533,332993
333548,812329
333551,219090
333552,322895
333557,125776
333562,495386
333566,223844
333567,213935
333567,374521
333572,187688
333577,141242
333590,795957
333602, 74376
333605,774310
333610,788371
333626,568635
333638,133080
333647,262639
333649,209440
333653,759706
333670,224974
333672,222117
333686,561485
333692,825866
333693,308932
333717,182398
333749,503789
333751, 73870
333765,814660
333801, 97663
333864,780793
333875,600614
333879,215637
333906,199996
333912,809911
333918,773927
333923,770644
333931,235182
333944,538389
333964,186661
333967,658531
333973,815431
333988,356865
333990,808172
333993,203051
334004,220716
334004,822356
334006, 86544
334028,217602
334034,306568
334037,244019
334071,294667
334075, 85850
334078,782923
334088, 93312
334093, 75772
334102,664372
334111,798248
334112,126336
334113,677167
334114,574975
334117,645284
334119,743070
334122,819196
334140,184520
334143,803957
334159,227137
334169,811189
334174,383587
334177,209701
334181,117001
334198,781456
334203,313548
334211,206538
334220,139408
334224,192567
334226,322743
334235,782103
334247,370461
334254,818982
334278,798703
334312,542727
334324,208164
334334,375926
334354,777795
334376,642902
334388,343717
334407,199464
334410,758088
334412,802653
334432,763745
334453,207744
334478,685799
334502,290501
334510,218687
334511,312124
334514,783523
334524,623487
334527,142525
334541,356972
334542,819871
334543,779820
334553,809332
334594,765848
334598,194144
334604,366208
334655,601123
334658,165198
334666,363865
334668,244503
334671,761248
334672,808401
334679,239527
334699,801153
334716, 97938
334719,814342
334721,665541
334757,183424
334773,174472
334778,746180
334782,310731
334799,179093
334806,758210
334814,784979
334821,815908
334822,333517
334825,660282
334835,823206
334838,226776
334865,145242
334884,763095
334893, 98603
334894,290297
334901,662840
334902,612328
334925,158411
334928,748536
334932,775733
334941,808524
334948,214069
334953,232178
334954,790700
334959,359324
334969,335946
334973,219462
334977,785150
334983,180367
334984,211221
334991,729037
334997,264262
335008, 80698
335026,802133
335031,114831
335057,795970
335062,211172
335075,144026
335089,330541
335098,238055
335111,175683
335121,185657
335130, 95457
335137,752150
335145,129294
335155,312653
335157,197878
335159,773799
335174,805351
335174,800079
335186,215300
335190,188371
335192,839167
335197,813525
335198,790051
335203,794446
335223,375395
335225,167522
335229,211296
335235,608770
335251,283399
335257,202606
335267,667973
335283,801379
335284,794989
335295,212705
335312,212465
335340,817695
335354,140565
335368,800565
335408,210842
335422,187785
335437,810817
335479,207915
335505,617690
335523,548886
335526,809310
335541,801427
335550,810689
335584,124728
335601,114986
335630,804237
335633,768726
335634,810731
335644,801954
335647,136818
335675,677906
335681,139503
335685,131570
335715,134927
335730,770845
335731,806044
335731,338497
335733,894295
335742, 89018
335743,764440
335753,319059
335777,149684
335779,598465
335780,337534
335793, 73823
335804,662022
335806,818150
335809,805555
335819,339820
335833,789576
335841,790959
335856,755177
335863,624406
335869,789915
335877,656284
335886,819155
335897, 78459
335917,824654
335923,801356
335940,629779
335975,320427
335985,218274
335990,353817
336004,798471
336006,794832
336012,216428
336015,835762
336019,103663
336032,822394
336035,331077
336037,327668
336042,217899
336044, 90264
336048,322997
336058,763149
336059,802948
336062,280645
336070,789957
336071,150198
336094,209106
336096,635302
336102,154931
336106,777921
336107,201226
336123,803265
336125,590344
336154,155063
336154,790918
336159,571900
336173,774596
336181,226964
336186,133222
336200,814651
336207,354222
336223,204146
336225,814643
336226,203496
336226,117378
336235,850915
336245,813423
336272,347016
336349,195894
336349,828839
336360,344720
336364,810753
336367,192020
336373, 57057
336379,197960
336388,804734
336400,172755
336405,804052
336433,532699
336441,479448
336441,287935
336449,813567
336453,814441
336460,800214
336461,780653
336461,321609
336475,328765
336480,767141
336511, 98633
336534,809845
336539,756093
336547,804471
336553,236414
336562,139553
336575,579327
336605,594580
336605,793052
336615,828184
336630,371068
336641,131815
336643,120062
336658,121096
336659,209988
336663,776344
336678,130852
336683,184126
336696,223020
336698,813130
336705,341842
336734,201544
336737,311122
336748,219751
336752,200039
336753,209406
336764,781871
336781,801210
336788,824771
336797,766987
336803,243903
336804,799224
336813,755058
336817,775657
336818,631155
336828,124983
336849,129348
336856,806009
336861,644800
336898,218537
336908,822915
336950,792831
336956,205010
336975,604054
336977,506713
336980,767439
337003,655474
337006,753374
337012,584223
337018,817522
337023,773885
337029,737062
337037,821800
337051,628505
337057,823645
337060,106990
337082,820946
337084,219847
337104,816185
337117,818399
337127,558356
337129,598731
337133,147266
337134,191231
337138,791620
337143,809358
337176,766322
337186,205240
337219,115111
337223,796961
337224,795431
337241,126051
337273,179279
337275,439473
337275,815088
337278,809372
337280,118247
337283,652430
337295,106269
337302, 94701
337325,304118
337339,191951
337343,808856
337364,201534
337364,670150
337375,200903
337381,543953
337383,803955
337393,613508
337393,190856
337394,802355
337396,815364
337414,370542
337418,795093
337438,131500
337439,830769
337447, 81512
337468,785931
337483,178439
337487,831507
337501,763531
337503,219380
337518,258664
337537,190582
337541,699915
337549,668618
337572,814081
337584,804193
337588,805882
337592,376014
337593,799172
337629,199271
337630,761071
337633,149947
337641,165770
337650,664577
337651,244680
337658,800896
337664,110739
337668,111297
337690,474814
337691, 65624
337699,240535
337718,517044
337746,789151
337756,810681
337775,805576
337802,166941
337807,218291
337809,244636
337818,349988
337818,192854
337852,651343
337858,224021
337869,803599
337869,526624
337883,698277
337896,806682
337897, 87321
337903,309983
337909,765742
337927,807311
337951,104141
337958,655095
337981,769089
337991,762753
338003,787328
338010,804248
338012,206499
338017,195883
338028,790064
338047,778931
338075,779957
338079,195913
338079,602934
338084,762677
338086,799216
338089,342721
338096,768568
338099,208809
338099,803065
338103,104563
338119,326466
338130,807325
338149,228322
338162,758694
338167,603727
338178,141669
338190,189104
338268,812782
338296,788166
338296,804111
338308,809661
338341,532036
338368,797754
338379,829200
338383,310495
338400,133056
338403,804252
338405,126917
338414,814199
338450,137516
338498,372496
338523,356799
338546,636234
338549,246299
338569,821145
338587,773043
338610,779669
338613,630362
338615, 72820
338615,784731
338629,632015
338630,158391
338641,217248
338651,812728
338663,761698
338663,414249
338684,821122
338686,817057
338695,347480
338704,765912
338709,809120
338718,206105
338721,202334
338724,207044
338745,797367
338748,667190
338756,107437
338773,818021
338785,232051
338794,108279
338808,806952
338811,235815
338816,599252
338821,818632
338853,783229
338854,760057
338866,788092
338880,103899
338887,785732
338892,798404
338894,200846
338920,806855
338922,824293
338944,278340
338948,121793
338954,649776
338969,762026
338974,796057
338976,826119
338983,120298
338989,143709
338992,306491
339029,176963
339036,808823
339040,817988
339060,116701
339071,788460
339073,821623
339079,826460
339116,100064
339132,798351
339142,135421
339162,202196
339167,800387
339171,206139
339177,227404
339177,792894
339195,300778
339201,782944
339214,766875
339220,829282
339226,787797
339227,112470
339231,751891
339247,110284
339250,233496
339253,654444
339259,658928
339261,785796
339263,686430
339286,809750
339287,801744
339305,180011
339321,225418
339330,791809
339341,754481
339351,638677
339354,132724
339358,111525
339359,794806
339367,767829
339390,806574
339391,232137
339391,809366
339404,204750
339445,338557
339463,106398
339463,759818
339480,646897
339508,165328
339513,806987
339521,787498
339525,669219
339525,612129
339529,796596
339574,801047
339575,775528
339577,196135
339584,798653
339591,755435
339593,806372
339606, 91589
339621,593391
339622,803947
339628,836962
339633,666344
339636,150401
339637,791382
339640,235212
339642,820217
339648,660620
339655,787497
339658,795782
339662,105863
339687,806727
339719,302563
339719,256305
339724,220562
339726,240385
339756,807351
339763,185322
339776,159602
339777,626526
339778,823197
339792,332615
339808,774422
339819,829177
339835,348394
339839,814842
339863, 34316
339874,296398
339889,206302
339899,203548
339905,180681
339922,637665
339925,798629
339925,789356
339933,529103
339942,144874
339970,619352
339974, 98282
339989,325007
339990, 58514
339992,808325
340002,821258
340002,773442
340016,782872
340046,570538
340050,831637
340053,119733
340061,819613
340071,633188
340076, 93391
340095,802422
340098,790963
340122,342842
340146,795411
340162,770870
340190,519086
340192,358076
340195,808431
340196,793068
340202,125685
340248,793952
340250,107621
340257,232074
340291,749601
340295,699925
340295,212813
340303,175247
340306,810149
340307,234172
340310,577180
340324, 78103
340334,139129
340341,771514
340344,769584
340365,776909
340369,783626
340372,794754
340373,771690
340373,286161
340380,168065
340384,240546
340384,792679
340395,800463
340407,800565
340409,794301
340424,241639
340424,227520
340435,760209
340436,253647
340452,647324
340461,695697
340461,604051
340476,813454
340493,811605
340501,604800
340501,818596
340503,819027
340510,803491
340512,804474
340513,223322
340523,274257
340524,784084
340531,759940
340540,762590
340540,217898
340561,753414
340562,644384
340563,806872
340567, 88106
340573,832186
340574,650045
340582,694052
340585,223988
340586,107404
340592,577501
340593,775059
340595,194724
340628,147806
340629,615088
340641, 64431
340642,677126
340647,110432
340649,794528
340649,711744
340655,304450
340657,695562
340658,774382
340661,222273
340668,186549
340690,660570
340697,204867
340701,161063
340701,295828
340705,824653
340711,617866
340737,799428
340757,798056
340779,273973
340792,802363
340808,827306
340826,199875
340829,590467
340841,809438
340853,598396
340857,812030
340859,178501
340864,594272
340867,786069
340896,792375
340900,640724
340915,224233
340918,223885
340935,322641
340949,673259
340966,671710
340988,760636
340999,806214
341008,785844
341014,813006
341017,791096
341020,830359
341020,628546
341027,795226
341049,302878
341050,118453
341055,758639
341062,776143
341078,172808
341079,823908
341088,252234
341090,793082
341091,821252
341092,795619
341109,141562
341111,807292
341117,451479
341147,293247
341162,750830
341167,333764
341176,652582
341178,826161
341185,803196
341187,127627
341190,174282
341193,216262
341199,201462
341216,632870
341219,346590
341229,797139
341229,242483
341230,126871
341233,221178
341239,586508
341239,328361
341244,208567
341246,134257
341254,625680
341275,673834
341282,764361
341284,829696
341284,798695
341292,817516
341295,774995
341296,169327
341309,342644
341311,825288
341324,793589
341329,299167
341344,357027
341354,358150
341362,644087
341365,246577
341387,812449
341410,606945
341421,530663
341427,760259
341446,758324
341465,814676
341465,772203
341477,812600
341491,189866
341496,803694
341549,794347
341552,341102
341576,341897
341577,305329
341585,130879
341592,204895
341592,810011
341595,795927
341595,831223
341647,805522
341648,627912
341662,143971
341664,811646
341666,816025
341686,228395
341696,179677
341697,136272
341706,724877
341706,827298
341718,120384
341725,787150
341726,794332
341734,799216
341749,799751
341751,825422
341751,129606
341761,619070
341773,121271
341780,798272
341791,300262
341803,797696
341809,814549
341810,218725
341823,804287
341853,809656
341858,167926
341885,791649
341885,797189
341897,780999
341925,648958
341931,347908
341932,852352
341934,819304
341939,223532
341959, 86425
341972,143127
341974,601053
341974,208783
341991,583287
341991,104243
341993,753414
341993,639172
341994,213530
342003,652410
342036,148308
342065,124991
342065, 96730
342065,816311
342067,800098
342076,664053
342089,137401
342089,216655
342116,790659
342118,846913
342119,762115
342123,338575
342126,674248
342149,828711
342154,804522
342155,186728
342156,561874
342180,338788
342187,627823
342193,137261
342202,239857
342211,746391
342219,800569
342232,125123
342233,808162
342235,805842
342243,140185
342261,751266
342264,587524
342291,185714
342304,831168
342307,802657
342311,800688
342314,801181
342315,696299
342317,198180
342322,314984
342331,816907
342333,805499
342351,241573
342358,166542
342360,816905
342363,188510
342364,785829
342366,630414
342369,201343
342405,527693
342405,161681
342409,798735
342421,201385
342427,316713
342429,144133
342430,771271
342433,781523
342436,658888
342436,789674
342461,553570
342468,164248
342476,778809
342482,789182
342485,800647
342494,785709
342500,811985
342507,660041
342510,830156
342533,692622
342535,774018
342563,687389
342568,770306
342569,604901
342584,213010
342629,763186
342629,365546
342661,351521
342673,655339
342673,807004
342676,822856
342682,125176
342698,776781
342701,507374
342703,212651
342705,690173
342727,658855
342736,778013
342737,814147
342739,138839
342767,796714
342768,776563
342772,802499
342778,803766
342779,141558
342782,349312
342782,793325
342832,224018
342832,485679
342840,676204
342846,815422
342862,599488
342863,753260
342863,609554
342864,771755
342870,817008
342875,289849
342880,523403
342886,155590
342890,798509
342890,825456
342892,811596
342894,844547
342895,751933
342908,152950
342913,808458
342924,124034
342927,608979
342932,815125
342943,223567
342945,105808
342953,117082
342955, 78032
342963,787849
342966,643908
342969,788976
343003,101217
343006,216590
343007,111119
343015,812172
343016,235019
343016,205764
343018,830024
343029,801503
343033,177034
343038,830750
343050,785639
343060,356561
343065,141625
343068,754182
343071,811783
343088, 46377
343092,796964
343094,138287
343096,106356
343097,301270
343104,206499
343105,575266
343109,598014
343126,337832
343131,799467
343132,810604
343153,324774
343164,179039
343177,235508
343183,326901
343221,762746
343256,855876
343259,790794
343260,204314
343265,592313
343266,812948
343273,794699
343289,240452
343297,332096
343304,670153
343319,818075
343327,105979
343335,805670
343364,763585
343393,631907
343404,818967
343418,807356
343419,177590
343419,748236
343438,657808
343447,642043
343462,126101
343476,795039
343480,593585
343481,598236
343521,743939
343535,139394
343547,128503
343556,206357
343576,788760
343587,779519
343594,142148
343613, 97149
343619,782461
343623,315591
343626,115888
343648,831966
343652,144426
343656,613647
343663,113843
343670,817243
343675,306155
343680,783260
343688,748365
343696,336599
343702,809230
343717,512086
343721,507702
343723,760636
343726,229536
343729,136954
343738,692423
343751,196054
343752,764855
343766,120520
343792,769818
343793,535472
343805,193629
343810,130211
343820,813546
343821,771638
343826,765877
343832,240458
343840,811876
343853,771508
343859,767741
343865,232591
343866,123219
343869,808955
343878,222812
343881,823247
343892,811235
343913,828040
343915,807542
343935,249089
343937,127237
343949,197506
343963,270555
343964,823910
343972,208847
343973,813735
343980,786291
343988,227213
344007,679635
344017,795503
344030,496440
344031,760764
344036,761242
344042,175443
344046,202061
344061,637759
344061,102042
344063,783146
344105,346369
344107,337360
344113,789141
344121,782239
344124, 76450
344132,757560
344132,815614
344136,181030
344142,811716
344144,812386
344147,796832
344149,303760
344156,519243
344164,803298
344174,184158
344180,223198
344196,601925
344218,759525
344218,218026
344231,638900
344234,716678
344236,793610
344241,801316
344252,822482
344257,486536
344258,199890
344262,806908
344268,820485
344271,762797
344272,149426
344287,805424
344288,823336
344290,349208
344305,806412
344320,110589
344321,832590
344325,653720
344337,757711
344343,798050
344352,795623
344355,623975
344355,782409
344361,170199
344362,101771
344362,803810
344374,174187
344375,225857
344391,795116
344395,764826
344412,109761
344423,212643
344425,137902
344427, 87132
344428,783325
344429,110158
344432,799008
344444,133532
344446,693161
344453,351292
344460,183744
344461,105837
344468,231032
344472,599709
344495,810048
344506,772851
344506,827420
344515,811849
344520,808679
344520,749794
344523,810942
344546,821354
344549,215267
344551,196528
344551,787884
344555,185029
344561,343369
344566,306797
344571,776008
344577,798575
344582,776633
344588,228195
344612,120004
344621,783616
344632,765346
344639,837944
344645,795640
344653,812372
344656, 77273
344664,797380
344668,242142
344672,820824
344697,314452
344705, 85226
344715,824625
344725,571269
344727,185904
344729,143793
344732,651601
344732,607099
344758,160074
344761,770752
344762,803116
344785,805282
344793,807636
344816,792590
344822,161635
344827,514496
344827,525328
344835,814438
344836,797095
344846,243194
344850, 91381
344863,207943
344869,751747
344878,200688
344887,797447
344893,595433
344903,751658
344916,131481
344923,826416
344965,813564
344969, 91257
344975,823514
344978,752560
344980,607805
344998,322946
345009,807497
345009,345066
345022,809656
345047,239339
345057,796258
345072,744083
345090,770981
345111,117973
345119,675745
345132,225163
345163,836346
345209,115595
345216,678404
345228,769708
345242,807025
345247,814848
345247,809790
345261,221577
345271,574067
345285,755638
345286,761488
345288,260644
345293,331353
345301,265291
345304,211193
345312,123022
345343,801274
345360,826342
345370,781381
345371,755096
345382,781813
345388,815800
345402,797815
345414,823520
345416,773132
345419,203232
345423,780667
345423,807933
345437,813330
345451, 87411
345457,797457
345469,763729
345475,216921
345480,783194
345482,764117
345490,779210
345495,817863
345498,130470
345502,807637
345502,149363
345504,796676
345513,765282
345521, 78732
345524,148178
345530,761382
345538,603642
345551,666523
345553,795645
345559,803175
345563,767467
345566,783610
345581,332580
345584,805951
345593,826921
345611,813640
345625,166079
345628,805963
345649,127858
345651,776871
345655,806670
345659,799814
345666,785334
345669,156990
345687,811989
345692,631086
345704,593451
345705,801608
345726,749694
345726,809417
345728,202766
345731,799244
345738,816446
345754,802044
345760,382197
345765,686235
345792,147837
345797,307246
345814,105565
345820,667164
345827,363525
345868,793723
345874,530284
345876,784892
345880,677907
345900,808011
345900,206408
345923,785498
345923,802760
345928,750294
345949,760233
345954,722553
345963,614874
345968,696618
345974,813547
345987, 64572
346002,793841
346003,817558
346004,759431
346006,809162
346009,233752
346024,727388
346029,111893
346034,183151
346039,831233
346061,795486
346063,228532
346075,782221
346075,785083
346080,818722
346093,623747
346113,115013
346128,760621
346141,760431
346144,121210
346157,157036
346163,670666
346163,379972
346171,308980
346175,340820
346177,784564
346180,787682
346183,600070
346193,804992
346194,652140
346195,773637
346196,111710
346210,801682
346221,669459
346224,221152
346232,643517
346253,825207
346257,822085
346273,134180
346281,368066
346293,756017
346295,830999
346310,621242
346326,191529
346326,119653
346333,656563
346334,823641
346335,800299
346336,333029
346355,806349
346380,810935
346392,648349
346423,601711
346424,806287
346431,361088
346437,788326
346446,120506
346447,193752
346455,220862
346481,193805
346492,764866
346500,801822
346502,804884
346510,764923
346518,804315
346522,229939
346526,777934
346530,819210
346539,770192
346544,815423
346556,801583
346570,631916
346577,800689
346596,601865
346602,877192
346609,233496
346620,493394
346623,738791
346624,215360
346630,782706
346631,806179
346634,617938
346648,784136
346649,759667
346658, 80821
346659,535836
346667,270433
346669,842771
346678,560495
346689,747689
346695,811576
346700,803804
346700,178517
346717, 66477
346729,817029
346729,190206
346735,676684
346741,332323
346741,802672
346746,801579
346761,130865
346762,765127
346765,506703
346777,806168
346783,757763
346786,753391
346792,789926
346805,799601
346820,622760
346827,782222
346830,786535
346833,161229
346833,324631
346839, 47611
346843,800351
346847,756203
346849,828818
346851,319243
346876,273395
346881,127106
346882,815977
346887,799117
346896,812248
346902,755275
346909,101398
346915,787715
346920,814627
346920,218294
346928,782929
346932,665725
346933,304706
346938,135713
346938,780240
346951,799542
346956,119928
346957,710719
346963,338131
346967,829239
346968,302421
346977,810098
346994,260026
347030,800099
347031,775847
347039,827367
347047,821819
347050,110240
347055,552632
347064,669391
347070,778534
347073,208281
347086,221873
347093,785597
347105,775124
347113, 95083
347120,824424
347132,212665
347139,821713
347140,673122
347147,765850
347152,215940
347154,815499
347160,788733
347163,176098
347170,237830
347172,807261
347178,812053
347185,100207
347190,763652
347197,764111
347206,798533
347215,661111
347227,775508
347239,152187
347264,783802
347267,864949
347268,148835
347287,289745
347297,809922
347307,780250
347309,608302
347311,559536
347313,323478
347323,666920
347325,595200
347329,618684
347329,817782
347345,212446
347349,357538
347353,813294
347367,821919
347392,804083
347410,792350
347410,186446
347411,625543
347415,809726
347421,607538
347431,184927
347434,785237
347440,718459
347449,198218
347449,799409
347451,749411
347453,371855
347467,788228
347467,752807
347470,820028
347472,761608
347478,758357
347479,771457
347479,821465
347494,214809
347494,765358
347515,822753
347516,776690
347519,126592
347519,199743
347530,681633
347533,799725
347535,598862
347540,743054
347543,757273
347550,756652
347556,319694
347558,319564
347559,208688
347560,155821
347567,360120
347581, 52250
347583,796718
347587,133303
347594,770762
347596,783186
347597,776530
347616,609121
347626,805115
347628,671625
347628,106206
347632,113994
347638, 95218
347638,816031
347674,818619
347679,220412
347679,593649
347690,775958
347699,810257
347704,170389
347712,517860
347713,814433
347731,807968
347732,814244
347736,612883
347764,806869
347779,324612
347781,778179
347783,628592
347787, 51210
347794,209620
347795,829234
347797,804517
347822,788772
347825,599517
347840,610092
347842,230348
347849,346072
347849,123118
347852,213464
347853,773336
347858,601933
347868,797485
347887,827269
347888,812127
347890,646836
347903,787919
347914,179134
347919,781116
347921,806085
347924,791588
347925,224780
347931,787315
347939,798621
347962,770004
347963,516580
347966,606398
347967,809391
347987,769874
348005,103177
348020,771637
348022,749826
348024,216807
348024,772229
348034,826791
348040,371229
348044,610298
348045, 97731
348047,198173
348050,198526
348051,790817
348080,772030
348080,631837
348081,204524
348084,589011
348087,126406
348097,757151
348107,602209
348114,813214
348115,603459
348120,808437
348122,606911
348133,805075
348145,761888
348163,821735
348188,618035
348192,763896
348196,800169
348197,606045
348214,782899
348223,623673
348230,817841
348239,824124
348244,833560
348253,605258
348264,789160
348294,344343
348299,831654
348301,666587
348307,778711
348316,298410
348319,118111
348326,797788
348332,804361
348352,819929
348360,760613
348366,769570
348376,813095
348378,806431
348379,791079
348388,801506
348392,601739
348416,232956
348419,815370
348425,797983
348427,791153
348431,755718
348470,617850
348474,648401
348485,809921
348501,762039
348501,684181
348502,799907
348520,835884
348523,805134
348531,203255
348538,201907
348542,821771
348546,327368
348553,742932
348554,562785
348555,280507
348556,736584
348560,759518
348568,170108
348578,493446
348581,794093
348589,225535
348599,814403
348617,751250
348620,762980
348620,823036
348625,621355
348627,785682
348629,642319
348641,824643
348652,790458
348666,786493
348674,755965
348695,759129
348699,802782
348705,805164
348717,287645
348722,788849
348726,804781
348727,113689
348735,767818
348736,794741
348739,760391
348745,778553
348758,746676
348762,100833
348772,825171
348774,599659
348785,817799
348792,801990
348799,245211
348803,773356
348807,126548
348809,355822
348814,798298
348829,203618
348838, 83737
348855,819962
348872,604121
348910,822565
348912,752194
348914,819089
348915,521662
348919,606549
348926,247906
348931,777790
348933,789425
348933,177500
348938,781469
348941,758325
348951,186721
348962,123601
348971,828823
348994,791100
349019,803042
349033,811273
349040,806509
349065,813785
349100,233333
349102,535208
349109,319220
349110,768395
349112,570822
349114,771461
349117,815466
349136,757582
349141,675083
349141,754009
349143,755852
349167,215042
349171,770330
349178,542406
349185,206681
349194,620542
349196,757086
349199,822391
349200,320899
349205,314936
349211,104482
349218,610254
349218,797871
349221,605741
349225,817006
349236,756581
349237,805313
349247,635716
349270,772681
349274,826072
349275,786430
349276,192241
349288,131503
349290,225386
349294,202161
349295,360034
349303,158540
349314,113843
349319,108086
349319,831256
349324,791407
349326,821669
349348,757214
349352,803189
349363,610170
349363,190267
349371,765450
349376,606985
349393,110359
349395,663841
349396,764189
349401,773602
349403,610014
349404,799287
349410,134128
349417,755135
349422,780668
349423,622854
349430,775053
349432,182611
349439,796706
349458,816396
349458,775035
349499,660626
349508,763622
349509,600953
349513,222510
349515,817364
349516,793869
349522,766797
349522,172942
349529,225730
349535,798642
349537,810156
349547,602680
349547,764234
349550,780742
349564,805607
349582,145598
349589,832148
349591,264594
349595,611856
349610,807134
349613,338085
349620,815268
349646,774945
349649,231544
349681,809915
349688,596893
349696,749915
349707,112802
349717,806826
349735,185606
349738,227726
349753,776932
349763,773822
349774,788900
349781,783140
349785,771775
349786,798658
349799,826212
349804,606043
349807,765767
349810,215541
349824,821239
349830,743668
349834,790210
349835,759069
349837,645360
349837,116372
349841,323245
349844,333079
349854,697840
349863,281403
349865,111694
349867,780508
349894,227438
349897,203696
349906,514041
349913,796460
349913,681203
349914,779260
349917,334827
349934,782988
349966, 43136
349968,765014
349973,662759
349974,759668
349981,813612
349984,163063
349989,798630
349991,602628
349992,714358
349993,822226
349995,153501
349996,789119
349999,768269
350006,592806
350008,326903
350009,825756
350015,813546
350040,790497
350040,504103
350058, 88216
350085,803723
350094,769343
350097,202044
350108,516110
350112,804520
350115,308571
350123,806197
350123,794724
350128,667296
350128,764132
350133,810832
350147,798859
350173,224508
350178,763265
350191,772883
350202,246635
350208,809378
350209,757892
350230,856780
350235,767127
350238,801095
350242,758125
350263,769743
350273,791274
350286,339471
350301,279117
350306,764149
350306,763236
350320,773607
350323,828513
350340,801170
350345,619064
350347,823793
350351,640028
350376, 66227
350376,799532
350382,606326
350393,396215
350397,742644
350408,798946
350415,773201
350415, 93727
350419,772666
350427,376050
350431,801689
350443,731516
350452,161809
350461,385451
350462,822229
350465,225807
350474,755592
350475,818834
350476,772470
350489,699579
350495,798058
350511,770283
350517,204519
350522,806743
350529,610909
350533,214844
350544,763726
350562, 99123
350583,794503
350586,647424
350592,608470
350593,345152
350593,767964
350600,797469
350601,617885
350607,206647
350615,783551
350616,787636
350617,393539
350619,804799
350635,614095
350638,292770
350666,750273
350674,754544
350675,237177
350679,123993
350685,623534
350687,161410
350704,823548
350714,238904
350719,841361
350719,679411
350725,344024
350725,809236
350741,763519
350761,205797
350761,605568
350762,180196
350770,595207
350772,787912
350786,350263
350788,772321
350790,759687
350792,247158
350793,822357
350794,811279
350809,769809
350811,779818
350826,771609
350830,198559
350835,173282
350836,828236
350840,820660
350841,782310
350843,689467
350847,814119
350847,323245
350852,671786
350860, 87324
350867,770201
350875,823960
350885,109262
350888,774213
350902,602598
350911,765832
350913,363237
350916,801449
350918,767861
350919,869635
350940, 81161
350940,815788
350943,822837
350944,808269
350949,612313
350951,239556
350953,817348
350959,776125
350963,791484
350964,807514
350970,804814
350972,792830
350973,808252
350978,791248
350979,798064
350984,812975
351003,762805
351008,174858
351011,765736
351026,805808
351028,801676
351042,112440
351045,791959
351047,807318
351048,541190
351059,535319
351059,221221
351062,789304
351062,820922
351075,130972
351081,819289
351096,772500
351098,129733
351103,764990
351108,766017
351125,758903
351125,702349
351130,231096
351133,740765
351147,758762
351150,233388
351153,789924
351161,814188
351172,777921
351185,816833
351186,602054
351189,754655
351191,653784
351191,794692
351191,529926
351192,834444
351197,344411
351200,772682
351205,787485
351207,600686
351207,791617
351220,762925
351232,809071
351238, 92281
351245,802813
351246,772835
351257,821137
351265,210317
351266,616231
351267,757142
351282,848413
351283,201902
351290,817648
351304,773132
351338,788127
351349,174777
351351,760162
351365,180708
351375,764163
351380,665976
351382,215925
351382,814014
351386,132965
351397,125485
351399,104259
351401,768508
351402,146214
351411,640245
351412,802995
351413,605259
351418,797227
351427,771009
351433,745824
351445,782725
351457,782108
351459,147380
351463,748049
351490,107063
351492,619284
351494,800117
351494,137124
351510,795023
351517,231647
351520,774942
351527,228189
351531,199470
351533,210664
351535,800322
351536,121023
351536,204750
351540,604155
351543,755041
351544,608857
351552,807636
351562,852512
351562,146312
351566, 88881
351567,605925
351575,664189
351580,149503
351586,599623
351588,762356
351596,846911
351602,667460
351624,680068
351630,354879
351630,106691
351631,764852
351641,607689
351643,367889
351658,194283
351660,800463
351685,668301
351691,225258
351694,644994
351694,759545
351699,793891
351703, 71905
351710,195181
351711,757133
351712,769740
351721,223994
351725,782472
351730,806225
351753,345453
351755,816321
351761,558866
351767,813755
351769,837049
351774,797438
351774,610146
351777,106391
351794,829175
351798,142900
351799,592205
351800,759107
351805,824804
351826,756229
351826,807758
351838,613241
351838,764294
351844,668481
351852,775511
351855,806890
351858,793219
351860,811598
351863,767508
351866,818614
351879,781247
351881,879873
351883,790631
351891,164525
351898,836514
351907,788188
351927,120010
351929,206643
351950,626947
351955,767063
351964,808474
351965,793561
351980,243285
351993,758668
351999,246364
352003,298972
352007,771937
352008,790222
352017,759405
352029,820520
352040,749147
352047,163643
352072,330264
352072,612737
352086,196373
352088,805386
352097,602594
352104,797874
352109,228546
352128,603532
352136,597762
352143,819481
352145,604083
352147,762639
352152,130108
352153,652796
352154,824649
352155, 67960
352160,798301
352164,632246
352171,618549
352199,757197
352215,199240
352215,678969
352249,222267
352257,118480
352262,798533
352282,819142
352282,794636
352290,122888
352299,610242
352309,774449
352315,776633
352325,342221
352328,820714
352341,888290
352349,780033
352361,600515
352365,760199
352378,604765
352398,787964
352399,811702
352399,532326
352400,768487
352431,241154
352437,831766
352439,242080
352441,768972
352460,778778
352467,817702
352476,797014
352483,785079
352483,320630
352483,761997
352484,757444
352494,624311
352498,202679
352503,787112
352503,639615
352545,782567
352547,591622
352549,822040
352556,817810
352566,768198
352569,613957
352584,613706
352595,813808
352600,139549
352604,818937
352621, 66177
352627,215170
352632,599204
352637,793851
352637,489492
352642,779266
352654,803869
352666,768774
352678,792818
352682,177427
352689,211546
352690,804771
352693,605109
352694,134998
352704,276951
352709,104081
352751,797057
352760,804918
352763,803338
352765,348270
352767,784924
352775,825559
352776,142176
352779,802126
352780,789075
352788,789859
352792,782311
352797,224407
352809,825439
352826,143055
352831,602571
352835,811717
352837, 76609
352839,225801
352846,813520
352852,648413
352867,747141
352869,766745
352876,777204
352882,521868
352884,796275
352885,863099
352887,769250
352903,773250
352904,392769
352910,737756
352917,786195
352929,830555
352948,563216
352965,599412
352970,807257
352975,612980
352983,349630
352986,779869
352991,370406
353012,757851
353018,820196
353019,816342
353033,115842
353035,804311
353038,825935
353050,806633
353066,788583
353070,609512
353076,812695
353077,653427
353083,744912
353101,798029
353103,175931
353103,771621
353104, 79667
353113,798190
353114,765184
353114,805973
353119,817907
353137,815824
353139,805999
353141, 79625
353149,101983
353174,183393
353183,107530
353190,229844
353198,760397
353200,589643
353200,791106
353213,605682
353219,251596
353223,803016
353233,775837
353236,749216
353238,643626
353238,803536
353241,557657
353245,753928
353247,194119
353253,621350
353253,760616
353256,814833
353287,750886
353293,814385
353295,773498
353296,767572
353304,359889
353307,257829
353312,617116
353317,761608
353331,239315
353356,826264
353367,527134
353373,794962
353395,763764
353402,618651
353409,778286
353421,556683
353428,767091
353440,763860
353444,791169
353445,833793
353446,118043
353457,128847
353459,604270
353465,231096
353467,613572
353477,769507
353485,220831
353489,829675
353495,126445
353516,789258
353521,789201
353533,207133
353537,753955
353538,773638
353548,179624
353567,800152
353589,795869
353606,751799
353613,806453
353614,837406
353614,620016
353617,130285
353620, 45196
353620,634811
353644,801447
353667,227727
353668,802365
353671,518997
353675,387812
353675,799493
353691,650762
353701,595078
353705,755311
353707,606065
353710,806788
353723,776647
353728,807226
353732,602227
353734,814983
353734,771636
353742,765286
353749,149436
353757,806663
353758,815872
353760,784639
353768,757427
353772,620351
353773,675634
353776,587633
353783,822103
353783,531259
353794,801697
353803,356835
353814,803474
353821,116871
353821,634239
353834,227653
353834,809172
353835,757182
353844,802645
353845,835635
353846,818737
353849,130449
353863,792513
353866,198575
353869,765813
353875,814569
353889,802643
353891, 72196
353896,767533
353911,644607
353925,800597
353936,759915
353938,802112
353944,168622
353945,778200
353946,689024
353946,204003
353949,800863
353957,638083
353983,248735
353997,801524
353999,606754
354002,757868
354012,142198
354019,797062
354024,795910
354038,768124
354053,790745
354057,810619
354058,800707
354059,746565
354067,777895
354070,808545
354088,813329
354097,814220
354103,797506
354104,819923
354110,761459
354121,320085
354122,787372
354123,605642
354164,816114
354167,766888
354170,840187
354171,683616
354178, 90371
354181,777334
354188,765161
354192,614351
354199,692260
354199,751774
354199,765996
354214,204671
354220,642176
354228,599003
354229,691403
354248,772040
354259,799955
354259,532549
354267,101801
354269,601366
354286,156315
354292,804976
354314,608907
354321,769433
354328,836403
354330,619910
354341,796987
354353,754627
354355,733514
354363,607157
354368,682215
354370,600264
354378,749955
354385,597789
354385,138800
354390,796739
354393,232622
354397,809954
354402,627682
354405,769858
354406,767589
354411,764557
354413,124265
354416,616348
354422,761417
354424,151683
354427,827762
354429,740406
354440, 54386
354443,203545
354443,776676
354447,810316
354466,770235
354471,790405
354473,599676
354475,183914
354488,815416
354488,142001
354490,762232
354495,756567
354500,789429
354515,614743
354516,769599
354526,815771
354536,341522
354545,745932
354548,748459
354550,836612
354552,328178
354559,205778
354563,770404
354570,768984
354576,761768
354583,752375
354588,787829
354592,607718
354606,195010
354608,109013
354617,800740
354637,595076
354637,750317
354665,224755
354668,755993
354676,227633
354682,610841
354684,826415
354702,158663
354702,776017
354702,811250
354707,659291
354712,218165
354716,802713
354717,751748
354718,806893
354719,592307
354729,593653
354730,814965
354736,811939
354739,600309
354740,763193
354742,604286
354746,826201
354751,131116
354752,767417
354760,764380
354764,649981
354767,619148
354777,799909
354778,825459
354782,771771
354787,780386
354798,757699
354807,829780
354813,804141
354816,742683
354826,788071
354829,821596
354836,574557
354844,599940
354856,752411
354875,768851
354879,763831
354883,809919
354885,805741
354892,801302
354897,765087
354902,513988
354911,787412
354911,579037
354919,775053
354923,616715
354925,784264
354940,802472
354940,809454
354943,803458
354943,798396
354946,136305
354951,828122
354954,785553
354957,610901
354988,767264
354989,795387
355001,615908
355003,318222
355003,593885
355012,773689
355015,817161
355024,234474
355033,203315
355039,807697
355039,793494
355040,785205
355041,757838
355042,814345
355042,353796
355051,304620
355054,819125
355066,594682
355067,604637
355069,810662
355071,816700
355074,206736
355075,638913
355084,222510
355088,774345
355088,612618
355092,632280
355096,756239
355096,620472
355097,776205
355099,601599
355101, 93006
355110,149733
355118,174727
355123,576082
355135,817750
355139,776446
355140,590299
355147,754778
355161,458251
355162,611368
355165,764082
355172,773518
355173,243412
355183,799868
355186,214359
355187,601283
355188,298546
355190,773352
355194,222874
355197,800705
355198,786178
355201,604405
355211,603422
355222,237696
355223,205740
355224,610820
355227,125196
355229,545809
355249,109058
355252,693753
355255,730914
355258,752953
355266,782029
355268,773858
355274,616126
355289,758308
355289,576787
355296,805084
355310,766027
355324,797956
355330,791496
355332,108767
355335,796784
355337,128192
355350,805115
355351,804487
355356,631359
355360,209809
355361,755166
355364,826583
355369,172640
355383,751512
355386,154477
355387, 98500
355394,108052
355399,807449
355403,800910
355416,114962
355428,828111
355435,224330
355447,775351
355452,806584
355454,158129
355455,653042
355455,623302
355456,608903
355457,753883
355464,609823
355474,835180
355475,158070
355480,780096
355491,809477
355502,825357
355512,765430
355516,791755
355529,814216
355549,629941
355556,765470
355559,677195
355565,650757
355583,590259
355595,774333
355603,632997
355613,689130
355614,767445
355616,621390
355627,809336
355634,771631
355635,632673
355641,604578
355645,605254
355659,833248
355659,130719
355667,877560
355681,799463
355685,183409
355686,775440
355690,249649
355691,599019
355693,765808
355695,201632
355704,811919
355707,823341
355724,762893
355726,769071
355727,797640
355733,339859
355741,145258
355760,798675
355764,754579
355769,642972
355777,811032
355780,755648
355782,817702
355784,792831
355805,137109
355811,789710
355817,776981
355817,825668
355821,795652
355825,606088
355834,592522
355834,590387
355840,754762
355850,608937
355852,529873
355853,776508
355868,234538
355869,817249
355879,868350
355889,768695
355894,809300
355900,594383
355906,815022
355923,605499
355924,602726
355931,179116
355935,798572
355938,803700
355949,776623
355953,774150
355969,641148
355974,599637
355986,664420
355989,797904
355995,653408
356003,609521
356006,763815
356014,790516
356018,819541
356019,764475
356022,775339
356023,796420
356024,220070
356029,813353
356031,658907
356041,822749
356042, 74011
356063,768915
356067,828165
356075,798620
356078,595124
356080,601015
356090,132817
356090,615081
356095,761181
356097,768275
356104,611077
356125,793007
356129,114734
356133,594413
356141,787041
356148,754180
356161,218553
356177,764317
356179,814580
356197, 88627
356203,815025
356204,612391
356205,828903
356213,611096
356214,758990
356222,748709
356227,134327
356242,761440
356242,769332
356257,198237
356269,612731
356279,245789
356280,808052
356282,801895
356283,195898
356291,750118
356301,751184
356312,351515
356313,763008
356326,801193
356332,144143
356341,800827
356343,646735
356353,663584
356361,590561
356366,759059
356372,802387
356379,605024
356382,629827
356383,506749
356389,597264
356403,772255
356412,789786
356414,773534
356415,821052
356420,834543
356434,613175
356439,603352
356443,768280
356463,145201
356471, 78912
356472,599877
356473,671884
356473,782016
356479,783602
356482,771384
356484,595745
356485,806800
356488,758098
356499,816687
356503,758612
356507,623144
356509,765611
356511, 97317
356516,796594
356527,756722
356533, 65944
356534,815635
356536,781740
356548,786768
356552,828749
356560,827925
356560,832465
356566,508509
356571,505829
356585,777434
356590,598920
356595,756126
356604,599339
356608,753145
356608,774615
356610,662472
356619,748682
356628,599725
356631,729076
356636,798553
356636,763294
356642,795285
356646,809322
356647,791778
356648,773032
356654,169509
356657,810584
356669,751021
356678, 97324
356681,793224
356683,764349
356694,608630
356695,607998
356696,761099
356707,761383
356709,220090
356727,218508
356731,792671
356738,601324
356742,771751
356753,787566
356759,586523
356760,777622
356766,803958
356772,764481
356774,641198
356781,807764
356786,583302
356798,224622
356806,597518
356809,833015
356823,602871
356824,823438
356829,606784
356854,608647
356857,153045
356883,110941
356886,836741
356891,778541
356891,808665
356895,769322
356896,606142
356916,808032
356916,616754
356930,104735
356933,144078
356942,611806
356944,197877
356950,813273
356955,607017
356982,768975
356985,868828
356987,779515
356991,351769
357000,184460
357005,772112
357014,856218
357015, 74187
357022,765717
357023,735107
357028,204711
357039,808070
357044,738100
357080,816668
357097,599436
357099,821060
357106,223160
357106,810870
357111,801841
357113,262465
357118,649394
357121,765903
357136,833546
357140,112686
357146, 83906
357155,606478
357165,208684
357165,798485
357171,810774
357171,746375
357179,613811
357179, 87139
357179,621039
357190,676410
357200,829347
357206,598331
357222,754583
357225,803385
357227,823512
357227,818932
357233,822195
357241,806099
357245,774966
357246,603382
357248,607663
357262,797622
357265,786134
357272,883790
357275,134222
357282,227551
357291,755279
357335,813438
357337,766808
357348,154511
357351,623422
357372,671055
357374,602021
357375,822670
357377,771134
357377,814729
357379,148396
357391,765545
357394,800821
357394,678534
357395,764817
357396,613623
357406,604321
357413,358263
357417,609898
357417,765160
357418,785752
357420,801994
357424,612383
357429,793995
357436,788254
357444,116025
357444,770297
357457,664554
357462,815032
357463,655983
357467,752192
357467,749878
357472,243258
357476,821691
357483,604613
357506,792438
357510,815989
357518,639880
357528,799685
357529,755980
357538,773188
357538,200298
357538,601580
357539,770561
357546,767340
357550,751587
357559,812028
357559,791792
357560,773723
357565,794438
357567,798104
357567,790518
357568,604186
357569,758517
357570,854623
357575,225359
357577,243257
357588,120064
357593,644079
357627,815817
357638,747658
357638,831700
357640,772597
357652, 91117
357656,786558
357670,767960
357674,565574
357676,796678
357681, 94287
357688,601759
357690,754548
357691,812798
357714,451155
357715,170701
357716,138558
357722,774494
357745,792111
357746,786589
357747,796311
357757,742300
357761,215946
357764,591127
357777,205955
357777, 86512
357783,768312
357787,765445
357813,115745
357819,522808
357823,596967
357839,634788
357849,604556
357851,129158
357853,767811
357853,751016
357858,823536
357862,775222
357869,608598
357870,776265
357882,139217
357898,596005
357902,765462
357911,593291
357918,288167
357934,812032
357949,835292
357951,769781
357955,623500
357993,828953
357998,814517
358003,805316
358005,140799
358007,767094
358013,168528
358016,798155
358019,622869
358020,604382
358030,803882
358030,790738
358035,790557
358044,144163
358050,800398
358053,116905
358057,219351
358060,161909
358061,817494
358078,765745
358083,794058
358083,777289
358087,594435
358089,699683
358101,818862
358111,602167
358112,775664
358116,805708
358120,816397
358126,634009
358131,767002
358142,360974
358145,600290
358157,612036
358158,792047
358158,159284
358171,792270
358171,222746
358173,608846
358181,581450
358196,826503
358214,632320
358220,760828
358223,780272
358230,604626
358235,829588
358241,812873
358243,770627
358244,282164
358248,112754
358262,750897
358267,756705
358277,605693
358278,148000
358298,612396
358299,785895
358300,609377
358300,763543
358301, 78868
358308,873886
358316,335420
358324,758256
358333,816860
358349,775271
358357,763675
358366,812148
358372,786465
358374,820707
358385,158451
358385,811194
358391,599559
358391,772374
358420,769308
358424,605314
358427,829208
358433,191886
358436,599165
358441,815181
358441,810528
358445,606548
358447,611521
358450,781295
358450,258671
358459,815220
358461,757604
358466,815504
358468,206827
358474,181035
358482,793113
358483,806712
358486,824250
358492,679768
358495, 92249
143363,738250
143363,570958
143368,569216
143368,569461
143368,743539
143369,571715
143371,566640
143375,568698
143377,572330
143382,571666
143385,571239
143386,732805
143390,742725
143394,737930
143396,735246
143402,898893
143407,566526
143411,568579
143413,569010
143416,739877
143417,566577
143419,734959
143421,567060
143421,569835
143424,886513
143429,741650
143430,735461
143431,566440
143436,735651
143437,569799
143437,734498
143438,893072
143446,570835
143448,735319
143449,571608
143449,573432
143456,732239
143464,737133
143467,741417
143468,736471
143473,739769
143478,738285
143479,735178
143484,569497
143486,569275
143487,571140
143490,568575
143491,569537
143492,568217
143493,736823
143494,882043
143503,570339
143506,735803
143512,571186
143514,564954
143520,570124
143521,885299
143523,741961
143529,566553
143531,570520
143540,570996
143546,741779
143548,570143
143553,571108
143554,571875
143555,571457
143559,739734
143588,570454
143589,871356
143599,570536
143600,736489
143602,738803
143604,572658
143604,736993
143608,743028
143610,569551
143611,743130
143613,570800
143617,570374
143617,736162
143618,569530
143618,569277
143620,736941
143624,570390
143626,573254
143628,569609
143628,571208
143630,734568
143632,570551
143636,569754
143639,735732
143648,570644
143652,569152
143652,736561
143653,565890
143658,569187
143664,569725
143665,568758
143665,564366
143666,737783
143666,570800
143679,570728
143685,568290
143694,572291
143695,572915
143698,569575
143699,883408
143699,460492
143703,564396
143704,566606
143711,571973
143713,570277
143716,730998
143717,565927
143718,739470
143719,890720
143725,572056
143727,889246
143730,734441
143733,738429
143734,738104
143735,567329
143737,571982
143738,734527
143739,572421
143739,567793
143743,568304
143753,570770
143754,738497
143760,570207
143763,569591
143768,569316
143768,741478
143770,737179
143780,571116
143782,565423
143782,570883
143784,909316
143787,739852
143789,738273
143791,740950
143795,893025
143797,881143
143798,741903
143803,742192
143806,570938
143808,567905
143812,570319
143820,731263
143820,571233
143823,734066
143824,566889
143825,738781
143826,743038
143828,568734
143830,569710
143832,571423
143833,567833
143833,570284
143843,740395
143845,568998
143846,574383
143848,570444
143849,571983
143855,736197
143855,890301
143863,565243
143869,572540
143873,735162
143876,571069
143877,854288
143880,740165
143880,736410
143884,570393
143884,737512
143884,567286
143894,568312
143902,569724
143915,568753
143921,573218
143926,730214
143927,570370
143927,730009
143930,571589
143932,568085
143937,569681
143944,570098
143945,573465
143945,568518
143947,571720
143955,739432
143958,739654
143958,568093
143960,569861
143961,569971
143961,739955
143964,572572
143965,571260
143971,883476
143974,567614
143976,891308
143978,572633
143981,737473
143981,738811
143985,901933
143985,569818
143986,569522
143989,565818
143991,569715
143992,563379
143995,737635
143995,731641
143998,571048
143999,573068
144009,739267
144015,569878
144023,743542
144023,567353
144025,882451
144026,737380
144029,571569
144033,564780
144034,729875
144040,572890
144040,737693
144041,569233
144044,568936
144046,569864
144050,567962
144054,895409
144057,570991
144058,738527
144059,569944
144062,903554
144062,740034
144062,743152
144068,733575
144071,568079
144073,570613
144076,568963
144082,736216
144084,572323
144085,567358
144085,567606
144089,569937
144090,570464
144092,567099
144095,737518
144097,569770
144097,566026
144097,730895
144097,569266
144101,571350
144103,568911
144103,735751
144105,570399
144106,736073
144108,897630
144111,741213
144113,460902
144114,570205
144115,571698
144116,569630
144122,737080
144125,567759
144126,737505
144128,736764
144129,566356
144132,740477
144135,567234
144135,569236
144137,566105
144138,914028
144140,876447
144143,569000
144143,737050
144150,733774
144150,569911
144152,568939
144155,736852
144164,570769
144171,738354
144174,569163
144174,566933
144179,567663
144186,568923
144188,569942
144191,737845
144192,573504
144192,566705
144196,567516
144198,572329
144198,573301
144198,572090
144199,570503
144201,570714
144201,734288
144201,574265
144208,569527
144208,885684
144209,568227
144211,569107
144211,571897
144213,570293
144215,567824
144216,569567
144226,572227
144227,739153
144228,739465
144233,869715
144233,568407
144239,566270
144243,568638
144244,568340
144249,566564
144250,740150
144250,570375
144252,571366
144253,571832
144261,740965
144262,735149
144262,568776
144263,570300
144264,570553
144264,737138
144264,568794
144265,874951
144265,729011
144270,739888
144273,568924
144275,569965
144276,566490
144277,568845
144278,572264
144282,738646
144285,574011
144287,734137
144287,568134
144288,569826
144290,567609
144293,742443
144293,569216
144294,572430
144297,569420
144299,863021
144311,893403
144313,567513
144315,569176
144322,570740
144326,743268
144335,568512
144336,738966
144336,569017
144337,568822
144346,564179
144352,565329
144357,566809
144359,896441
144365,571239
144367,734961
144369,736070
144370,567650
144376,569849
144379,566780
144385,571052
144386,569627
144386,568369
144390,569435
144390,735651
144391,568292
144394,568827
144395,569829
144397,566524
144398,568134
144400,572084
144401,566558
144412,570347
144412,566516
144422,570570
144423,572421
144423,566726
144428,568131
144431,568994
144439,568525
144441,888535
144448,568071
144454,566423
144460,741893
144462,568846
144465,566235
144466,572027
144469,570055
144470,569306
144476,569605
144478,567145
144482,736981
144491,567344
144492,571341
144495,568035
144500,735730
144501,570041
144503,569395
144507,569553
144508,564691
144510,881352
144512,739183
144515,570287
144522,568485
144524,567779
144529,570058
144530,569087
144536,570470
144537,568447
144550,731705
144552,737088
144555,894800
144557,735055
144563,572261
144564,568408
144567,572524
144569,567993
144571,568934
144574,873666
144583,567651
144584,736555
144585,570184
144589,901223
144591,569449
144592,572261
144594,570773
144595,565397
144596,573089
144597,736945
144600,569140
144601,570127
144602,566915
144603,571615
144606,740078
144610,740437
144610,569376
144612,567200
144612,566873
144615,571344
144617,904613
144620,571733
144622,571451
144623,741171
144624,567959
144630,569176
144630,567616
144641,568423
144641,567678
144642,565615
144643,569383
144643,739127
144646,570936
144646,568667
144649,567991
144651,571814
144652,569815
144653,567559
144662,865922
144663,569208
144664,570499
144669,740374
144671,567325
144676,566515
144676,570113
144682,569920
144683,572296
144684,739042
144686,566498
144690,570490
144690,569624
144691,572859
144694,735155
144696,569983
144696,571692
144696,566458
144696,569653
144699,565818
144700,878595
144700,569549
144704,737255
144711,570244
144712,569220
144718,569818
144721,743081
144722,568941
144722,732339
144726,568448
144728,570155
144729,570820
144732,566677
144735,569178
144735,572471
144739,572421
144740,568576
144743,566448
144744,571157
144744,569387
144745,741430
144746,570761
144747,565245
144749,568942
144749,571181
144750,738808
144751,572733
144752,570395
144754,887338
144755,565860
144757,742043
144757,574072
144757,867108
144758,738451
144760,571959
144761,571859
144763,569616
144770,563201
144771,573388
144772,870975
144773,567947
144776,739526
144776,568439
144781,566397
144785,564113
144794,570586
144794,568533
144795,568563
144800,910492
144802,885870
144805,738871
144806,739783
144811,566524
144812,567549
144813,735232
144813,568056
144816,739947
144817,569408
144822,736259
144825,734659
144826,573136
144830,570545
144832,565918
144833,567675
144834,568614
144835,738519
144837,569601
144841,894328
144841,569670
144843,738404
144850,568502
144853,568041
144854,566981
144857,570606
144857,734438
144860,889948
144861,572438
144862,569044
144873,569018
144874,571631
144875,738504
144876,859249
144877,570123
144877,571840
144878,570154
144879,567725
144881,572535
144882,564544
144882,566972
144882,573874
144884,869174
144884,565049
144887,571839
144887,733333
144888,571147
144889,570229
144890,568724
144891,567370
144891,572747
144892,567112
144892,569370
144892,568436
144893,569002
144901,574164
144908,567208
144911,571593
144912,734800
144917,568478
144917,739399
144920,570698
144921,570636
144924,567276
144929,570337
144932,734969
144935,571176
144941,569243
144944,732101
144951,565582
144960,566074
144962,573234
144963,571291
144965,736652
144967,736085
144968,568929
144968,570233
144971,567459
144973,150072
144974,568532
144975,569137
144978,896934
144979,573007
144979,571939
144981,565978
144982,571014
144985,567261
144987,737782
144987,739456
144987,566901
144987,570311
144989,569280
144992,570604
144993,909465
144994,567899
144996,734775
145003,572117
145006,571832
145006,571528
145009,567440
145011,739767
145011,568928
145013,566907
145016,737054
145024,916050
145026,736138
145029,895220
145031,863030
145031,570267
145032,568844
145033,569584
145035,570461
145042,570027
145052,567941
145056,736524
145060,738659
145061,565799
145062,569365
145069,568644
145074,569527
145075,573445
145075,572097
145076,890199
145082,567157
145085,570200
145087,565439
145089,571167
145091,568007
145092,567123
145094,734645
145095,569145
145097,571781
145100,570712
145104,737748
145104,572723
145104,568366
145104,569158
145105,571154
145107,569179
145107,569451
145112,570318
145117,573079
145122,568501
145122,453955
145124,568154
145130,734040
145131,567204
145134,740396
145137,567297
145138,569967
145140,733900
145142,573696
145143,571038
145143,568591
145145,568084
145145,888884
145146,570814
145147,898755
145149,569355
145152,571794
145158,730075
145160,564369
145166,569323
145166,570791
145167,568281
145167,568160
145170,737837
145174,570285
145180,573212
145180,564883
145181,569994
145181,571651
145182,568809
145186,897691
145191,574369
145194,566644
145194,569932
145201,572962
145203,569092
145205,569876
145206,741348
145208,736960
145219,569315
145221,876659
145222,146871
145225,571334
145230,569395
145231,568818
145232,741270
145236,569180
145236,568153
145238,570286
145243,574318
145250,568221
145251,568243
145252,568982
145253,570559
145256,571987
145264,570887
145264,569867
145266,569756
145269,570156
145271,732285
145279,568348
145284,568693
145285,567318
145286,567602
145287,569333
145292,568039
145294,742216
145298,568903
145300,569126
145304,573645
145305,570938
145307,570522
145309,736388
145310,571128
145312,571308
145314,568522
145316,569490
145319,574186
145319,573394
145321,571866
145323,876281
145326,568758
145328,568665
145328,569369
145329,737669
145331,566793
145331,565884
145333,569297
145335,568037
145336,146719
145340,566632
145340,566948
145342,734726
145345,573194
145350,566440
145354,889495
145354,570726
145356,569379
145356,567551
145358,569574
145368,863211
145369,571208
145370,893702
145372,738937
145373,570890
145376,571554
145377,569053
145379,571011
145380,570068
145382,565140
145384,571459
145387,570372
145393,571580
145395,568285
145396,570158
145399,571784
145401,567749
145403,568952
145404,572768
145405,571652
145405,567248
145406,573942
145408,567642
145412,568014
145413,572016
145415,568702
145417,570392
145421,737075
145424,900322
145433,568451
145436,738208
145436,572178
145439,568951
145439,569942
145440,569842
145447,569129
145447,564342
145452,572081
145452,571636
145453,567510
145453,569633
145455,568753
145457,736793
145462,569077
145462,739235
145463,569727
145465,568336
145468,838361
145468,568818
145469,568394
145470,736095
145471,569480
145472,893425
145473,568998
145473,571427
145476,570137
145478,571144
145480,734343
145485,733734
145486,888452
145487,894172
145489,569825
145491,568514
145493,566924
145495,857532
145497,570907
145499,567030
145501,572326
145508,568803
145509,736192
145510,566795
145512,569103
145529,733383
145532,571970
145540,570469
145540,566562
145541,735280
145542,568042
145543,569510
145547,731705
145553,569241
145553,571976
145554,571540
145559,567646
145559,574870
145562,565739
145564,571884
145566,570195
145568,570327
145569,735566
145570,572135
145574,566126
145575,569840
145576,570800
145583,568086
145584,568099
145584,568322
145586,738047
145586,571644
145589,570720
145590,571615
145591,569550
145591,568128
145593,573648
145596,741037
145600,571500
145601,567216
145602,566554
145604,572610
145613,569769
145617,568995
145623,569988
145627,735546
145629,571360
145630,572735
145631,569142
145633,568304
145637,569249
145638,571582
145642,742111
145642,875084
145644,570365
145651,569966
145652,568050
145652,569951
145655,877235
145657,569407
145657,570674
145662,570465
145664,737304
145666,565021
145671,569554
145672,566145
145674,570575
145678,885368
145678,569898
145679,564928
145682,568250
145686,565913
145686,571286
145687,568976
145689,569288
145689,571339
145690,566770
145690,571072
145691,892782
145692,569693
145693,738202
145696,735706
145698,732772
145700,571154
145701,732579
145703,567854
145717,453435
145719,571580
145725,873597
145726,570254
145726,570237
145727,571960
145729,568090
145731,567571
145731,567685
145734,569442
145735,736526
145735,572923
145736,567137
145736,572620
145737,566328
145738,736941
145739,568097
145742,571599
145745,570324
145745,566624
145746,743105
145748,569503
145748,735928
145749,574722
145750,746659
145753,567202
145757,736230
145759,569579
145760,567729
145763,570202
145767,569879
145768,742071
145770,736169
145770,570504
145774,731968
145778,571713
145779,571629
145783,571767
145786,144518
145787,569938
145798,569216
145799,743515
145802,908842
145804,904154
145805,569608
145805,570200
145812,566495
145814,567491
145818,575012
145820,877889
145821,574399
145827,570104
145828,572832
145828,567715
145833,891566
145838,566934
145841,733364
145842,569625
145845,880342
145847,568965
145854,568246
145856,906092
145857,565573
145859,569822
145860,570525
145861,571735
145861,734022
145863,738640
145869,569403
145871,887804
145876,570525
145876,569334
145880,570768
145882,570389
145882,568957
145884,563952
145884,569460
145886,572141
145886,573311
145889,733710
145891,883660
145891,573005
145892,571477
145893,567560
145895,734467
145896,571090
145897,571493
145897,568670
145898,571855
145902,569391
145908,564272
145910,734427
145913,569052
145913,740872
145915,736438
145917,570029
145918,739879
145919,568730
145922,569966
145923,740811
145925,568379
145925,569951
145926,573079
145930,566624
145932,741921
145938,738545
145938,565595
145938,885771
145939,565614
145941,569867
145943,569939
145946,141781
145946,566330
145947,733966
145947,569582
145950,570242
145951,569255
145952,738013
145952,567614
145953,568952
145953,569191
145954,568178
145955,571091
145956,735952
145958,570265
145959,568352
145959,570428
145961,573460
145962,565682
145962,572341
145962,570329
145963,570581
145964,567549
145964,569480
145970,571107
145975,564630
145975,569886
145976,566272
145978,567863
145979,566788
145981,566797
145986,918406
145988,574066
145989,570033
145990,567905
145992,561156
145994,736029
145995,564851
145996,567725
145997,566625
146000,571246
146002,736568
146004,570916
146011,572671
146013,572928
146014,567362
146015,899049
146020,570221
146021,573963
146024,571764
146026,741143
146027,566740
146037,570612
146040,569462
146041,889316
146042,569015
146047,891020
146053,569967
146055,569340
146057,571164
146058,569737
146059,881910
146059,733577
146061,569775
146061,570590
146063,739868
146063,148235
146066,566849
146068,569090
146068,570360
146072,568083
146075,737470
146076,565022
146076,573180
146076,570575
146077,571504
146078,566487
146078,568623
146079,573358
146080,569645
146080,571598
146083,569416
146086,574074
146086,564244
146092,563762
146092,739222
146094,573919
146094,571633
146100,567921
146100,569386
146105,567572
146106,569890
146107,571937
146110,737984
146113,570068
146116,146104
146120,568917
146121,573058
146123,571751
146126,571242
146127,453165
146130,569977
146133,568674
146141,884928
146144,569559
146145,566501
146149,569829
146154,573611
146159,571020
146164,569172
146166,571500
146166,900124
146168,572427
146169,569839
146170,569804
146171,570203
146173,147605
146176,570287
146176,570693
146179,571835
146183,566343
146187,569891
146190,739533
146196,572828
146204,567707
146205,572410
146205,568970
146211,566593
146212,567405
146215,445992
146215,569652
146215,567665
146216,570736
146216,905241
146217,569451
146226,568482
146228,568008
146229,570243
146229,567285
146230,917325
146231,570198
146231,569896
146235,739859
146240,574859
146244,568061
146245,567587
146255,569408
146257,569226
146262,573089
146266,572382
146268,570430
146272,566833
146272,866488
146272,570733
146273,572556
146275,568073
146280,565705
146282,571298
146283,568053
146286,572437
146287,569205
146288,880612
146289,567258
146295,895564
146298,571604
146299,570781
146300,568295
146301,889446
146302,571006
146309,571193
146312,568951
146313,568212
146315,571584
146317,567598
146317,569491
146317,733610
146319,568678
146327,568232
146328,735974
146332,567470
146332,566778
146333,571172
146338,566071
146339,569385
146342,573547
146346,885751
146347,568757
146350,570465
146361,567670
146364,567401
146365,570909
146366,564642
146374,566772
146375,571308
146380,569203
146385,571565
146389,567228
146389,568330
146391,569310
146395,570512
146396,567948
146400,571060
146401,570920
146408,569492
146411,568565
146412,566799
146418,864037
146420,570731
146421,571409
146421,572654
146423,569588
146424,568684
146425,566665
146428,569897
146428,569906
146428,731104
146429,570965
146433,566866
146435,572185
146436,880900
146437,870161
146438,569405
146440,567473
146443,873434
146443,870066
146447,572555
146447,569073
146447,569619
146448,569140
146448,895010
146450,568238
146451,565760
146462,568101
146463,566673
146465,569476
146468,567746
146470,567843
146475,571171
146476,571275
146477,569927
146482,744793
146484,570391
146484,569475
146485,572517
146491,566777
146496,736162
146496,567530
146498,567276
146499,738287
146500,569754
146501,569341
146502,567695
146505,888349
146509,884308
146510,566204
146510,570890
146512,572763
146523,870130
146527,569009
146530,568040
146534,568839
146535,568778
146535,568661
146538,569101
146539,571757
146540,569354
146540,574883
146542,739276
146546,570032
146548,566838
146550,567817
146551,905823
146551,738847
146557,566753
146557,563877
146563,570482
146565,140064
146567,575292
146569,569222
146579,886673
146581,572058
146585,568419
146587,568249
146590,732478
146590,894315
146591,570120
146591,565903
146591,569137
146597,566293
146604,570047
146605,569080
146606,890337
146612,737134
146614,140999
146618,572128
146621,570785
146623,568678
146626,566836
146629,570097
146632,570851
146634,738819
146634,569559
146635,571044
146636,569965
146641,569276
146643,570279
146643,571916
146644,568729
146645,568855
146652,569998
146653,570601
146656,567272
146658,570375
146658,571035
146662,737662
146666,573113
146669,567196
146670,571888
146674,571790
146676,566974
146678,568580
146682,891920
146682,569042
146682,567632
146691,567824
146696,572699
146704,566145
146704,147563
146707,569273
146707,571829
146707,569221
146707,146050
146709,569022
146710,565638
146715,571737
146717,571689
146721,569976
146722,566412
146723,736150
146724,568777
146726,568432
146728,568139
146729,570763
146735,570088
146736,569658
146737,569515
146739,568839
146740,887393
146741,572223
146741,568534
146742,567574
146744,568614
146745,571183
146746,570025
146747,568758
146748,566854
146751,567789
146755,147161
146757,569416
146762,569204
146774,568245
146775,569935
146781,568472
146782,452030
146782,567755
146782,567309
146784,567822
146786,570903
146789,571973
146793,566678
146801,146529
146801,900579
146801,568059
146802,567444
146807,566174
146807,732956
146811,569931
146819,568946
146820,138838
146822,567370
146823,569300
146823,567036
146826,569079
146827,566576
146831,147698
146834,568367
146837,566596
146838,150847
146840,567572
146844,903499
146847,569341
146849,738089
146852,568397
146853,571690
146855,572712
146855,741935
146855,573641
146859,572185
146860,903977
146861,573361
146862,735903
146863,567107
146875,572721
146877,567270
146877,564791
146878,571911
146884,573413
146885,568348
146885,570772
146885,567621
146889,567964
146889,142307
146890,569755
146895,885717
146895,569137
146898,569663
146903,571141
146906,571775
146906,143361
146909,567654
146912,568865
146913,570413
146917,569783
146925,570154
146926,570126
146927,566281
146933,569964
146937,567761
146944,569055
146956,570792
146962,568023
146965,569706
146966,566947
146966,569879
146968,569590
146971,569134
146974,567677
146976,569962
146979,567183
146980,568792
146982,141198
146985,737375
146985,451324
146986,734678
146987,733745
146987,736824
146989,570547
146996,566722
146996,569694
146999,572891
147001,568489
147005,570521
147006,571183
147009,571651
147016,567768
147023,569279
147027,565972
147028,566542
147033,568819
147035,566261
147035,573123
147036,570310
147036,148764
147045,567132
147047,571399
147048,569912
147052,566268
147058,571593
147059,573136
147065,569805
147069,567428
147069,566195
147071,567969
147073,565544
147076,571856
147076,740506
147077,569654
147079,568527
147080,567399
147082,570284
147084,570507
147090,571280
147091,572106
147093,571302
147093,567755
147097,146562
147102,568770
147105,569067
147109,570065
147112,872108
147119,568632
147122,569423
147123,566893
147123,573938
147127,568268
147127,569745
147127,571712
147129,732360
147144,572566
147151,570491
147155,447951
147165,890966
147166,571165
147166,739716
147169,567791
147176,567424
147177,573001
147182,569583
147183,140953
147185,571898
147191,741297
147192,571723
147195,568438
147196,457803
147202,567353
147205,569565
147206,571465
147207,568314
147208,881603
147216,568759
147220,891063
147224,569922
147226,569234
147228,568733
147228,572143
147229,568921
147230,570432
147233,570435
147235,572384
147238,570122
147238,447775
147239,571311
147242,568151
147242,569166
147243,570116
147245,570046
147246,567901
147246,571394
147247,564662
147248,569761
147250,567828
147256,571240
147262,900254
147264,567083
147271,568970
147271,570775
147277,568449
147277,564732
147286,568313
147290,570063
147291,743447
147292,568930
147297,566974
147298,882601
147302,565804
147303,567123
147304,568163
147305,573267
147307,568908
147308,569856
147309,139492
147310,569488
147310,140613
147323,567391
147325,571978
147331,567552
147337,566789
147339,570414
147339,568393
147346,568923
147348,572257
147348,892903
147352,570909
147352,570390
147360,570886
147360,738895
147361,569329
147361,568475
147362,568906
147366,572294
147370,572641
147374,570839
147374,569589
147382,568932
147382,910145
147385,570231
147386,568473
147389,566993
147391,571042
147392,570176
147392,864428
147392,882646
147400,571260
147404,570963
147408,741015
147409,568757
147410,570480
147411,567243
147414,568126
147419,139832
147428,570782
147428,571669
147431,569268
147432,567603
147432,893387
147439,566525
147441,567811
147444,567956
147453,572768
147455,877906
147456,897011
147457,567937
147460,568694
147461,896468
147464,567854
147469,568639
147469,877106
147469,904654
147469,150698
147470,573175
147471,905037
147473,569700
147482,569452
147484,570510
147485,569568
147488,567628
147490,569882
147491,570528
147491,888529
147492,568459
147493,567491
147500,570617
147501,566777
147505,567629
147516,569465
147517,882724
147523,567858
147529,567242
147531,567830
147531,882767
147533,571461
147535,732736
147536,571163
147540,569410
147547,898910
147551,569940
147552,570723
147555,568612
147560,898920
147562,149002
147564,570152
147564,567862
147571,571375
147571,571763
147572,564216
147574,568803
147576,871508
147583,569021
147583,567029
147589,569346
147596,569707
147597,891938
147604,570326
147605,861925
147610,148601
147612,569892
147619,568271
147620,568504
147620,567542
147620,738240
147623,569417
147627,570232
147630,569151
147633,896153
147636,566913
147638,570675
147642,569794
147643,568840
147644,564524
147648,142073
147649,144565
147653,571031
147658,570399
147659,738985
147664,737984
147667,569265
147668,570172
147675,566339
147679,573621
147681,573047
147681,566743
147684,906263
147685,569706
147686,736646
147686,571017
147688,144953
147689,571561
147690,878654
147691,882875
147692,571791
147698,567489
147711,564891
147711,566641
147711,570253
147713,572319
147716,568934
147718,571650
147719,566261
147719,567331
147720,569720
147725,566776
147728,569363
147732,907687
147732,882332
147740,567653
147741,569356
147743,566699
147752,570825
147756,877800
147764,574883
147765,888273
147767,570867
147770,871556
147776,144396
147780,570362
147782,571954
147783,568948
147783,566530
147785,445668
147786,568978
147787,570565
147789,568592
147789,905006
147796,573741
147797,568280
147803,147515
147804,568804
147810,567210
147813,565593
147815,874641
147817,572199
147819,573571
147828,569754
147833,734431
147834,564957
147838,571066
147838,565658
147843,736758
147847,449820
147865,896353
147870,568021
147873,570437
147878,570203
147882,569674
147885,453581
147892,571188
147893,145371
147893,895915
147898,572432
147900,568533
147902,448766
147903,856421
147905,142381
147911,737506
147912,571317
147922,566751
147923,566689
147924,570632
147926,568861
147930,909191
147932,566975
147932,572628
147937,574612
147941,147380
147945,574024
147947,568288
147947,140050
147962,570016
147968,735974
147973,573083
147979,571329
147980,570351
147980,568441
147980,446861
147981,568631
147986,888516
147988,892662
147997,147653
147999,570380
148008,573580
148009,570970
148010,904207
148011,896640
148012,899779
148023,738837
148024,569717
148028,572053
148030,566757
148032,731285
148035,572584
148039,569977
148043,567357
148047,568777
148049,872210
148052,875605
148055,570922
148065,893765
148074,567149
148076,568703
148077,570347
148079,569743
148083,565178
148084,569488
148092,567693
148101,736018
148104,855476
148105,869627
148111,139474
148139,894807
148142,145842
148153,566531
148153,569833
148153,572438
148169,743897
148176,868432
148183,570917
148184,878132
148184,738740
148188,569521
148190,148296
148191,447775
148193,566814
148198,568029
148199,567700
148201,568988
148202,874932
148203,566724
148205,567472
148206,735491
148206,920017
148207,145112
148211,566158
148214,571390
148215,565463
148217,569976
148221,148251
148229,569342
148229,569874
148246,572684
148248,570799
148253,567486
148253,897036
148254,911773
148258,569362
148265,565124
148266,567755
148269,570217
148269,568542
148272,569923
148273,566689
148281,570424
148287,864057
148288,878777
148289,570422
148298,568430
148300,567326
148303,897029
148309,568199
148319,916436
148331,565418
148336,573242
148341,572915
148345,567960
148351,570524
148352,570876
148353,569525
148354,144900
148355,567496
148359,566981
148360,568584
148362,737452
148368,568514
148375,571786
148375,143493
148381,570300
148382,146420
148391,572869
148392,897265
148394,572557
148414,147566
148420,146763
148427,839095
148427,567070
148428,144446
148429,568114
148435,569042
148437,894356
148438,739213
148442,569422
148444,145997
148448,142959
148457,738352
148462,565750
148464,895436
148464,857289
148466,878180
148470,572272
148472,568751
148474,568310
148478,567887
148486,148019
148486,570596
148487,569349
148492,143719
148496,567432
148496,569194
148497,734767
148501,567082
148515,568428
148522,572942
148539,567029
148554,566923
148555,571698
148556,737176
148566,146489
148571,571198
148607,571719
148607,881012
148609,907273
148614,567323
148621,568481
148621,864561
148621,149226
148622,574552
148627,571416
148631,569497
148632,143001
148641,876494
148642,917746
148644,876073
148645,455162
148646,568992
148651,571499
148656,145970
148658,571206
148658,736721
148661,849514
148668,568616
148671,894965
148685,741060
148686,568213
148687,737702
148688,879895
148690,849476
148697,877647
148698,898872
148707,568663
148718,858197
148718,570661
148721,742814
148729,871009
148730,888102
148734,568239
148736,866963
148736,571367
148739,566812
148743,571745
148754,568806
148758,900394
148761,142497
148767,569108
148770,890275
148773,566984
148774,568011
148777,142314
148778,898942
148779,568076
148779,142727
148780,567331
148783,569948
148788,571071
148796,862017
148801,566619
148803,570438
148816,571121
148817,570680
148820,144562
148836,895419
148836,567298
148839,893186
148840,570130
148844,914025
148845,879638
148849,567588
148850,142629
148855,566738
148859,144804
148862,139683
148864,741647
148865,903070
148868,142582
148869,148711
148873,571303
148877,568345
148885,144239
148891,572111
148902,569282
148906,569248
148911,141687
148912,145025
148918,570372
148919,569587
148933,570180
148934,566552
148953,566827
148970,571935
148971,570505
148972,143052
148973,572849
148976,571279
148980,570159
148980,143888
148989,868134
148990,566618
148998,570315
148999,144213
149010,141262
149012,887308
149019,573422
149027,142478
149028,572908
149042,146376
149046,874153
149047,567149
149048,142187
149050,571288
149054,567521
149062,881363
149064,567253
149066,139205
149068,569758
149069,897250
149071,145746
149090,567509
149103,138558
149107,567701
149113,568888
149126,141910
149127,563252
149128,571556
149129,567316
149131,145359
149136,570570
149143,570615
149149,572669
149154,568611
149157,571200
149160,567539
149163,567555
149164,570381
149170,150934
149175,139088
149176,144959
149184,566658
149184,567178
149196,569724
149201,572099
149209,146926
149213,150841
149226,143555
149251,886840
149264,566275
149273,873519
149278,569983
149278,894215
149292,564504
149300,571157
149306,141277
149309,569259
149311,138146
149332,570890
149336,568738
149338,146971
149349,571683
149354,572352
149355,568067
149359,738923
149359,143743
149361,148713
149363,565853
149366,145906
149366,143739
149375,570009
149384,142942
149386,142905
149413,150106
149417,142052
149421,872999
149426,141745
149435,147064
149436,885320
149438,569234
149441,144457
149448,144168
149448,570424
149448,144462
149449,570253
149453,146353
149457,865722
149472,568156
149476,883313
149488,567142
149496,143504
149498,143439
149502,144118
149507,142382
149509,568029
149511,886344
149519,568708
149529,457235
149530,146099
149531,143979
149531,873114
149535,864428
149537,568279
149538,147779
149540,569144
149544,902602
149557,143409
149560,140132
149568,566967
149568,145602
149572,902133
149572,144625
149576,861452
149588,144465
149590,452172
149594,570345
149595,566692
149599,570477
149599,573863
149601,880226
149602,145014
149610,567291
149614,145650
149622,566949
149623,855542
149630,142611
149643,567698
149657,569412
149660,139368
149666,572118
149668,145959
149679,901518
149680,862858
149694,866498
149701,141004
149703,879522
149705,884286
149708,142633
149709,569931
149711,146657
149712,141446
149715,137434
149719,572138
149730,880664
149730,144184
149734,336369
149741,874897
149741,138802
149754,567441
149757,738026
149766,144252
149770,572865
149772,905577
149776,573769
149782,143013
149790,570332
149814,146588
149815,864615
149821,145928
149823,142426
149825,142963
149830,567975
149830,146097
149835,569171
149836,570429
149836,865747
149839,570050
149857,563386
149866,148983
149866,909828
149870,736682
149892,144920
149897,895446
149907,566894
149914,146159
149920,568065
149922,898754
149923,143203
149936,144369
149945,898264
149947,444667
149951,884455
149953,570315
149962,144144
149964,144108
149968,143839
149983,148673
149987,569839
149989,142889
149995,147284
149996,571005
150001,737701
150002,143228
150007,569618
150007,881151
150017,569857
150021,147690
150026,881886
150030,140327
150031,571663
150032,144600
150033,143140
150047,573198
150050,566530
150053,147079
150059,899014
150067,142533
150068,863951
150069,143126
150072,141020
150073,142384
150074,145549
150077,141163
150086,142714
150089,565824
150097,567334
150107,142263
150114,142041
150119,144765
150121,141656
150128,568339
150128,144271
150131,140518
150148,139586
150148,573180
150161,891347
150189,143510
150199,144328
150203,147478
150206,566857
150208,147518
150212,885141
150213,145644
150217,144285
150234,888730
150241,146153
150242,146306
150251,142961
150253,570151
150255,455195
150259,903214
150264,569899
150266,573054
150271,570923
150275,877020
150278,144267
150290,142991
150290,877572
150292,142379
150293,145048
150295,885739
150304,141872
150308,143599
150308,891636
150322,566082
150332,147778
150335,145519
150336,141498
150341,144030
150349,891011
150353,148348
150358,912353
150358,143011
150367,573767
150372,874258
150389,140988
150392,149738
150393,568959
150409,139331
150413,145655
150413,140766
150422,143372
150427,146588
150429,143603
150430,142987
150432,140185
150436,141212
150446,876555
150455,143798
150465,148708
150473,911255
150485,867188
150491,139845
150496,140670
150505,142560
150509,140678
150511,145989
150515,142464
150518,147382
150520,885576
150525,147185
150529,142482
150536,909743
150549,738300
150551,143019
150566,566649
150584,142161
150592,865439
150596,879954
150596,137610
150601,453382
150604,141642
150608,143633
150610,888957
150620,142050
150622,887368
150623,142652
150626,733621
150638,570085
150662,853097
150662,569340
150663,144207
150674,881175
150688,567732
150690,881662
150696,890080
150699,142962
150707,142679
150713,141063
150719,744561
150724,142394
150730,881596
150733,144031
150742,144123
150748,571395
150764,570035
150773,147190
150775,144305
150776,570325
150789,143996
150811,144723
150835,143179
150845,871852
150847,146161
150853,140534
150855,145203
150856,143174
150864,918692
150870,137358
150875,143204
150885,144774
150885,569129
150889,141017
150893,570061
150899,884654
150900,142287
150919,570734
150922,145404
150936,144896
150940,146353
150943,143690
150946,144929
150948,146579
150950,141002
150951,143727
150951,854510
150964,144707
150965,141562
150969,907815
150971,567758
150979,145790
150980,870088
150981,143968
150982,145134
150985,867275
150994,140657
150999,145105
151002,139801
151003,144693
151012,144805
151016,143371
151024,145114
151029,873486
151031,140776
151032,142707
151036,148392
151038,894033
151043,884118
151043,572046
151054,143812
151055,890978
151069,878771
151073,145595
151075,883119
151076,143539
151084,148765
151086,145230
151094,146680
151098,140946
151099,144414
151104,566999
151113,142177
151114,882746
151119,865635
151123,885761
151126,881304
151129,570988
151134,898543
151134,149869
151139,148932
151147,891925
151148,144033
151180,880369
151187,146456
151190,147464
151200,142933
151207,143481
151251,452812
151263,145297
151267,146668
151278,567743
151289,145211
151290,568999
151290,141453
151291,142613
151291,889433
151297,145514
151298,141421
151299,734916
151300,144544
151307,864236
151318,893383
151319,145936
151321,142555
151329,567484
358505,602077
358506,821633
358508,226569
358509,717312
358513,773985
358517,513541
358537,263129
358544,823727
358549,769798
358559,762346
358564,183565
358565,773231
358570,762299
358586,585186
358593,761748
358599,608860
358610,765976
358618,749755
358621,765994
358627,606084
358634,354138
358636,593793
358645,756210
358652,217324
358662,822984
358664,601406
358671,603881
358673,644615
358676,600953
358676,601848
358680,830715
358680,818638
358687,597183
358694,778698
358698,599945
358701,777813
358705,645112
358733,778964
358733,602222
358748,764409
358755,603463
358775,620327
358779,763762
358790,786570
358811,600164
358812,804503
358817,758315
358819,757425
358823,741860
358825,831828
358825,791758
358834,805556
358841,826151
358841,764599
358856,193353
358867,761731
358868,105600
358872,770261
358875,658693
358886,772803
358887,806106
358894,610142
358910,185223
358920,802006
358927,779238
358932,206891
358934,782446
358936,614678
358939,100796
358940,631908
358945,145727
358948,826709
358949,754100
358951,799549
358960,798606
358961,601174
358964,771945
358964,531029
358975,661132
358977,772975
358978,800752
358985,602683
358987,812072
358997,101140
358998,798130
359000,778234
359000,586809
359006,623303
359021,762320
359025,607227
359042,751797
359048,763351
359049,234421
359049,607280
359053,788493
359056,824435
359068,601769
359080,667567
359083,677767
359101,596234
359103,774582
359105,610642
359106,607777
359108,224543
359110,599917
359127,830630
359135,290950
359140,234034
359148,772249
359153,602775
359156, 88184
359161,219927
359165,764011
359174,766246
359177,761932
359183,607943
359189,785765
359193,510941
359218,838661
359220,820376
359220,794408
359224,757059
359229,759961
359237,243217
359245,761517
359254,143493
359257,756907
359262,131742
359263,757266
359270,646557
359273,605589
359286,799176
359294,650327
359296,797611
359299,765321
359309,624133
359328,750554
359336,655931
359342,814939
359342,168119
359352,814388
359355,779499
359356,600070
359359,827173
359361,616687
359362,810036
359362,634571
359368,604316
359385,799354
359402,769151
359402,663996
359410,776217
359415,156424
359421,816651
359422,789143
359427,757944
359427,813577
359432,537150
359438,806870
359441,819496
359445,757898
359449,807452
359451,642054
359463,793573
359468,761205
359474,108318
359480,610664
359485,802163
359485,638146
359488,771651
359503,815620
359507,792793
359508,614779
359523,748093
359529,617936
359529,690162
359531,640532
359534,783691
359538,151787
359549,235623
359555,760900
359559,781625
359559,760610
359561,801144
359567,816272
359569,821786
359570,678522
359574, 58882
359575,605731
359579,219871
359584,812349
359594,852173
359601,855763
359616,758511
359618,775821
359619,815912
359628,601304
359629,794554
359632,227048
359633,597970
359634,779092
359640,767558
359640,764931
359641,674689
359646,796553
359646,372230
359656,250106
359659,754132
359660,773830
359666,758267
359669,594522
359670, 46270
359677,756255
359683,760423
359695,757421
359696,621118
359699,609683
359702,767797
359710,834393
359718,198263
359723,613186
359726,829534
359731,631159
359732,799641
359737,832641
359739,770163
359749,764546
359749,798328
359753,116898
359760,810195
359761,605429
359766,792989
359767,619522
359768,631734
359774,650357
359777,767383
359778,773373
359792,601863
359802,770064
359807,797301
359825,186031
359829,814618
359833,114258
359835,606032
359841,306286
359842,773557
359847,741765
359854,774119
359855,619235
359879,803409
359888,771405
359892,747041
359894,603612
359894,830045
359898,619254
359913,823011
359919,766601
359922,600457
359927,624226
359927,783715
359928,281001
359929,815228
359931,813000
359939,810229
359941,786350
359941,209810
359941,778484
359943,261185
359947,800485
359952,614700
359956,337269
359957,822252
359965,651457
359981,220259
359983,226722
359996,613793
359997,633232
359998,200664
360003,608812
360004,514346
360011,622109
360011,625312
360014,773810
360030,806358
360034,359007
360038,606599
360039,654065
360039,605358
360041,609551
360045,602728
360056,763996
360079,812777
360082,532211
360089,142485
360095,590991
360095,798799
360108,593042
360143,756387
360150,761388
360150,757423
360158,628356
360159,763196
360165,834637
360178,602140
360186,810118
360191,656254
360198,757174
360207,223252
360231,111571
360233,772711
360235,803243
360237,234055
360249,783461
360254,748812
360255,609780
360264,798856
360270,233490
360271,605116
360281,872972
360282,771813
360318,611377
360326,608396
360329,225447
360333,781860
360335,753866
360338,800633
360351,850283
360358,615492
360368,810181
360381,763588
360382,828471
360383,112341
360388,761947
360399,613927
360417,812316
360430,781794
360433,633606
360441,608313
360447,347475
360454,785545
360457,610985
360459,801487
360466,702368
360487,763440
360494,324808
360504,678062
360506,779276
360522,595963
360525,781533
360530,845789
360533,764410
360546,228186
360549,782078
360561,203777
360562,768764
360563,759329
360578,186667
360582,178240
360588,332717
360591,820463
360594,788667
360597,789481
360599,761910
360604,346251
360607,767944
360615,761605
360618,791677
360634,612126
360650, 85295
360650,816683
360651,758725
360656,594089
360658,743027
360664,789180
360676,547368
360688,601969
360689,840040
360692,781478
360706,615853
360716,579070
360722,758424
360724,706988
360727,761594
360734,679765
360734,203697
360753,609792
360761,616775
360761,770246
360762,598956
360771,104481
360772,764162
360776,809186
360794,827398
360798,815223
360799,514767
360801,331902
360813,827390
360815,588941
360816,762915
360820,821665
360821,600091
360834,600670
360838,765565
360839,758826
360847,755904
360868,809667
360871,744431
360874,769274
360885,777599
360886,593100
360900,801920
360902,804768
360905,783753
360908,600733
360916,651312
360919,227448
360921,747846
360922,529063
360932,763256
360955,824609
360973,760601
360975,593450
360980,825311
360984,297993
360986,817782
360987,613821
360992,812801
361002,631681
361020,608919
361026,811098
361030,759710
361031,809875
361033,753770
361047,227877
361059,753270
361061,607063
361067,607652
361081,602050
361087,776599
361095,531980
361101,775944
361109,168207
361115,752881
361116,752950
361119,813633
361125,755149
361128,620013
361140,235513
361143,201630
361154,794973
361166,599901
361171,601915
361174,592242
361195,809743
361199,618878
361213,603230
361217,813608
361225,759099
361233,808712
361240,825769
361242,811440
361243,823026
361251,775693
361254,621968
361254,777579
361256,615720
361257,753865
361258,600155
361263,765753
361271,771100
361282,619537
361306,153043
361318,766394
361321,790913
361325,741829
361331,614109
361331,685740
361341,607352
361378,752749
361379,766818
361388,745523
361397,604083
361403,820358
361413,602631
361414,786880
361414,530865
361414,817782
361421,769149
361422,767750
361430,748674
361437,803392
361438,800223
361439,652712
361445,808905
361445,755684
361448,810928
361449,808647
361452, 83047
361457,696826
361458,139668
361464,604264
361467,801703
361482,671740
361496,826521
361500,785837
361509,178806
361512,809230
361514,790041
361519,819347
361526,773371
361528,772128
361534,217407
361543,647882
361546,800941
361547,218081
361555,178307
361562,645616
361562,806777
361570,757434
361578,597711
361592,775223
361598,104142
361600,818648
361610,774401
361627,608165
361630,684784
361640,765843
361640,782402
361643,166485
361647,799749
361656,103395
361661,156848
361661,604340
361690,798348
361698,781569
361720,817908
361729,761397
361730,760785
361738,789709
361738, 95154
361743,792026
361744,770067
361752,794260
361758,364271
361759,615033
361764,763510
361775,812768
361775,601889
361777,805616
361781,786974
361792,800549
361806,761762
361823,745455
361845,758735
361855,814510
361875,763235
361895,240792
361899,810534
361902,792373
361913,758980
361917,770835
361919,770598
361931,595990
361944,783299
361955,806052
361963,607515
361968,775625
361971,761154
361987,822899
361995,787965
361997,763569
362019,764603
362021,803031
362022,225664
362023,814073
362024,600257
362028,604607
362036,814387
362049,767902
362058,803180
362062,598145
362075,618372
362076,745343
362078,750547
362079,785788
362084,598628
362087,804139
362097,825646
362097,131237
362112,770952
362117,828574
362125,752794
362125,178175
362134,790650
362144,750920
362150,749216
362152,595415
362153,624215
362158,820409
362159,536389
362159,743532
362165,607650
362165,795502
362172,358293
362178,201074
362183,773763
362191,608606
362192,768616
362203,755363
362224,609677
362232,795914
362233,748675
362234, 73631
362235,792605
362236,605582
362253,524078
362259,134763
362261,786723
362261,841751
362261,797076
362268,673659
362271,809389
362281,786317
362293,796625
362317,804495
362320,616045
362323,760087
362333,772809
362339,764135
362343,801583
362373,589482
362376,614986
362376,127268
362386,798706
362407,616118
362408,598519
362412,791385
362415,754423
362416,749361
362416,794177
362418,607223
362422,770815
362427,647342
362432,826175
362443,613716
362467,611128
362473,761459
362477,808564
362494,131109
362496,766862
362504,773183
362539,591662
362552,794627
362563,755085
362569,765353
362571,799834
362571,779176
362573,809467
362579,617756
362587,820379
362590,763734
362601,298492
362605,558988
362611,210703
362623,756328
362626,766343
362664,780764
362670,713779
362684,782193
362685,814793
362686,790227
362719,770087
362737,760916
362742,774112
362750,815475
362751,809151
362751,786395
362752,806539
362752,807187
362755,329027
362773,604086
362779,785188
362793,836135
362797,348732
362799,803265
362805,196308
362806,794842
362813,676378
362815,757692
362816,754666
362826,812432
362829,823613
362843,194334
362844,767028
362847,802012
362853,593276
362858,648442
362863,771723
362874,767933
362880,809280
362882,802624
362898,136791
362904,741371
362908,601083
362918,532308
362923,797685
362930,787413
362939,777039
362946,792243
362948,610904
362951,505675
362958,750753
362963,762738
362967,759784
362983,779024
362983,799828
362985,801378
362990,675353
363010,603596
363021,761830
363028,116316
363041,779676
363041,770089
363041,765040
363047,233402
363058,774573
363071,825735
363083,804978
363084,551049
363085,774071
363093,802554
363093,838840
363097,642562
363103,133801
363111,606034
363118,614204
363122,774609
363122,602612
363125,609925
363127,775361
363133,609389
363135,761722
363142, 51982
363142,610295
363149,761716
363157,499273
363163,619236
363174,761331
363182,607002
363191,621081
363194,274001
363196,796556
363207,608125
363222,195556
363226,771390
363241,350337
363242, 94098
363244,104613
363248,603385
363251,165287
363253,669071
363257,608476
363264,769350
363267,768868
363270,803497
363271,752249
363275,125663
363278,807242
363282,766043
363282,773622
363300,751429
363303,745494
363322,158841
363323,836987
363327,778692
363327,638608
363335,795546
363342,778141
363351,765541
363385,762695
363387,307289
363415,547823
363421,710347
363425,822765
363428,250145
363429,156861
363443,596072
363443, 93827
363444,814014
363445,798441
363463,775816
363482,198785
363494,645396
363499,774663
363506,768158
363512,767056
363528,630522
363541,828567
363561,649904
363565,637789
363572,774009
363574,842961
363578,152384
363583,112827
363592,308485
363607,776938
363607, 79301
363611,123697
363619,604030
363624,793457
363641,604698
363648,751748
363651,759745
363652,817987
363654,850577
363667,602139
363670,300166
363672,807228
363676,751103
363682,665167
363700,600683
363702,750876
363703,538167
363708,769456
363716,811910
363716,224218
363725,628575
363737, 97471
363745,826324
363747,774635
363749,635884
363762,738344
363765,766164
363779,526688
363792,604153
363794,568960
363809, 80252
363812,183949
363815,751920
363816,765282
363831,764525
363844,809117
363850,752222
363850,822138
363852,802347
363870,124878
363873,486217
363875,733611
363876,797663
363880,608688
363884,596496
363892, 78802
363897,804834
363899,828630
363899,232466
363901,750220
363926,689964
363927,761717
363930,766814
363933,607351
363961,205291
363967,773956
363975,135462
363985,747344
363996,785360
364012,820405
364012,600207
364014,621425
364024,606709
364034,798632
364039,785875
364041,760538
364046,763842
364051,335843
364052,328407
364059,208204
364061,263417
364071,771840
364074,604705
364078, 93466
364085,790092
364095,610424
364096,757899
364112,757315
364117,815971
364122,145266
364126,211701
364138,104005
364151,318395
364162,788022
364165,620160
364170,789811
364176,820376
364185,823499
364188,614940
364205,781514
364207,805552
364210,764910
364210,837979
364219,277849
364232,821950
364233,642315
364236,675730
364238,756000
364238,609457
364251,810877
364256,618526
364258,513432
364266,757796
364269,751152
364271,785036
364273,620289
364277,827313
364278,774103
364278,781015
364288,822980
364305,322673
364310,819224
364313,614756
364317,592395
364318,246687
364318,806976
364333,179095
364335,789749
364336,146785
364339,603787
364343,768313
364353,669929
364355,839607
364390,612506
364410,763913
364411,648418
364430,603982
364431,663111
364432,625323
364434,807762
364439,745243
364439,806520
364459,612776
364467,742046
364499,809208
364511,867803
364514,775512
364519,747113
364524,811193
364526,805185
364539,596529
364539,759824
364540,822497
364548,762089
364559,636303
364564,825066
364565,753437
364568,821055
364575,763890
364576,608443
364583,751210
364612,640098
364619,840285
364621,631583
364634,604650
364638,600045
364654,641947
364664,779773
364673,107804
364681,829384
364684,759535
364686,765766
364690,651901
364694,804788
364701,171009
364718,610043
364731,757755
364734,866563
364735,807206
364741,792792
364747,675073
364751,589561
364752,601726
364752,800926
364764,764662
364765,803480
364766,606703
364767,765582
364796,596921
364798,595840
364799,783940
364815,758517
364816,688596
364824,643792
364844,122244
364848,756222
364850,593751
364850,813228
364854,792859
364861,597385
364866,781655
364867,691224
364875,302030
364876,764600
364877,641021
364881,794985
364883,605773
364895,524092
364902,771299
364903,281047
364922,765786
364928,596012
364932,594418
364932,647246
364936,758385
364941,824089
364953,762021
364953,324236
364961,601564
364969,799268
364979,768231
364995,641678
365003,176688
365005,242074
365008,327593
365009,610217
365014,773180
365020,668371
365037,597012
365040,858228
365043,858574
365049,780411
365063,220610
365063,819478
365068,605086
365070,768366
365082,802335
365083,774831
365087,763279
365088,807675
365099,752915
365109,335364
365115,595464
365135,660553
365142,596019
365147,798521
365157,598380
365159,818812
365164,750012
365166,758252
365181,759929
365189,614944
365190,769122
365195,602738
365219,755725
365220,606994
365221,788783
365223,807874
365230,781482
365233,761507
365236,196238
365240,815949
365240,772190
365240, 67900
365243,776489
365249,529123
365250,688641
365253,766081
365278,610477
365317,219790
365318,176187
365318,777353
365324,597783
365335,649767
365344,776024
365350,600666
365354,193190
365360,747584
365369,687068
365369,760034
365369,251010
365372,757617
365377,756713
365389,776862
365391,877699
365392,809743
365400,616173
365402,750540
365406,819068
365411,802253
365414,845443
365419,544465
365427,803174
365443,214855
365444,632859
365454,765654
365466,144347
365474,759619
365492,621374
365500,771594
365503,620011
365507,882938
365509,750015
365512,657585
365513,620619
365513,759139
365515,757607
365522,759908
365527,776541
365532,746340
365534,753235
365541,754282
365542,178715
365545,850940
365548,827953
365550,618539
365556,325431
365564,614807
365572,631347
365592,642130
365610,809163
365623,771384
365631,757144
365634,798388
365647,124733
365649,792210
365655,850185
365655,838364
365661,109482
365669,754687
365669,353163
365669,346919
365674,661872
365676,198102
365679,775776
365702,604227
365704,602837
365706,607326
365716,752393
365730,813838
365745,641902
365747,122119
365751,812799
365756,797067
365757,779384
365772,614808
365773,244504
365793,815965
365815,761063
365818,766560
365818,849868
365819,782084
365822,612253
365834,641701
365841,758408
365852, 76106
365852, 96677
365854,315094
365860,645234
365879, 76492
365888,675820
365890,759495
365893,804278
365897,774464
365908,104370
365921,226548
365928,795404
365929,191669
365937,136918
365942,619125
365945,220035
365955,653186
365957,772825
365957,701237
365961,781239
365963,661466
365967, 82256
365967,511928
365972,232886
365973,624037
365979,814659
365987,737883
366005,608799
366005,818242
366015,600267
366015,677847
366025,761698
366030,703654
366031,595889
366033,614510
366039,769784
366047,764432
366052,810749
366069,587875
366076,800366
366077,221209
366088,764444
366090,599887
366092,611389
366095,745598
366101,747195
366105,749613
366114,166621
366123,601538
366128,628559
366129,601428
366136,756105
366147, 96608
366186,596155
366187,770869
366188,754045
366188,603201
366189,786899
366202,769591
366210,781533
366217,227729
366223,100257
366223,761188
366224,824916
366225,618717
366228,824999
366229,743893
366230,599045
366245, 70579
366253,774226
366259,612332
366263,820491
366278,207781
366281,816516
366283,379301
366294,821889
366295,759904
366296,596285
366301,815183
366306,865676
366319,609029
366334,870075
366337,162452
366342,687346
366344,763910
366349,821209
366353,598078
366354,531784
366355,603043
366366,816851
366378,232140
366390,530876
366393,852361
366395,273356
366424,250446
366424,524871
366429,546399
366438,757138
366445,755657
366457,603334
366457,757074
366465,811518
366467,814172
366475,670774
366477,801493
366487,746237
366493,765770
366500,597028
366504,792501
366509,612494
366514,182057
366521,804011
366553,779640
366556,120315
366566,827899
366569,754701
366594,624471
366596,505914
366604,552000
366605,768183
366639,578508
366639,784786
366639,784137
366657,599896
366666,607648
366671, 97909
366677,749387
366683,781667
366697,777985
366701,849777
366708,602198
366731,606729
366736,768795
366737,774197
366755,790121
366760,809072
366770,786288
366773,598347
366775,776839
366775,178426
366780,671625
366791,825682
366797,816833
366803,215123
366814,770317
366821,611241
366822,767848
366826,758656
366833,605511
366876,696676
366881,129345
366893,801814
366895,105973
366901,634636
366902,592314
366908,777198
366908,761325
366911,836538
366920,776335
366930,609073
366934,836136
366934,796341
366935,593754
366936,812652
366939,758190
366939,368363
366944,613364
366944,766560
366948,764433
366952,827347
366959,658892
366960,107309
366965,768544
366970,766375
366977,782596
366984,829393
366984,784301
366988,733755
367004,656077
367018,603871
367018,521064
367023,761706
367024,173456
367032,612234
367036,767250
367042,801874
367052,695280
367062,750753
367067,660412
367080,136773
367081,667267
367081,800668
367087,601350
367089,750845
367090,604204
367095,185003
367096,787733
367102,306149
367102,771959
367107,766458
367108,587842
367117,836885
367117,754129
367120,836079
367123,803045
367128,813884
367146,772395
367150,780150
367156,856901
367156,646721
367172,646104
367179, 62705
367186,737524
367192,786222
367193,763931
367203,326639
367206,788631
367209,617619
367210,754499
367225,777847
367232,772638
367236,628802
367237,814883
367239,834241
367254,665085
367294,759849
367307,806826
367311,804968
367319,812762
367336,786804
367357,163462
367361,155959
367373,744204
367380,809487
367382,826505
367384,157835
367386,237164
367391,775009
367403,709394
367404,763968
367408,751174
367417,779957
367422,323311
367422,809232
367435,631564
367445,133383
367446,913001
367450,825553
367451,617126
367453,649090
367464,789531
367473,799749
367485,213421
367485,752749
367521,795937
367532,742371
367536,863787
367540,805972
367551,765678
367552,763493
367562,792872
367569,345996
367570,122015
367578,822244
367583,801627
367584,142627
367590,816615
367596,697062
367605,855500
367616,761862
367620,820847
367640,601914
367645,134402
367652,773622
367661,628678
367663,774121
367678,605832
367679,877343
367684,833537
367686,809856
367702,620099
367715,123649
367717,759386
367725,795318
367731,754715
367741,769767
367757,790312
367771,665135
367793, 97224
367821,757189
367848,776526
367848,229093
367851,826268
367877,609026
367885,670919
367905,510796
367910,877175
367911,759314
367912,603144
367915,810984
367919,595128
367922,185943
367929,686876
367943,611191
367947,787542
367948,770070
367953,603863
367954,524860
367958,762933
367960,203502
367965,762582
367975,220975
367978,767188
367979,828496
367998,850120
368003,819297
368007,776976
368019,800278
368025,755179
368032,791290
368035,538560
368038,759971
368040,644423
368040,594430
368044,785492
368050,749550
368061,793045
368065,754721
368071,758425
368075,257891
368086,766849
368088,617509
368089,215353
368089,557190
368095,863217
368112,762437
368115,829140
368126,598467
368151,788083
368161,545600
368173,139610
368177,235524
368187,763903
368188,602230
368194,651228
368195,769862
368196,871439
368204,754466
368216,172933
368224,843581
368230,790093
368233,131570
368239,812819
368246,822433
368251,134623
368254,819901
368258,755333
368261,186099
368266,772256
368283,834641
368308,813596
368315,610499
368322,789701
368335,118270
368335,773503
368341,863155
368342,833220
368353,768392
368383,607663
368384,145214
368386,668256
368394,743088
368411,212939
368413,810129
368416,501653
368431,821201
368432,762064
368433,584164
368438,755842
368451,794040
368460,543479
368463,758353
368483,623596
368494,808562
368502,801568
368504,757965
368508,599497
368514,606106
368516,808990
368541,560956
368553,762763
368582,757567
368583,844045
368587,600860
368611,810230
368627,665526
368630,817094
368635,747921
368647,502231
368673,804657
368677,617824
368686,600067
368702,808877
368711,621164
368715,761584
368723,877144
368725,848497
368725,523633
368734,771786
368744,753584
368746, 81670
368751,148194
368757,122247
368757,749583
368764,796542
368771,199484
368778,827922
368788,586677
368853,607411
368859,803787
368867,781823
368872,104433
368886,616899
368891,774163
368893,778364
368917,824649
368919,745274
368919,612300
368920,762775
368924,766263
368931,604473
368954,792586
368956, 87880
368961,843081
368961,678120
368967,759336
368977,772970
368981,868035
368994,760442
369002,523658
369010,794446
369024,812479
369025,803705
369042,661108
369055,666345
369057,208515
369066,160448
369075,610339
369076, 85736
369086,764701
369087,812500
369088,739293
369097,770226
369097,648508
369118,510741
369118,775785
369129,763834
369129,771724
369140,760218
369145,642480
369158,594110
369167,641456
369172,739248
369175,765745
369179,811937
369180,761960
369183,744730
369184,201077
369187,772983
369189,595293
369200,750287
369204,129815
369209,763778
369241,608907
369244,210855
369257,799963
369267,550512
369270,599321
369277,767453
369280,375577
369284,609063
369284,756365
369296,669239
369300,795442
369303,604713
369303,769149
369308,167418
369309,769501
369313,253504
369319,168931
369334,122636
369334,770057
369342,745298
369348,676652
369349,119716
369352,756608
369353,762888
369353,656603
369354,676655
369355,775669
369368,752803
369369,760698
369372,758664
369394,777492
369399,807100
369401,203064
369403,742696
369422,637511
369431,522838
369441,772376
369442,847584
369449,772443
369455,828343
369465, 78347
369466,754434
369468,748116
369469,567682
369482,762960
369491,804576
369492,764679
369502,761795
369505,218870
369506,665969
369524,800034
369547,761157
369548,792665
369555,765851
369562,611226
369569,614832
369572,754914
369585,676084
369593,825311
369596,724206
369599,643237
369621,534181
369622,763834
369626, 83963
369631,856246
369633,601702
369635,605254
369641,765682
369645,805674
369650,613664
369660,312914
369669,595167
369685,756352
369690,770777
369696,816650
369697,758015
369710,825441
369711,690087
369715,786089
369718, 46769
369720,592181
369726,706722
369727,680617
369732,814480
369734,596385
369737,761621
369738,209057
369745,166143
369751,784301
369755,766631
369765,819775
369780,765157
369781,802066
369793,811307
369800,762673
369808,796917
369812,608972
369814,128559
369830,768490
369839,785793
369843,760193
369846,143984
369846,624343
369852,531559
369858,775080
369878,602436
369915,610979
369932,616186
369936,613043
369941,768743
369946,890476
369948,766052
369953,201746
369982,617764
369983,147632
369995, 89047
369995,760930
370000,761614
370008,138414
370008,201565
370017,612829
370022,783309
370035,602236
370035,758625
370040,796843
370047,772188
370060,633691
370070,673798
370070,535057
370097,324717
370097,762652
370107,760595
370128,774177
370137,800638
370146,119023
370160,758891
370177,750604
370194,757257
370205,801085
370207,632253
370209,700449
370224,757857
370228,750869
370241,757176
370249,235871
370290,762939
370303,753170
370305,167999
370315,872101
370324,114231
370333,834093
370342,798680
370342,766252
370353,537295
370402,636114
370406,801129
370414,612245
370423,511212
370424,825466
370425,805158
370443,826821
370451,795805
370454,806770
370456,604139
370475,608140
370479,679732
370480,784322
370483,789788
370505,680043
370507,641230
370509,773826
370521,753920
370530,760755
370538,817046
370538,764594
370546,788859
370590,646052
370590,822986
370592,754373
370592,777554
370601,809880
370610,234619
370628,805241
370630, 70829
370633,398658
370645,601156
370646,813977
370659,872550
370672, 54529
370689,504178
370702,758699
370744,757653
370753,783651
370760,607679
370768,831912
370780,656766
370781,772515
370791,517574
370801,852720
370809,768147
370812,864564
370821,623135
370823,799758
370827,814352
370841,812512
370849,112669
370861,166431
370862,757392
370868,473642
370878,775860
370880,648408
370885,603351
370886,777048
370893,751450
370906,123455
370908,800997
370913,607577
370930,512005
370958,833843
370976,819181
370982,600877
370995,769903
370995,618342
371014,751735
371034,778801
371035,646845
371037,851790
371049,533352
371060,810686
371063,601821
371064,783088
371077,517475
371079,772463
371081,608481
371085,832239
371089,758446
371091,758986
371099,605514
371104,529300
371116,123048
371117,758886
371146,746227
371158,773688
371174,768434
371178,766822
371186,537778
371190,630806
371190,805360
371197,740520
371205,603683
371207,811367
371216,106351
371225,531101
371227,668748
371243,813460
371244,770138
371248,777824
371252,220568
371252,753304
371266,810674
371266,878330
371270,665672
371272,770731
371293,747494
371304,779423
371309,627794
371311,826891
371311,632054
371311,135739
371324,769696
371334,654311
371339,688216
371339,770060
371354,814734
371355,632293
371375,765377
371385,832155
371386,770898
371418,762736
371419,748212
371435,610883
371437,649780
371448,830778
371460,198307
371483,792676
371495,788114
371504,813080
371506,100773
371512,740973
371525,812936
371540,771823
371543,769587
371545,634623
371556,788540
371572,683462
371582,754673
371586,295842
371619,322475
371682,650687
371688,605890
371692,605958
371705,742388
371707, 96936
371711,784378
371767,818027
371774,834307
371775,516133
371787,816371
371804, 70668
371804,806431
371805,824540
371809,770269
371816,760154
371835,547554
371862,491475
371864,538041
371868,812445
371869,675735
371869,602083
371884,722871
371898,765887
371907,508455
371915,534469
371951,878105
371956,764927
371957,551231
371959,816101
371968,758643
371969,186190
371988,812724
371990,743009
371999,768513
371999,126404
372002,807505
372002,643255
372005,612624
372019,783030
372027,763993
372033,763280
372051,618835
372064,829106
372105,745794
372118, 65022
372132,171242
372151,788591
372154,893605
372161,735733
372188,761471
372198,562553
372205,761957
372209,231389
372220,768268
372223,867312
372226,771404
372229,613740
372245,740158
372250,605705
372254,591390
372268,622945
372278,797029
372286,752360
372294,793358
372295,603919
372296,197546
372314,106509
372329,597648
372331,768599
372339,768485
372394,764226
372423,610033
372456,750026
372462,762683
372476,610341
372501,500550
372503,610983
372508,642438
372518,117181
372519,820870
372542,798524
372544,610185
372553,805417
372559,314178
372564,491246
372578,127400
372581,812685
372601,772008
372602,599450
372611,218267
372621,769596
372621,785731
372631,779646
372634,746325
372638,650922
372640,753929
372670,818635
372674,557511
372684,767014
372707,149603
372716,809082
372719,756175
372724,760113
372729,653072
372730,665240
372732,123025
372752,739861
372762,226118
372775,849243
372776,534000
372780,783873
372784,535821
372786,299617
372788,762388
372800,758841
372807,815969
372822,261041
372828,812024
372838,817191
372853,133564
372855,639033
372857,821907
372875,782744
372875,665939
372884,763475
372886,667566
372888,759990
372905,827664
372908,865707
372915,215799
372924,746007
372965,772871
372973,791174
372974,765209
372974,761552
372975,609843
372979,828199
372984,762777
372988,750612
372989,799758
372992,771543
372995,766218
372996,317508
373003,762032
373018,763115
373023,784921
373025,763691
373038,533095
373054,762622
373068,621857
373089,686794
373094,775178
373101,826586
373106,513995
373108,786226
373118,634453
373121,768925
373125,813554
373126,808031
373144,762404
373147,766880
373150,604695
373173,629295
373174,748706
373184,804809
373185,544739
373188,752401
373199,746602
373207,595747
373210,760592
373223,783913
373224,771062
373224,612488
373250,818334
373267,158399
373274,898616
373295,826812
373297,770860
373309,770631
373312,136751
373324,513439
373348,233212
373353,759317
373365,502323
373365,774615
373369,199480
373369,840134
373374,669028
373382,773992
373393,693761
373400,596296
373424,526402
373430,767225
373430,696299
373435,648194
373439,605150
373442,764455
373460,860448
373461,750862
373468,622515
373481,672955
373482,752276
373486,202875
373493,542437
373502,789898
373518,904072
373525,163009
373529,781998
373531,779637
373533,756632
373536,813134
373548,139781
373553,100598
373570,624406
373579,608809
373582,789806
373583,220561
373585,182380
373598,623527
373614,812074
373635,768907
373647,770869
373683,787116
373697,498544
373705,667948
373714,737320
373728,808438
373732,783615
373743,757058
373747,531251
373758,237161
373770,603193
373802,821232
373820,182237
373831,791288
373834,748345
373887,692255
373888,761012
373892,807969
373922,754300
373953,779059
373960,616360
373972,770444
373987,599004
373997,774289
374003,767170
374029,611474
374037,752192
374086,707672
374092,745996
374095,657996
374145,560288
374147,157866
374147,861497
374153,757835
374155,616178
374157,809216
374168,499124
374181,634294
374183,657526
374207,819737
374229,600942
374232,497043
374233,784645
374237,792342
374239,783111
374248,797722
374277,774657
374289,194250
374290,747430
374297,111809
374302,757308
374305,742351
374326,876587
374327,224855
374342,783019
374352,756819
374358,813700
374368,667648
374374,659852
374380,193643
374382,760527
374390,595290
374393,748046
374403,605318
374407,757526
374411,666363
374412,154761
374424,804053
374429,867293
374436,655718
374463,144119
374472,668440
374481,601758
374482,638724
374502,785221
374521,782569
374528,741245
374532,769477
374542,132996
374546,756323
374546,842921
374569,657053
374603,833365
374651,903835
374653,774131
374664,599162
374668,604549
374695,860575
374707,761806
374708,507491
374729,821972
374733,538736
374745,737017
374798, 66924
374802,512446
374834,866457
374837,812800
374848,802043
374859,803455
374862,804020
374869,321858
374890,102006
374909,756590
374923,818076
374925,788455
374935,836484
374948,808523
374967,185182
374969,787084
374970,654695
374992,814034
375005,806678
375027,843597
375029,855943
375052,507752
375057,353785
375058,527389
375067,842653
375073,836183
375077,777334
375107,767568
375123,690009
375140,694180
375143,824057
375156,809094
375162,508798
375188,897187
375202,651470
375206,111797
375207,822823
375208,753583
375232,595405
375241,604431
375242,820416
375246,190788
375312,331922
375317,828619
375329,832870
375331,853169
375341,509037
375342,762029
375343,830655
375353,772592
375358,879893
375359,618689
375371,832824
375391,769256
375403,676215
375416,838002
375419,804347
375445,524389
375453,187378
375478,529691
375482,762982
375486,250625
375496,548084
375497,175824
375509,786156
375519,773357
375560,275319
375571,689848
375572,778963
375575,823435
375577,600599
375590,134666
375605,243558
375622,564717
375640,826218
375643,769139
375654,868228
375659,801402
375662,641605
375663,757159
375683,758348
375685,113248
375692,764805
375706,649853
375711,816258
375712,841900
375723,769761
375728,822928
375743,640591
375747,358506
375761,214155
375763,808892
375773,789989
375792,113601
375807,500254
375826,769546
375831,761416
375845,763739
375851,747956
375872,759514
375873,770497
375875,593668
375884,601813
375901,882029
375906,525098
375936,656159
375941,582333
375954,761701
375955,742154
375956,558876
375958,754214
375966,804675
375966,796678
375986,672542
376010,147285
376025,367526
376027,745988
376034,514643
376038,782542
376069,341394
376095,611874
376114,775704
376129,524345
376137,640031
376142,815386
376144,605093
376148,117512
376159,542374
376193,851723
376211,621571
376222,825010
376231,774915
376239,762214
376246,114880
376249,654791
376261,808360
376274,327639
376274,801594
376280,663975
376287,618322
376297,788693
376306,213901
376321,606535
376327,686441
376337,810090
376356,891681
376359,546583
376376,808081
376400,774601
376408,778157
376410,870870
376450,241546
376472,781933
376472,510859
376476,661698
376483,532718
376495,759229
376496,792065
376517,141172
376521, 84623
376535,528521
376554,846568
376584,763469
376587,646069
376593,817133
376601,827030
376633,755963
376636,648402
376661,489653
376688,652635
376703,605802
376705,766722
376707,817358
376712,748853
376717,613291
376737,766421
376776,800065
376846,869677
376876,756055
376878,177242
376905,800767
376918,813583
376921,533275
376930,748231
376935,633574
376945,678274
376951,668719
376955,755822
376959,777151
376959,777627
376961,471211
376962,576969
377002,877616
377007,839168
377020,625925
377022,536945
377037,526036
377041,553445
377075,106141
377087,617618
377093,561009
377100,160898
377103, 93972
377106,261821
377125,634503
377133,832377
377135,217026
377138,811546
377151,599704
377157,808893
377158,735043
377165,610080
377175,833293
377180,641657
377192,774849
377194,796921
377226,845052
377234,589142
377249,796918
377260,541596
377261,595493
377291,824266
377314,513010
377316,303100
377323,809715
377364,780150
377372,880484
377382,605291
377392,766172
377420,860406
377453,747469
377455,502664
377455,200766
377469,617392
377486,540029
377512,643562
377532,319329
377536,766405
377540,484997
377550,814770
377567,752273
377611,773044
377612,604086
377620, 85955
377640,757974
377642,776106
377660,122171
377660,662541
377675,242305
377676,641970
377687,342455
377699,288239
377709,876319
377711,767732
377716,651749
377724,201643
377726,776555
377756,657238
377764,625859
377801,104714
377813,800248
377834,617375
377866,808808
377899,819033
377902,219122
377902,806368
377908,531720
377939,805688
377941,836049
377948,802610
377952,830183
377955,170671
377955,660065
377971,831816
377974, 82764
377989,129437
377994,760942
378006,301272
378015,374082
378017,691690
378027,494182
378029,547309
378064,545060
378068,671243
378073,507901
378075,789843
378085,222438
378168,741591
378185,832281
378197,649184
378221,781074
378261,540443
378278,521540
378279,194379
378283,523453
378289, 88579
378292,596643
378294,659566
378308,679932
378333,811988
378334,504673
378341,812295
378342,663451
378359,665378
378370,568572
378378,403040
378409,763252
378423,653503
378428,632359
378434,795571
378485,531529
378500,358045
378512,756624
378513,664967
378517,811341
378542, 83236
378554,784378
378565,637918
378578,762836
378581,829316
378602,771403
378626,743963
378640,776241
378641,775022
378660,621048
378670,751553
378695,765839
378720,207326
378721,797452
378756,660529
378759,759882
378761,803836
378768,756057
378797,503602
378798,770648
378809,773206
378820,105160
378821,851174
378836,105658
378855,535511
378863,831712
378867,790937
378868,752259
378884,524849
378887,307611
378930,776462
378939,248849
378940,781275
378950,796730
378963,551891
378963,809952
378965,598810
378987,756311
378996,717451
379010,526903
379010,847550
379012,518654
379052,745172
379085,124349
379090,753614
379094,117317
379105,207650
379122,757970
379151,653443
379159,750201
379161,513328
379163,612157
379174,524713
379197,869188
379211, 61553
379237,772705
379243,821221
379264,828157
379269,853385
379274,769171
379295,756199
379310,538017
379314,637999
379316,118958
379356,858586
379401,588158
379413,761411
379437,789540
379444,197988
379452,768450
379456,775236
379469,767666
379470,799483
379474,603673
379484,636581
379487,808321
379491,674448
379509,803680
379546,821819
379553,820180
379569,774188
379572,870342
379580,814507
379601,548372
379606,759125
379624, 94841
379628,649063
379656,815124
379665, 97264
379677,649157
379681,600972
379688,532474
379700,754656
379711,866706
379718,516408
379732,757397
379744,764416
379788,830386
379789,840698
379790,759237
379834,842165
379838,843401
379845,765170
379845,744406
379858,548002
379861,733788
379872,211747
379892,631859
379908,544090
379917,520506
379926,647979
379936,761827
379945,791785
379962,520223
379969,802836
379969,538742
379976,849398
379978,125114
380010,231497
380030,671491
380031,512676
380031,596671
380067,753377
380086,500215
380087,623365
380087,837064
380101,499095
380107,698295
380132,197922
380135,774265
380152,570391
380165,520665
380170,770288
380181,792851
380196,544120
380221,756453
380231,828801
380231,778352
380271,232530
380339,807875
380357,862958
380360,552972
380374,111607
380384,321541
380385,535020
380403,646557
380405,815972
380410,686345
380417,858183
380421,772459
380454,498302
380482,840073
380484,554868
380485,527954
380510,652912
380538,621144
380540,802106
380550, 99646
380561,521511
380574,818806
380581, 85119
380594,810532
380606,759720
380619,811004
380636,188103
380644,750307
380648,758795
380659,510695
380659,797575
380667,758214
380685,764045
380687,763319
380707,668627
380724,537822
380757,518640
380767,810583
380801,646840
380806,185324
380840,680108
380850,604230
380897,759615
380897,840038
380941,876408
380941,759640
380992,521650
380994,348262
380998,504237
380999,765123
381014,503484
381019,137769
381022,647246
381031,748058
381067,132637
381068,600687
381090,861129
381114,556870
381174,661250
381179,648539
381189,763956
381193,204402
381201,650881
381201,906824
381207,511117
381235,765343
381238,653365
381244,688061
381260,769813
381264,903123
381318,619172
381320,808757
381326,598626
381338,825849
381341, 90306
381349,659147
381355,767840
381364,805491
381391,859126
381406,519349
381442,790115
381455,670772
381463,541251
381483,503618
381486,530774
381545,523240
381560,500716
381582,752672
381611,604654
381613,830854
381617,844647
381626,764150
381632,673443
381639,621075
381641,509776
381650,767052
381690,663147
381696,539696
381703,751196
381707,833155
381709,518501
381746,783678
381746,517889
381751,547815
381753,742113
381763,649628
381764,833157
381785,513168
381788,522157
381799,674021
381803,539949
381825,532199
381871,520203
381877,229438
381880,686354
381890,243188
381895,529207
381904,786600
381907,807690
381912,756658
381932,506789
381938,203495
381938,751082
381945,768736
381992,548573
382004,762541
382016,124829
382026,755046
382059,830631
382069,514087
382073,680187
382091,677676
382101,124385
382113,528184
382158,756350
382160,132517
382178,680224
382206,507657
382220,526172
382225,517336
382226,218848
382236,617704
382261,494710
382263,863746
382265,675779
382306,747402
382313,666090
382323,541067
382349,814290
382367,791828
382411,133303
382425,797630
382428,524018
382432,691063
382444,516318
382453,108611
382458,765295
382470,889846
382476, 86756
382499,351252
382501,608788
382521,560591
382568,501646
382586,781322
382616,625169
382658,781774
382661,533055
382665,838770
382666,670162
382694,793902
382716,748646
382740,698250
382756,663326
382764,826784
382786,726877
382814,643731
382837,613326
382837, 63909
382856,641023
382860,612803
382880,538620
382905,518010
382907,846223
382932,875625
382933,643662
382952,797441
382954,786382
382957,561094
382959,885026
382972,531456
382999,644758
383033,808228
383057,774223
383058,773626
383074,543562
383090,183196
383132,632506
383176,687310
383185,501988
383220,511277
383239,805644
383249,797920
383268,806598
383286,585702
383288,508220
383316,828755
383344,519634
383360,490094
383364,831158
383383,225157
383399,754922
383403,537985
383410,850155
383416,826563
383426,807352
383452,222851
383476,507671
383476,165499
383480,804812
383484,561367
383497,498485
383548,681701
383564,823393
383565,864185
383587,874249
383602,486884
383605,109144
383609,842225
383628,846366
383642,536495
383663,192803
383675,518399
383692,814919
383717,841282
383726,766947
383748,564408
383748,835365
383751,581564
383763,645668
383805,862688
383836,748207
383840,868826
383849,514097
383860,534714
383860,528026
383865,631964
383889,829007
383907,763941
383917,656918
383920,660605
383923,640319
383926,873209
383933,669225
383950,777978
383967,653021
383978,477568
383993,825723
383999,518386
384002,570075
384013,788062
384031,501388
384042,109009
384058,518094
384066,243917
384083,851339
384086,602748
384090,757589
384113,804366
384130,523943
384146,516077
384180,524053
384229,563995
384235,545986
384253,626793
384254,530982
384256,484686
384293,661525
384301,628216
384314,668167
384351,654233
384380,834903
384384,576082
384395,638119
384410,871874
384443,904333
384454,583779
384463,855071
384466,839147
384472,611581
384474,777349
384487,703724
384497,771620
384508,872009
384520,658759
384523,808395
384542,497752
384561,552183
384601,500532
384602,783769
384620,544496
384623,658957
384681,668659
384742,755696
384748,496771
384778,491290
384789,814260
384808,812692
384882,673122
384891, 89856
384913, 94295
384935,510495
384937,848472
384938,515671
384964,793071
384971,665318
384990,543845
384991,805225
385006,216891
385007,790230
385017,664125
385017,527142
385057, 91470
385079,549059
385126,674063
385136,591687
385143,787387
385167,662632
385171,540859
385176,816416
385182,809914
385187,728531
385204,540488
385207,662462
385223,818048
385229,853534
385237,850914
385244,627972
385270,796110
385270,771412
385275,670389
385288,791371
385306,815587
385306,686291
385334,763243
385348,859651
385393,670583
385412,709023
385450,647942
385463,686341
385496,823584
385532,520119
385561,529664
385588,819163
385590,864491
385607,767861
385609,825922
385634,845789
385647,526498
385647,576951
385651,525407
385659,522330
385684,835498
385701,529737
385712,496633
385768,687690
385793,226983
385796,519970
385803,850415
385820,698020
385848,648200
385907,489569
385931,769132
385959,789447
385965,665583
385969,510683
385999,489006
386002,524358
386029,833876
386050,524859
386065,825404
386075,764857
386088,638528
386109,568830
386140,851712
386164,765334
386169,528567
386171,810586
386179,677871
386186,180673
386188,121159
386225,169428
386251,823021
386269,679706
386272,829006
386276,675765
386277,555921
386283,541374
386323,137293
386378,840534
386390,530329
386406,207195
386458,116974
386466,827067
386467,855905
386478,487071
386571, 50217
386580,513040
386583,815437
386594,522668
386631,761239
386632,537174
386642,120345
386659,538026
386670,779719
386676,637054
386705,793219
386727,802205
386736,783043
386774,811930
386777,229166
386785,652808
386799,532202
386804,129110
386816,540142
386819,699904
386820,686395
386822,528771
386828,803690
386831,846081
386838,665095
386851,525759
386855,524941
386861,533553
386885,489810
386892,852029
386907,515362
386909,522939
386916,642961
386919,514607
386935,533908
386967,568433
386984,626493
387000,288529
387034,773424
387053,826277
387059,783645
387075,522080
387087,789380
387115,688177
387117,636903
387139,821870
387143,878038
387144,521638
387149,205246
387169,543761
387185,518550
387209,548436
387230,486981
387234,283626
387276,661991
387285,704665
387316,766926
387338,532276
387348,648079
387349,525454
387364,506724
387374,129252
387401,130921
387404,674190
387431,517756
387437,529870
387457,833466
387465,842361
387472,853598
387497,175864
387504,535878
387515,488969
387544,698218
387555,825584
387563,475766
387575,650022
387581,877078
387595,825929
387600,502894
387616,817607
387619,541329
387626,642496
387639,556971
387644,521703
387645,531082
387648,588522
387661,519653
387663,521492
387678,650741
387727,762708
387730,664471
387730,777651
387733, 85922
387742,532813
387782,799687
387817,749148
387824,171256
387849,617223
387855,527586
387865,849782
387869,819492
387916,803789
387916,524397
387924,195635
387932,287827
387933,836845
387942,670405
387949,758812
387984,529711
387985,503876
387988,636435
387990,820540
388010,527277
388017,173705
388020,286778
388036,661534
388040,858113
388048,848318
388051,560550
388052,764176
388063,557923
388085,522823
388101,557412
388106,815945
388106,527029
388108,645728
388116,544580
388133,555673
388134,753220
388156,117454
388164,526693
388170,555941
388190,545975
388191,288930
388192,557683
388192,699904
388209,556986
388214,557992
388219,643644
388221,529762
388229,559440
388262,830573
388293,520435
388307,826413
388310,214478
388320,494456
388328,863501
388329,538591
388341,814954
388348,542108
388350,699433
388369,288970
388373,507677
388382,752319
388397,556313
388404,543679
388416,557275
388418,505910
388420,544840
388426,800935
388433,535679
388435,556631
388435,825409
388497,547586
388499,620222
388521,557697
388523,578699
388524,556027
388535,557412
388537,558019
388562,526635
388586,250547
388588,556982
388607,498578
388613,506892
388623,290394
388650,513275
388669,287565
388677,610075
388677,558159
388681,554795
388687,811922
388689,513902
388696,836669
388717,555158
388749,171330
388750,502076
388757,288100
388771, 69566
388783,650997
388785,556419
388787,558293
388791,556814
388802,535745
388815,558521
388819,556814
388824,854464
388825,800437
388849,857916
388851,557381
388853,557215
388857,558136
388862,558644
388869,772039
388871,517880
388872,556059
388885,556983
388898,643893
388916,516547
388925,783023
388926,556360
388928,650819
388929,558035
388939,556182
388940,557293
388943,807209
388959,558325
388971,556583
388995,556711
389021,556120
389025,556227
389027,557971
389029,556946
389031,793644
389038,557289
389038,552059
389052,557704
389057,556239
389061,556899
389062,556484
389068,555933
389077,862107
389078,556835
389078,768150
389079,286905
389084,282100
389085,556904
389089,760683
389094,557845
389096,282286
389102,285471
389102,557702
389105,557495
389106,659843
389112,557361
389113,556829
389116,557480
389120,556665
389123,556978
389129,556857
389136,556217
389139,556388
389141,556469
389144,558743
389152,556060
389156,283766
389169,556407
389175,557295
389176,557015
389179,558440
389187,288254
389199,833612
389201,293624
389202,556390
389213,509799
389215,557103
389223,558865
389234,556694
389246,556358
389247,557577
389247,558294
389249,557911
389258,556293
389262,519859
389263,617046
389268,557464
389270,556187
389276,556023
389277,558719
389277,484775
389284,557516
389295,559194
389301,555766
389308,556142
389309,557338
389314,870095
389314,557259
389315,556437
389322,557802
389322,558417
389330,557706
389331,557476
389336,557907
389340,558463
389342,837225
389350,558103
389357,557611
389364,557122
389366,557863
389370,557748
389377,556306
389378,556601
389380,556844
389384,556736
389388,771289
389391,540508
389399,555870
389400,556118
389402,290511
389405,555668
389413,557853
389413,520952
389414,526299
389416,557015
389416,555528
389420,531106
389425,557037
389428,868890
389431,555875
389437,558085
389439,557391
389441,556864
389443,519513
389446,556773
389452,557646
389453,558340
389453,557794
389454,556357
389454,557290
389457,514683
389457,556895
389469,557302
389471,557563
389471,556037
389473,283502
389474,286685
389486,289946
389486,201834
389487,558371
389491,557012
389492,557242
389496,557282
389499,789996
389501,556796
389503,557294
389503,557218
389508,285188
389513,556257
389514,557621
389516,557103
389516,557562
389516,555460
389518,556205
389519,556061
389523,557377
389526,556468
389526,558478
389527,517906
389527,555987
389535,557156
389538,555578
389540,557217
389541,555457
389550,289297
389550,556392
389553,555498
389556,556951
389556,562058
389559,556178
389562,556626
389563,557994
389569,556775
389570,556977
389574,556789
389577,557068
389580,557258
389580,556896
389585,556543
389585,291132
389586,557141
389586,558000
389588,558017
389590,558054
389592,557552
389594,556922
389598,557310
389599,558496
389599,558334
389607,554806
389609,556340
389611,503708
389612,822372
389612,558475
389614,558496
389617,515910
389619,878241
389620,288021
389622,557007
389625,666799
389628,557069
389630,792282
389633,557744
389635,575992
389642,557972
389642,836317
389642,544617
389645,557439
389645,557784
389646,559391
389647,557449
389656,557280
389657,556887
389661,288423
389663,556229
389663,514874
389663,556774
389666,556446
389670,557639
389670,558673
389672,290347
389677,557304
389681,558473
389683,557325
389690,284994
389691,555930
389692,535337
389692,807504
389696,556344
389699,664482
389699,555743
389702,556930
389702,555648
389708,842162
389709,558285
389710,557192
389711,556909
389713,556719
389715,557435
389719,212664
389720,557927
389721,556858
389722,558949
389723,533504
389724,559242
389725,556902
389727,557607
389728,557895
389728,557616
389729,557123
389736,557740
389738,806105
389740,557414
389741,558599
389742,556303
389742,289036
389745,817451
389745,808792
389746,666166
389747,686082
389748,557968
389750,835350
389752,545875
389756,557252
389758,555412
389761,558012
389761,557016
389764,556299
389765,287924
389767,557972
389770,556794
389777,557071
389778,557277
389781,557155
389783,556722
389786,558579
389787,556497
389788,558910
389790,557541
389791,884444
389792,556193
389794,556644
389794,557015
389796,556467
389797,556186
389804,555999
389807,557411
389807,556259
389811,558122
389813,557065
389815,115109
389816,558601
389818,556512
389819,558718
389822,555791
389823,556113
389824,558084
389824,558815
389825,865008
389827,918501
389829,557506
389832,555918
389834,556817
389839,558548
389843,557319
389847,555379
389852,557628
389857,557123
389859,556303
389860,555467
389863,556104
389864,558086
389865,557379
389869,558077
389869,556967
389873,558194
389874,556644
389879,557104
389882,556902
389884,288008
389891,555364
389893,675064
389896,557135
389897,556257
389909,834512
389910,236205
389912,555798
389918,557736
389919,556497
389920,558348
389922,555540
389925,557131
389927,557086
389928,820461
389929,556053
389929,557855
389930,290002
389930,290761
389932,557144
389936,558204
389937,557907
389937,556153
389937,556961
389937,557624
389940,557286
389941,556305
389941,556691
389941,557301
389944,557536
389944,558190
389946,556014
389948,558187
389954,528967
389956,555945
389962,555073
389963,557453
389966,557885
389970,557727
389971,558062
389974,556876
389977,557138
389981,557153
389985,556625
389989,557628
389989,558377
389991,556912
389992,557222
389992,556396
389992,556987
389996,542368
389998,557073
389999,556663
389999,557254
390001,847456
390004,288149
390005,558582
390007,557777
390007,557192
390010,557138
390011,558227
390013,557056
390013,877199
390013,535615
390013,556108
390013,659987
390015,557626
390015,557822
390016,556079
390018,556785
390019,849765
390021,555406
390022,557042
390022,555286
390025,557652
390026,556008
390026,557669
390027,558034
390028,557200
390030,558462
390030,557673
390034,557201
390035,289911
390038,851311
390041,558711
390041,558294
390043,557797
390044,558237
390045,557468
390054,556745
390054,557202
390054,557464
390055,557901
390055,557686
390056,557023
390060,556554
390062,286284
390063,822211
390065,557684
390066,286725
390066,289832
390067,557548
390069,556729
390071,557975
390075,555708
390077,285014
390078,558344
390079,555955
390079,557275
390082,557628
390083,557508
390084,814824
390085,555222
390087,556087
390087,557421
390088,556677
390089,557687
390089,557495
390089,556242
390090,557704
390091,558074
390093,556489
390093,557205
390097,556215
390101,558961
390102,556018
390106,557485
390106,557552
390111,555698
390112,557924
390113,556759
390117,557159
390117,557035
390117,556982
390118,557734
390118,556888
390119,558110
390119,556898
390119,555357
390120,556394
390120,555761
390121,557651
390122,558312
390124,557290
390125,556967
390126,556876
390128,557661
390129,556600
390131,557656
390132,557855
390134,557111
390136,558393
390136,288144
390136,557352
390137,557609
390138,557544
390138,557376
390140,557042
390141,557177
390145,556868
390146,558187
390146,558186
390148,286956
390149,557431
390149,556690
390151,557278
390153,557579
390156,833612
390156,557812
390156,556984
390160,558277
390161,558166
390162,556896
390168,556521
390168,557286
390169,557599
390170,558149
390170,557137
390171,557146
390172,557142
390172,556303
390174,556936
390174,557781
390176,557656
390177,147471
390177,558367
390180,556044
390182,556592
390182,557588
390183,557843
390183,283746
390183,838763
390184,557736
390184,556304
390184,555847
390185,291914
390187,615313
390189,556811
390189,555604
390190,558230
390191,557487
390191,557173
390195,557443
390197,556886
390197,558361
390197,556061
390199,557702
390200,558513
390203,291042
390203,556324
390204,556412
390206,749352
390208,556890
390208,557697
390212,558361
390213,557748
390214,557264
390214,557001
390214,559554
390215,557582
390217,293131
390218,558322
390220,557316
390221,557470
390226,556238
390228,556901
390228,534206
390230,558116
390230,556112
390230,557883
390231,557530
390232,555628
390233,558141
390233,557804
390233,557590
390235,557406
390236,557809
390236,558154
390237,557239
390239,556251
390239,558028
390242,555241
390244,556554
390246,855369
390251,556403
390253,557950
390255,556771
390255,556108
390255,557477
390255,558855
390255,556160
390255,558054
390257,664651
390257,556392
390257,557673
390259,557738
390261,290579
390262,557677
390263,553456
390265,557057
390266,557219
390267,556358
390269,557627
390272,557854
390273,556403
390274,557032
390277,556885
390277,557351
390278,556886
390279,555985
390281,557344
390284,555977
390284,558434
390288,511593
390289,556821
390290,557029
390291,558031
390292,557922
390292,558664
390293,862664
390296,557838
390298,557208
390298,557936
390299,558431
390301,557825
390306,559079
390311,556374
390314,557753
390315,520780
390324,557148
390325,556647
390326,825796
390327,557439
390328,828618
390328,558250
390331,556950
390331,556718
390331,556570
390335,557461
390337,557381
390338,557703
390338,558445
390339,558162
390339,288518
390342,557129
390343,556259
390344,557080
390344,288967
390347,557243
390349,556460
390350,556418
390351,557914
390351,556960
390352,556481
390354,290296
390354,558628
390356,290118
390358,557885
390358,557061
390359,556255
390359,558709
390359,819346
390361,557739
390362,556028
390365,537285
390366,557509
390368,556397
390369,556667
390370,284797
390374,558802
390380,557437
390381,293236
390381,556530
390382,557550
390384,558207
390384,557596
390388,557465
390393,558516
390394,556887
390397,556535
390399,557710
390400,557370
390400,557054
390406,557271
390406,286116
390406,556672
390408,557983
390408,557127
390411,670946
390412,557712
390412,555614
390414,557862
390416,556479
390416,557287
390420,557013
390425,557923
390426,556112
390428,555756
390431,557945
390432,858419
390432,558229
390433,556537
390434,556932
390434,557267
390436,557955
390438,556969
390439,556514
390440,557014
390443,556335
390444,556987
390445,556972
390445,557995
390446,556810
390446,557599
390446,557881
390447,557781
390447,556711
390452,556554
390457,557306
390457,287369
390459,557619
390460,284939
390461,556582
390462,557367
390463,556579
390463,555757
390464,847004
390464,557311
390470,556438
390473,556657
390480,557926
390485,532568
390485,508965
390488,556408
390494,556875
390496,285470
390496,559456
390499,558241
390499,557047
390499,557072
390502,556454
390504,556850
390504,557249
390506,556972
390507,557008
390509,556320
390509,558277
390511,557284
390512,558145
390512,556572
390514,849538
390515,556903
390515,555739
390516,557834
390516,558076
390517,558118
390518,555676
390519,555965
390519,673140
390520,558099
390521,556780
390521,558564
390523,558992
390524,557425
390525,555652
390528,558025
390533,557980
390533,556855
390535,557035
390535,556524
390539,557202
390539,557092
390543,557524
390543,557878
390544,555880
390544,557817
390544,558582
390545,557137
390546,558187
390547,555784
390548,516577
390549,557195
390550,557620
390550,555894
390550,556921
390550,556972
390555,556823
390556,559290
390558,556720
390558,555859
390558,556436
390559,555674
390560,558998
390562,558001
390564,557028
390565,557980
390566,557526
390567,556059
390567,695126
390568,556391
390569,557583
390573,557535
390574,558394
390574,558363
390574,557152
390575,285642
390580,291548
390581,557009
390581,556846
390581,559001
390583,556145
390584,556749
390585,557137
390588,558566
390590,292446
390591,557297
390593,702467
390594,556928
390594,557545
390595,557852
390595,556508
390596,558007
390597,554513
390598,556685
390598,557890
390598,558181
390599,556432
390602,555928
390604,557456
390605,557093
390606,558098
390608,557079
390610,557821
390611,556296
390614,556413
390616,557093
390618,556489
390620,558248
390621,555823
390622,557709
390624,556862
390625,509167
390626,556237
390628,555481
390630,285522
390631,554910
390631,558133
390632,555960
390633,557629
390634,556902
390637,556706
390638,651285
390640,289942
390640,519420
390641,555609
390646,290769
390646,282949
390648,556240
390648,558895
390649,556610
390650,556754
390652,817492
390653,556918
390654,528531
390655,556834
390655,558380
390655,556954
390656,557780
390657,557010
390658,557545
390659,555352
390661,288416
390663,556529
390663,558360
390664,557047
390665,556494
390665,555924
390665,854943
390666,558063
390668,554688
390670,650931
390671,557319
390672,557045
390672,557062
390674,557803
390678,556333
390678,557062
390681,556730
390686,558153
390687,557631
390689,557509
390690,557251
390690,557217
390691,556399
390691,557319
390692,558020
390692,556634
390693,555978
390693,557323
390695,558332
390695,557483
390695,558066
390699,523122
390700,545377
390701,287972
390702,557309
390702,557206
390705,556170
390705,556779
390709,558576
390710,556899
390711,557947
390714,557367
390715,556881
390716,556103
390716,558291
390718,557771
390723,557446
390724,556269
390725,556901
390731,556765
390735,557861
390735,556843
390735,556233
390737,558077
390740,557702
390742,557823
390744,556180
390747,557615
390747,683975
390748,556294
390749,557516
390750,556430
390750,557131
390750,564256
390751,557896
390753,557000
390753,558184
390756,558255
390758,557240
390758,557107
390759,556865
390759,558897
390759,556445
390762,284875
390762,557303
390763,557540
390764,558417
390765,558357
390765,696056
390766,557273
390768,556446
390769,558160
390771,557299
390771,541277
390775,525592
390777,557751
390781,555767
390783,292159
390784,662191
390785,558832
390785,557752
390787,558234
390789,556091
390790,289435
390790,556792
390791,556831
390792,556747
390793,557015
390794,558590
390794,556149
390795,287021
390798,556085
390798,557023
390798,291508
390800,644068
390800,479679
390801,558450
390801,290608
390805,556998
390806,556441
390809,558375
390810,556127
390810,557916
390811,556460
390816,290551
390817,794779
390820,558415
390820,557050
390821,557394
390823,557934
390824,557613
390825,558132
390827,555640
390830,558289
390833,556885
390833,556422
390833,556988
390834,557524
390835,557162
390835,558318
390837,557790
390841,556196
390842,556701
390843,558974
390844,558669
390844,854449
390846,558670
390847,556452
390850,557387
390851,558620
390851,558538
390854,555765
390854,557273
390854,558591
390856,557299
390856,557210
390857,558684
390859,557153
390860,558716
390861,556494
390865,557059
390866,556762
390866,288906
390869,558521
390869,861621
390869,557764
390870,556558
390871,557539
390871,558025
390872,556408
390872,555100
390873,557978
390873,556034
390875,556569
390876,558508
390877,557296
390879,556915
390881,557025
390881,556525
390882,556760
390883,530551
390883,662134
390883,556909
390889,557468
390889,287228
390889,556369
390890,557044
390893,557542
390893,555747
390895,557043
390898,555676
390901,558841
390903,555834
390903,557409
390904,558092
390908,557179
390908,558108
390911,827461
390913,556635
390914,557044
390917,557756
390918,557751
390920,556510
390920,497206
390923,555965
390923,557338
390926,557060
390926,557093
390928,557138
390928,556974
390930,556944
390933,557793
390933,557182
390934,557907
390935,557651
390939,555955
390943,556675
390943,557407
390945,287226
390946,557650
390947,557311
390949,556795
390950,893362
390951,557190
390952,557366
390959,556836
390960,558178
390966,557159
390968,557063
390968,555697
390969,556681
390970,557471
390971,556510
390971,557665
390972,557632
390974,556813
390975,555612
390976,558140
390976,557454
390976,286687
390976,557270
390977,288488
390977,556319
390977,288862
390978,556631
390979,557803
390981,557991
390982,556370
390985,516926
390987,557952
390988,287807
390993,557961
390996,557714
390998,558505
390999,558213
391003,557876
391008,556141
391008,557439
391012,557404
391013,556947
391016,557600
391017,779012
391017,556675
391019,557302
391022,909463
391023,558067
391025,557175
391028,502295
391030,556151
391031,557631
391032,557232
391033,557465
391033,558516
391034,555754
391038,557126
391039,557058
391040,508315
391041,566290
391044,556886
391044,556724
391047,556372
391048,557608
391050,558494
391052,556108
391052,556109
391054,556682
391055,555665
391055,557209
391056,556726
391056,556131
391056,556537
391057,557264
391059,283882
391060,556991
391061,557758
391061,852515
391062,555594
391064,556545
391066,557687
391067,285772
391071,557271
391072,557386
391074,557332
391075,556997
391077,557677
391080,557859
391084,556530
391088,557176
391092,558944
391092,858973
391093,557540
391100,556609
391101,556996
391101,557314
391102,557858
391102,286172
391103,556215
391103,557123
391104,557473
391105,556604
391105,556631
391107,283337
391107,558983
391109,556270
391110,557627
391110,285372
391111,556839
391111,556878
391111,672506
391112,557225
391113,487011
391114,504335
391117,286878
391118,555712
391122,555658
391122,558352
391122,557345
391123,288514
391123,288719
391124,557142
391124,659393
391124,642871
391126,287103
391128,557517
391129,557399
391132,556674
391136,286687
391137,557856
391140,557891
391141,556970
391142,556538
391143,506867
391144,556524
391145,290414
391145,556955
391148,901878
391150,557202
391152,558381
391157,556780
391157,556822
391159,556491
391159,556519
391163,557435
391165,535073
391165,599799
391165,557061
391166,286332
391170,558325
391170,558289
391174,555430
391176,557121
391180,557410
391180,558178
391182,557454
391183,848556
391183,557053
391184,557912
391189,558231
391189,557527
391191,556649
391194,558356
391201,556749
391201,558281
391208,556696
391208,556459
391208,556394
391208,557779
391209,556389
391210,557007
391211,285065
391212,556946
391214,558087
391214,557362
391217,840686
391219,289574
391221,555654
391222,557481
391224,278669
391226,546628
391226,557016
391230,557072
391230,628232
391235,556853
391236,556298
391238,557856
391241,543591
391242,287431
391242,557749
391244,556239
391245,287702
391246,557104
391249,557440
391249,557125
391252,556719
391253,557725
391254,287171
391259,556426
391259,557233
391261,557415
391264,556769
391266,286986
391266,557154
391267,556756
391268,558825
391269,857002
391270,556791
391270,556275
391271,557120
391273,558693
391274,556882
391274,557010
391275,556155
391278,556277
391278,894300
391279,556585
391281,286404
391281,290525
391281,643789
391282,557404
391283,558029
391285,556991
391289,555684
391290,839422
391291,559140
391292,556940
391292,556268
391293,556163
391298,558526
391299,556723
391303,558157
391304,286065
391308,558641
391308,557604
391309,557280
391311,287228
391312,555734
391314,556874
391317,558113
391319,558236
391320,556977
391322,292994
391322,558509
391324,513744
391324,556551
391326,558055
391327,557528
391328,557107
391330,557069
391332,556912
391335,288089
391335,558689
391337,536626
391337,880066
391338,558176
391339,288493
391339,558318
391339,556706
391339,287054
391343,558199
391346,558701
391347,556722
391348,286702
391348,283968
391348,558279
391349,557695
391351,559444
391353,557691
391353,559019
391355,555744
391356,556432
391356,555919
391359,556847
391359,284757
391363,557600
391366,556789
391367,556152
391368,557605
391373,872402
391374,557230
391375,290264
391377,290093
391378,556761
391379,675553
391381,556457
391381,656840
391381,557207
391384,808319
391384,558045
391384,557537
391389,558195
391390,556105
391391,468936
391392,557979
391395,556161
391395,557514
391397,557514
391397,558537
391401,555975
391407,291183
391407,557282
391408,557687
391410,557911
391412,557174
391413,515948
391416,557602
391416,557335
391420,807484
391421,556791
391427,555724
391430,556412
391433,557854
391433,556609
391434,650186
391436,556127
391438,557062
391440,557065
391445,557306
391446,557619
391446,556965
391447,835078
391448,139618
391449,557954
391450,557528
391454,556883
391454,138363
391457,557851
391459,288227
391460,557311
391461,290083
391462,555383
391462,556837
391464,557410
391466,557134
391468,556789
391470,556314
391475,284779
391476,558775
391478,556316
391478,556794
391479,557046
391484,557258
391484,555758
391485,287012
391486,287270
391486,288662
391487,556582
391489,287014
391490,556927
391492,556550
391494,556614
391495,556017
391497,556597
391497,558157
391499,815622
391500,558280
391502,557923
391507,844145
391508,557481
391508,873115
391513,558008
391516,287601
391517,557861
391518,557380
391518,557128
391521,556303
391521,825148
391524,556855
391528,547995
391528,557408
391531,556456
391532,557502
391533,556846
391533,556690
391534,556695
391535,558712
391536,556294
391541,286274
391543,557134
391543,557528
391543,550094
391545,555839
391545,558139
391548,557656
391549,557222
391549,557290
391553,867223
391558,645394
391559,284343
391559,543873
391561,556602
391562,558193
391565,557356
391566,557543
391566,555912
391566,288913
391568,556611
391570,288017
391570,557697
391571,115463
391573,807820
391574,556809
391575,556739
391575,557497
391576,288657
391577,557368
391579,559804
391580,287887
391583,825258
391586,555805
391593,286672
391594,556908
391597,556717
391598,557055
391598,558074
391600,556384
391601,555790
391602,556926
391602,557639
391602,286941
391603,558262
391606,556483
391609,557731
391614,555559
391615,556453
391615,556312
391615,557987
391615,285983
391617,556414
391621,557096
391624,558126
391629,288402
391632,555984
391634,556467
391634,514353
391634,557792
391634,559081
391635,556811
391640,557559
391645,556569
391649,555526
391658,285402
391665,641860
391667,557166
391671,556323
391674,557589
391675,556269
391676,557885
391677,557437
391678,557405
391687,286154
391693,556676
391694,285396
391697,556557
391701,557756
391704,286104
391705,557597
391705,557965
391708,572241
391708,286101
391713,556961
391713,555843
391713,556079
391716,556796
391716,557760
391717,557725
391720,558269
391721,291480
391727,556453
391728,557270
391729,505268
391730,558256
391734,556783
391734,289375
391734,557625
391735,556695
391737,559276
391738,291577
391742,559211
391742,556309
391744,287148
391746,556526
391750,557062
391750,891864
391750,556878
391751,556985
391758,556821
391758,557387
391760,555658
391763,557749
391763,555774
391763,555873
391767,556709
391768,819384
391772,291280
391774,825364
391775,622523
391776,556635
391776,557548
391776,288909
391782,557560
391782,559246
391786,533018
391787,288737
391788,289972
391791,557282
391799,292896
391802,558294
391803,556795
391804,284843
391804,291362
391807,557651
391812,555669
391813,503121
391814,556571
391816,556727
391822,671564
391823,556682
391823,284945
391828,556498
391831,557789
391837,559049
391837,557705
391838,557153
391838,289154
391838,877173
391839,557699
391841,558152
391842,557192
391844,556057
391848,286470
391864,655485
391870,794511
391877,486552
391879,558468
391883,516941
391885,289501
391885,528796
391893,638693
391896,287678
391898,556227
391899,289953
391899,557203
391900,556980
391900,557072
391909,557689
391914,288085
391917,557611
391919,748848
391920,544432
391923,506145
391925,556591
391926,289268
391927,559169
391929,542854
391929,537230
391931,869427
391932,556403
391935,555515
391941,555083
391943,504332
391943,556674
391943,557147
391946,558797
391950,288238
391953,557516
391956,556912
391957,557810
391961,287963
391964,285449
391964,285063
391969,288920
391975,557751
391975,865570
391983,556404
391987,682983
391987,584077
391989,557082
391990,870443
391995,286917
391998,292761
392000,556474
392002,556138
392004,508137
392008,557931
392012,557243
392020,556971
392022,282371
392023,556537
392029,292825
392030,636302
392030,556183
392030,844002
392033,290851
392034,286596
392044,555674
392045,558036
392047,558555
392047,557971
392049,557140
392051, 83579
392055,557716
392057,518802
392064,557263
392064,491195
392066,557238
392067,557298
392068,483652
392074,556447
392075,510105
392076,556940
392080,286165
392081,810866
392084,286356
392090,556344
392090,521561
392095,558167
392101,532048
392102,290075
392111,557282
392117,289623
392123,285834
392123,291625
392124,557217
392126,557408
392132,557858
392133,557437
392140,557953
392140,511615
392144,556784
392146,556811
392147,556750
392148,557424
392158,556999
392159,287535
392159,560322
392160,556464
392162,862765
392163,557011
392164,556597
392164,827287
392173,555209
392179,286568
392208,531916
392217,555684
392222,293276
392222,292993
392225,284753
392233,557505
392234,652361
392235,287577
392240,534756
392254,818524
392262,287330
392273,557438
392275,284935
392276,513549
392287,763832
392288,872249
392292,703022
392294,284651
392295,556003
392298,559242
392316,556253
392319,557767
392324,556672
392327,289453
392332,287525
392332,284911
392342,291989
392346,288683
392354,288737
392358,288885
392361,557920
392362,557234
392375,287195
392380,137691
392385,285841
392385,284841
392389,522388
392394,519377
392397,556868
392403,201360
392411,284170
392416,286562
392418,291047
392423,556538
392426,674936
392429,289170
392432,557771
392433,288015
392437,797440
392437,287453
392439,286783
392441,559462
392445,288537
392446,558050
392447,557505
392451,556565
392459,556148
392461,538264
392462,824509
392469,558693
392484,286156
392484,290993
392485,287786
392490,290838
392508,556383
392514,719735
392531,290142
392534,286919
392537,557517
392540,843727
392542,555930
392553,286854
392555,557416
392555,285603
392560,289354
392565,287370
392575,558411
392600,556914
392606,288887
392609,557500
392611,287359
392615,292495
392616,286198
392627,287462
392638,290406
392642,287277
392646,288178
392646,841160
392651,556759
392654,285213
392667,289668
392670,557729
392675,286632
392678,287599
392679,287784
392681,290676
392682,619659
392684,556566
392687,287521
392693,289582
392694,547118
392695,284333
392712,643422
392713,287303
392721,290171
392722,557478
392731,289916
392734,290382
392744,538456
392745,522035
392758,285317
392761,557056
392764,802455
392771,287369
392773,287272
392794,285739
392805,287987
392819,288594
392821,131187
392821,557811
392833,519437
392833,285397
392841,526597
392842,289601
392844,291756
392846,287257
392851,518341
392856,288815
392858,498053
392874,798891
392879,536401
392884,852214
392892,512736
392898,676142
392905,288044
392928,824776
392934,284879
392934,549682
392948,290269
392951,288865
392956,284334
392958,286893
392959,659366
392960,857602
392971,288329
392971,284078
392981,290272
392987,286221
392987,289930
392995,533016
393009,284203
393009,501009
393012,842541
393012,290434
393015,289284
393015,288868
393016,283535
393024,529277
393025,285168
393034,846415
393038,288394
393039,287570
393048,857296
393079,289084
393082,284693
393082,558716
393088,290988
393100,283793
393111,287544
393125,830088
393126,288006
393132,284161
393135,285072
393147,557755
393156,544130
393157,557375
393162,287357
393164,584742
393164,286809
393164,870692
393167,626756
393168,289209
393179,286297
393181,638019
393188,288804
393198,286752
393206,520296
393206,287338
393208,529176
393211,208532
393233,288614
393233,286473
393242,503197
393251,288836
393259,885110
393275,536669
393281,286603
393295,285638
393298,288055
393305,679550
393310,286673
393315,282167
393315,289275
393319,287522
393319,293166
393323,865548
393324,290097
393329,290405
393331,508397
393340,863215
393349,543457
393365,603504
393379,288895
393388,287226
393391,290440
393392,507654
393394,518236
393400,287018
393410,286752
393413,651358
393414,842163
393415,286692
393420,678828
393426,287743
393430,287425
393430,658603
393440,285712
393450,284260
393466,288547
393468,286385
393468,550160
393472,286934
393496,826486
393498,285769
393498,286363
393510,287142
393517,288646
393521,285607
393523,133078
393523,285994
393527,285295
393529,287671
393546,285141
393549,287365
393563,672851
393571,286171
393597,508947
393603,527814
393604,288627
393608,287839
393610,286401
393611,287642
393617,284992
393628,540090
393631,536989
393634,883980
393648,840088
393648,247705
393649,495077
393650,529397
393651,507351
393654,290253
393656,287422
393660,285729
393665,289403
393670,556305
393676,291254
393680,287903
393683,848254
393685,524881
393685,813773
393690,823413
393697,284887
393699,534186
393703,286413
393703,840136
393707,289934
393707,283837
393708,288205
393708,512102
393718,559926
393721,291606
393723,175406
393727,846696
393732,513428
393736,518636
393740,512452
393743,285880
393743,288589
393763,288725
393767,542261
393778,290604
393778,523874
393789,286558
393800,548504
393804,286354
393807,288095
393809,287998
393816,538304
393816,289101
393816,522834
393817,284856
393823,290074
393831,287535
393833,504847
393837,286893
393845,286586
393849,638279
393850,290528
393851,289577
393851,858493
393852,287030
393862,288818
393878,291378
393888,289773
393888,871618
393892,639743
393898,850048
393902,285240
393907,286036
393921,291965
393924,823402
393939,290302
393942,287407
393943,288429
393953,284413
393962,831880
393962,288057
393964,528578
393966,517027
394000,503628
394006,513026
394008,289220
394010,287277
394011,287694
394016,288722
394026,287698
394027,289664
394030,285622
394030,284579
394031,534224
394044,283864
394056,287602
394059,286960
394060,692480
394065,286731
394066,285742
394069,286439
394078,837353
394081,687370
394087,285840
394101,513687
394105,854439
394109,289651
394116,290530
394136,285119
394147,842777
394147,636877
394168,289725
394192,533310
394195,288961
394195,288701
394197,288425
394204,285608
394205,528815
394206,287709
394209,556468
394216,289416
394217,796127
394219,286989
394229,286209
394238,288831
394245,283445
394246,287485
394255,287265
394268,284042
394268,289006
394273,841690
394298,189250
394309,816630
394320,289788
394323,288211
394324,290787
394324,287728
394326,293122
394327,283691
394336,290534
394339,285425
394341,283475
394347,287343
394348,287040
394351,288993
394355,285153
394357,289539
394361,288298
394374,289021
394376,285430
394383,284997
394415,288309
394418,288210
394418,287129
394429, 87252
394439,288580
394442,287902
394452,563523
394453,560301
394459,291512
394464,842702
394467,289344
394468,289446
394474,492868
394481,527771
394500,527689
394505,283379
394512,623340
394520,514768
394521,291643
394526,284665
394529,493924
394532,846005
394532,288052
394538,292108
394549,285941
394556,877846
394557,523510
394568,612443
394570,836895
394579,845694
394579,285616
394584,289450
394586,840903
394593,286664
394609,284259
394613,287418
394619,614917
394624,810070
394633,573460
394639,289615
394644,286730
394656,288695
394660,285098
394669,285947
394679,834846
394689,825339
394689,292784
394691,691549
394692,828425
394695,856176
394723,285862
394724,285423
394732,294714
394740,285447
394740,287263
394742,828624
394753,289406
394753,291933
394762,543635
394764,286081
394783,291228
394785,872683
394788,290394
394790,288977
394794,289628
394806,290155
394815,505260
394823,533318
394824,885470
394829,284670
394834,851747
394835,502912
394841,291885
394843,532781
394855,478674
394859,837220
394880,284751
394887,284122
394892,287529
394899,843781
394899,654634
394901,287850
394907,288194
394909,291777
394913,286659
394914,289433
394917,519901
394924,286165
394929,289243
394929,288561
394930,289074
394936,288541
394940,874061
394943,289736
394946,831816
394948,288435
394964,195566
394970,621171
394980,286840
395002,875936
395004,291523
395004,287489
395015,535664
395017,285870
395043,543359
395044,289304
395054,287574
395054,286029
395057,844752
395057,538859
395060,285913
395061,153590
395069,531346
395083,289747
395087,529471
395092,497712
395097,536310
395101,285517
395106,286652
395135,505450
395139,288497
395148,290286
395149,543802
395156,292953
395160,284421
395175,286224
395185,285691
395195,284643
395202,628619
395218,290718
395223,285075
395232,287894
395233,511118
395235,286229
395239,542822
395241,291848
395250,288675
395252,522235
395252,834282
395260,287658
395279,511669
395286,290170
395307,287582
395315,290694
395315,292441
395328,289639
395329,509354
395333,286161
395347,286801
395357,295944
395358,287534
395370,286924
395374,285066
395376,285714
395385,801457
395386,288490
395387,736697
395388,820456
395389,289108
395398,288624
395407,285019
395409,286680
395412,284628
395416,545634
395428,574168
395428,289128
395434,704821
395441,288589
395442,687267
395445,864023
395446,287604
395447,291823
395455,287870
395459,496612
395465,790801
395467,287810
395472,525696
395476, 90891
395486,285437
395488,249582
395488,289938
395489,285126
395495,291146
395502,837513
395502,288077
395507,289500
395513,282482
395516,859827
395518,287948
395523,835758
395525,287668
395532,885033
395538,284111
395542,285641
395545,289013
395545,287117
395552,286116
395555,290048
395568,281446
395572,533050
395575,290510
395585,289129
395597,286034
395606,564544
395608,290015
395609,508637
395616,833625
395631,522586
395635,290169
395638,523521
395644,289018
395649,286474
395651,289171
395659,882369
395661,288246
395665,282320
395666,818893
395675,288521
395696,284288
395697,522913
395701,286243
395703,538318
395711,122591
395715,284378
395720,118165
395721,290733
395735,284899
395740,859040
395746,287721
395747,786363
395757,293176
395771,285669
395773,503466
395778,284103
395779,544793
395785,290856
395791,286410
395812,288456
395859,286643
395887,576550
395902,283830
395922,286468
395928,290406
395928,284221
395934,291380
395934,287692
395941,631037
395960,288953
395962,660263
395975,283683
395976,283648
395987,286495
396003,285137
396008,292952
396014,805455
396019,872399
396026,286423
396029,284673
396032,288456
396038,843192
396040,288562
396075,510587
396091,506246
396092,832196
396101,639969
396110,791884
396110,283618
396123,674546
396125,288823
396129,559115
396136,534495
396138,286505
396147,838835
396150,487439
396153,284763
396156,283498
396157,846986
396165,289940
396165,288472
396174,520816
396183,629539
396184,827857
396194,286913
396205,284581
396211,285466
396215,283786
396226,555984
396232,291537
396242,291124
396282,286321
396283,523224
396285,287617
396299,517908
396303,292024
396303,541160
396306,286585
396319,287057
396323, 96038
396326,798681
396344,283426
396356,291112
396367,286423
396372,822324
396374,544028
396384,285935
396386,285480
396399,813856
396419,673277
396428,286778
396432,125703
396442,504637
396449,765817
396467,283292
396482,653655
396506,288619
396542,862411
396555,506175
396558,505640
396576,494323
396578,839088
396584,511737
396588,496932
396589,287188
396589,291775
396602,268334
396615,844505
396619,501083
396620,493735
396628,509499
396641,283441
396645,499307
396652,797781
396656,286049
396662,535435
396668,510465
396671,287495
396676,537541
396690,286648
396696,515762
396697,284722
396710,287507
396714,519595
396725,286486
396746,536619
396746,832240
396748,828220
396754,287233
396756,289982
396758,286823
396773,519420
396789,290600
396794,499295
396800,543029
396802,287903
396805,543447
396806,291352
396806,558490
396807,290987
396809,290810
396814,561525
396822,289041
396824,509734
396825,290086
396846,289289
396849,593141
396869,284626
396872,750769
396887,287902
396913,283482
396914,289581
396919,497056
396925,850564
396927,635484
396933,667928
396936,520107
396938,286119
396941,233786
396944,520163
396947,642972
396954,506283
396979,530630
396979,288248
397014,288788
397025,671030
397029,485352
397029,661057
397029,285437
397035,143110
397035,870938
397036,285542
397044,205396
397047,289733
397052,291038
397062,509999
397062,287119
397075,516893
397080,287828
397085,553147
397087,287031
397095,648453
397098,792533
397111,286393
397119,770305
397158,286826
397162,836965
397163,655652
397169,288438
397171,531581
397178,282883
397191,284121
397192,549887
397204,862891
397205,517668
397226,816528
397249,286302
397252,730139
397253,282967
397255,551738
397264,522545
397280,101197
397284,285426
397329,848377
397380,289134
397384,533407
397390,551071
397394,515030
397408,517620
397409,642785
397410,206409
397414,532014
397432,843875
397447,836574
397457,553505
397484,284052
397505,545061
397519,616203
397520,833816
397522,288309
397532,629341
397543,628354
397544,798468
397564,291071
397589,285993
397609,285344
397610,288473
397617,283773
397621,661844
397625,510265
397632,823228
397644,288658
397646,499888
397668,506585
397673,295316
397679,186392
397684,532985
397688,293769
397693,847962
397731,289093
397746,849791
397749,584443
397750,534101
397791,541938
397793,291858
397821,882085
397822,512859
397826,287715
397835,512409
397840,877317
397852,650955
397868,530084
397871,502887
397877,867500
397887,535363
397903,518759
397911,678637
397915,506128
397929,527871
397947,854407
397952,285280
397993,540895
398006,546923
398011,526690
398036,475156
398038,554381
398054,289330
398068,844855
398079,515546
398084,529263
398086,651043
398087,656312
398101,287275
398116,285116
398126,870336
398142,784074
398153,511520
398155,700991
398166,846225
398166,787533
398166,515987
398196,564685
398197,281831
398202,647245
398215,544794
398230,515551
398259,502154
398261,288292
398267,524343
398268,515519
398272,504557
398278,677941
398283,531611
398319,795175
398321,285719
398322,112019
398324,564600
398333,543431
398342,285716
398356,519858
398363,498479
398364,498120
398366,288500
398368,555090
398395,835647
398397,284967
398398,517013
398409,285094
398423,288388
398442,783482
398457,840617
398463,290646
398472,555147
398486,531357
398504,523980
398521,201815
398528,138746
398544,520495
398567,525804
398577,673435
398586,526868
398588,523173
398589,511541
398614,290426
398614,525255
398616,860765
398625,835152
398670,287978
398678,857862
398686,284563
398695,670711
398703,522897
398706,544038
398712,287960
398719,286804
398753,546175
398787,645968
398803,804759
398805,895847
398821,545645
398850,833385
398872,851833
398879,537242
398903,524571
398915,676015
398921,510879
398939,655695
398948,178499
398957,831715
398977,525918
398982,194466
398996,288703
399006,869261
399021,485821
399053,515466
399053,286448
399061,524687
399078,559277
399079,856640
399091,839450
399091,687411
399095,755118
399101,519934
399112,556161
399129,518063
399133,514541
399152,537627
399168,859775
399173,539985
399174,659124
399185,876515
399192,545443
399205,292224
399232,840016
399236,870409
399243,674108
399263,568492
399302,512302
399317,527202
399331,530434
399343,491362
399349,844071
399356,521521
399376,861740
399384,622960
399406,533989
399424,534462
399441,487525
399455,532322
399460,796026
399481,834442
399500,527315
399501,534077
399505,820066
399511,212874
399511,867720
399517,815241
399532,247151
399543,869640
399585,289383
399604,288625
399606,526028
399612,842531
399612,527812
399631,547126
399632,517535
399636,854021
399640,502978
399642,480544
399677,516941
399695,881795
399727,500250
399729,844621
399749,643497
399749,518246
399839,843215
399874,847485
399880,548505
399881,830754
399905,810938
399912,532927
399919,861883
399954,526821
399956,514461
399957,521165
399957,649040
399973,654845
399986,525894
400006,507689
400010,820558
400039,828574
400041,542353
400049,288526
400085,687030
400126,285974
400129,287274
400136,505240
400157,834732
400164,896797
400171,799479
400179,848259
400189,534052
400194,703653
400199,637281
400226,839603
400233,502535
400239,548418
400255,545546
400271,702611
400300,507275
400304,542213
400314,542161
400320,525347
400334,514382
400336,568265
400366,535848
400380,833033
400385,682092
400401,833864
400411,666403
400424,514675
400481,866797
400483,554193
400503,882869
400546,839892
400562,509579
400589,867335
400616,825537
400618,835390
400644,501388
400652,672302
400678,670992
400684,123223
400694,514617
400707,528436
400725,675596
400735,835795
400737,523559
400739,842126
400761,541848
400795,556432
400799,481675
400805,857667
400817,690413
400830,512251
400844,853689
400870,885065
400878,105268
400888,867190
400889,849217
400929,796647
400965,519484
401005,840631
401040,547568
401045,503197
401159,490959
401159,248537
401172,505381
401189,519423
401195,502545
401203,779639
401209,528820
401212,529283
401212,637052
401217,511381
401224,492965
401225,806637
401228,826865
401230,548080
401242,898515
401243,515740
401244,508618
401259,536358
401259,526919
401295,529378
401320,862335
401323,532182
401327,641917
401330,547242
401351,533597
401352,860162
401356,700899
401364,503602
401393,507345
401396,537509
401400,510439
401406,838085
401422,509739
401429,509916
401430,618845
401433,515198
401452,549562
401457,828797
401460,521773
401470,679163
401478,546420
401481,911239
401489,819690
401500,872853
401508,536486
401510,531343
401511,526633
401530,525759
401542,516478
401562,551223
401578,513992
401613,856386
401631,535915
401641,530383
401657,639010
401662,521933
401667,510024
401684,659109
401685,628237
401694,529211
401700,541407
401702,620839
401704,826216
401732,821721
401740,843296
401757,542878
401767,500569
401779,539728
401800,539179
401817,563269
401824,289709
401829,668165
401857,503349
401858,485368
401878,845752
401882,865108
401882,514241
401894,530233
401922,506750
401923,535891
401978,838799
402037,513615
402042,832900
402047,839509
402054,566200
402059,529215
402068,513185
402102,849473
402106,524734
402150,503925
402152,543068
402171,534906
402183,511198
402216,497295
402221,513769
402226,541900
402244,508677
402245,526894
402323,511198
402354,545896
402360,546337
402361,534197
402364,518273
402368,826710
402371,488052
402384,525748
402407,522529
402409,672525
402432,505613
402501,883848
402514,493550
402541,518060
402560,795519
402571,795972
402575,524305
402577,524598
402582,517808
402590,544573
402598,826455
402607,826650
402614,859770
402615,505690
402638,872093
402645,547702
402651,528961
402652,592373
402667,816553
402668,510803
402679,659516
402693,529271
402711,850319
402724,495433
402747,489421
402750,537021
402778,581299
402792,495001
402799,508777
402802,705611
402802,841469
402829,537498
402841,870255
402850,823038
402865,767198
402871,608022
402887,555961
402975,673741
402982,809212
402987,848159
402992,628736
403025,509984
403036,669157
403036,535336
403047,541611
403064,515238
403069,648853
403081,527206
403085,529501
403110,812043
403161,849512
403175,524572
403189,679734
403197,810199
403228,557090
403241,529731
403252,186332
403263,512107
403272,802509
403294,568269
403298,683492
403313,548244
403315,825709
403317,542080
403331,515073
403338,892501
403345,522012
403369,525030
403383,546628
403422,524674
403426,656824
403439,529101
403451,555470
403455,668038
403466,511210
403469,854382
403481,505099
403484,506273
403502,468173
403504,517440
403514,569286
403515,673147
403536,525612
403553,531333
403581,848763
403585,515094
403602,537402
403622,874703
403622,553665
403623,490754
403639,486644
403647,854264
403672,656782
403674,494268
403681,877921
403686,535259
403702,565604
403726,211750
403746,659002
403778,823278
403782,838627
403785,743585
403798,622549
403825,601291
403834,847149
403872,845743
403882,502761
403887,542462
403892,598478
403902,510447
403904,591777
403930,498118
403954,550045
403954,868924
403971,534040
403975,863450
403985,496194
403994,518125
404005,495944
404038,642864
404055,506395
404064,909977
404069,521185
404099,504815
404118,835417
404142,536994
404158,514601
404175,552804
404187,803506
404189,532902
404189,538855
404199,838224
404207,513381
404222,666422
404239,847870
404246,855257
404247,858526
404265,617737
404348,844409
404352,537403
404354,538664
404355,506456
404368,518688
404392,542013
404405,526945
404407,554325
404410,644685
404411,862107
404429,829158
404437,519859
404452,746867
404528,763466
404538,512463
404545,666026
404597,520215
404609,854723
404613,522463
404641,691587
404651,819167
404659,520313
404711,571232
404724,549208
404742,484743
404766,822922
404782,529418
404790,514470
404791,833280
404817,542210
404859,682979
404880,561265
404957,494762
405033,513524
405033,513068
405088,810635
405091,532321
405170,543315
405188,315967
405193,879001
405214,515090
405217,561721
405247,544895
405287,532566
405296,841992
405300,527102
405306,659180
405325,499250
405330,658649
405333,508192
405350,683548
405354,886441
405360,538841
405363,524764
405369,520821
405386,497518
405394,508124
405395,828481
405418,529642
405428,512860
405449,834199
405470,539594
405476,535001
405479,517050
405489,520668
405490,627835
405505,669926
405511,146578
405561,832778
405573,490560
405576,514619
405580,536213
405583,823020
405587,522295
405610,709399
405619,853214
405635,549882
405640,646068
405673,506320
405674,560076
405682,823154
405737,816194
405744,546416
405755,529110
405765,561434
405765,840453
405767,883527
405780,818305
405832,826369
405847,533509
405870,847898
405882,831471
405935,845555
405957,506457
405960,851681
405990,523380
405990,549995
405997,527909
406001,528692
406008,808045
406014,529494
406062,528326
406066,558343
406152,529987
406178,508900
406192,556630
406210,542015
406245,647665
406247,513216
406301,516032
406308,507461
406315,518632
406331,503547
406344,537453
406395,550310
406412,518623
406417,520107
406433,478227
406471,876021
406472,555869
406478,545509
406518,491775
406538,503853
406554,786027
406562,550625
406595,568082
406601,142691
406623,517834
406672,846882
406676,541344
406678,846271
406678,545791
406685,854639
406714,802170
406719,528032
406728,523943
406764, 91200
406773,522574
406776,759115
406791,551524
406807,782977
406807,153669
406857,509557
406863,542821
406864,606478
406880,858801
406899,485469
406903,511679
406927,633203
406935,510618
406940,519945
407000,501151
407007,858894
407054,887496
407075,543846
407082,513104
407089,830072
407097,861680
407101,808636
407126,516677
407136,760467
407158,551277
407192,797093
407206,843478
407208,750874
407217,844558
407255,896423
407267,875337
407271,553268
407284,508926
407286,511564
407302,842055
407333,531258
407344,798088
407364,515503
407372,651635
407382,854516
407400,521079
407407,529951
407409,486681
407410,505885
407441,518292
407451,516145
407479,816270
407526,669710
407546,543063
407547,548907
407555,678563
407562,832268
407578,524232
407604,508246
407640,545062
407661,516079
407684,498962
407698,506390
407719,519156
407735,514010
407738,497514
407744,861322
407767,661364
407793,514038
407825,495680
407828,520363
407838,535694
407850,792961
407853,512205
407856,562373
407868,530775
407878,527338
407900,873250
407901,535987
407938,514337
407938,523552
407968,546436
407968,521290
407994,493375
407995,819605
407999,528842
408021,533071
408044,523616
408060,781927
408085,533715
408106,498244
408109,508363
408113,855999
408131,492136
408156,532301
408175,837744
408190,507965
408201,538233
408227,783701
408271,506768
408273,203565
408295,493612
408301,538069
408310,535449
408333,539883
408353,514478
408354,786970
408355,528248
408355,519823
408365,823713
408378,817302
408385,849457
408450,872151
408453,532309
408486,516260
408488,769779
408525,842189
408526,860436
408534,822679
408544,836115
408545,902370
408558,830881
408571,878549
408606,754073
408616,524088
408620,529124
408649,780707
408659,664730
408706,519109
408710,549646
408722,823498
408726,526725
408730,564573
408731,792255
408755,517067
408761,527409
408778,828495
408781,804711
408795,788241
408817,858172
408818,532813
408840,691454
408858,847655
408874,506456
408893,528952
408947,517509
408957,551246
408972,686906
408974,471718
408979,741319
409014,838105
409021,542889
409034,542712
409034,632644
409039,825190
409053,548643
409053,524870
409060,538486
409071,797866
409105,866692
409110,521002
409111,532188
409118,515279
409123,481874
409134,123140
409143,862474
409144,524111
409171,512404
409172,510146
409214,547314
409242,835315
409250,524272
409255,498711
409263,540600
409280,541066
409283,538280
409352,594930
409355,549300
409391,493116
409399,550024
409428,617142
409446,528452
409452,837514
409460,826841
409463,684090
409474,553253
409478,486195
409495,116203
409525,822207
409548,528572
409561,824891
409568,535989
409576,854740
409577,518114
409592,520624
409593,530507
409596,513053
409639,531974
409651,825094
409673,837919
409691,836984
409693,541971
409698,555154
409712,845611
409716,823076
409765,857072
409771,508257
409772,509051
409787,512295
409790,824380
409801,854544
409832,516289
409851,511370
409900,481149
409907,560418
409917,540937
409917,550260
409920,606782
409932,563766
409943,861204
409945,536633
409946,829844
409974,817524
410032,678740
410061,522643
410113,871890
410120,548866
410131,828142
410132,530998
410143,683178
410157,542131
410168,534278
410174,545692
410180,495816
410201,500561
410210,829103
410219,813072
410228,552918
410241,834887
410243,852234
410249,535916
410295,524119
410302,816605
410310,495142
410311,533146
410317,837282
410325,834959
410333,553739
410353,670336
410356,852911
410407,541349
410441,498673
410469,763006
410525,539199
410532,522159
410538,549476
410553,535917
410578,554839
410618,810888
410634,535853
410658,514868
410686,520845
410687,551168
410697,657529
410709,543887
410728,678607
410731,805604
410733,810567
410736,840579
410756,537991
410756,934524
410769,213874
410770,539211
410797,518941
410824,699993
410842,530213
410842,499745
410846,866759
410857,544501
410882,510186
410896,531639
410896,669674
410897,860108
410904,779586
410942,833275
410943,532687
410954,512790
410957,860534
410962,520272
410986,486269
410997,517249
411010,488997
411069,891257
411080,473627
411081,518725
411086,843982
411088,818319
411114,856875
411125,823305
411151,523434
411177,538688
411190,521791
411220,484324
411277,513141
411287,525014
411291,524675
411312,805321
411338,515055
411339,526414
411341,807587
411350,833593
411350,501061
411351,809096
411372,831382
411387,833561
411401,846796
411413,519897
411413,518721
411419,661996
411427,695339
411446,518049
411457,518829
411507,896644
411526,518428
411553,521258
411563,869334
411577,827037
411586,530571
411600,899871
411600,508887
411601,528259
411605,838400
411617,545280
411642,812952
411665,837531
411667,506993
411681,810591
411681,506161
411704,499485
411710,527643
411730,524169
411746,520463
411769,859684
411770,538184
411773,551080
411782,846927
411807,517106
411830,536053
411850,536242
411867,866386
411885,539805
411890,818479
411927,561720
411939,540600
411948,529632
411957,492774
411969,513125
411978,651558
411995,518104
412016,536331
412041,523581
412060,490072
412091,884597
412099,519511
412110,657990
412112,637515
412117,873479
412135,535634
412137,760084
412148,523267
412149,844407
412178,558617
412184,511644
412186,874831
412213,842550
412252,863070
412326,532614
412336,853194
412336,532841
412343,856789
412347,544208
412350,531978
412355,758831
412361,515930
412378,545297
412413,824146
412418,507506
412437,628193
412446,118307
412475,502684
412479,818434
412495,843141
412497,826085
412511,850171
412517,897542
412546,490781
412560,841604
412564,564950
412568,864490
412583,691794
412584,879010
412598,531381
412612,533325
412635,529715
412637,529173
412637,770036
412643,491571
412674,869685
412684,509677
412719,515776
412745,517476
412751,908931
412762,524974
412766,679801
412778,552883
412797,506844
412820,533120
412854,810716
412863,531886
412869,847305
412884,545877
412918,500319
412922,527484
412974,861007
412980,542716
412997,504891
413012,496192
413026,656170
413031,809881
413033,480291
413040,535390
413043,536645
413045,492408
413054,791504
413059,840842
413059,850697
413061,573261
413064,826727
413072,499503
413076,844559
413079,487842
413081,845824
413115,528906
413124,847266
413160,825563
413172,531030
413175,512277
413186,556069
413215,884959
413216,533274
413220,846142
413228,868402
413235,533986
413235,489296
413239,806867
413289,864051
413332,833491
413332,654261
413401,668174
413402,550687
413407,844488
413417,837647
413454,774305
413466,502976
413473,514606
413515,490804
413518,553142
413522,862071
413536,748500
413538,556654
413562,780769
413572,526920
413578,773095
413614,535159
413629,870612
413645,669506
413698,857307
413703,532862
413757,682483
413766,515302
413790,535565
413802,165478
413806,892701
413820,823312
413831,826818
413840,525475
413840,518625
413856,868721
413860,864460
413875,485725
413893,859382
413905,527147
413912,886409
413912,547473
413915,829626
413917,595023
413928,822400
413932,843663
413950,567902
413990,540328
413994,520308
414000,532559
414007,858659
414053,594341
414055,537560
414066,844806
414081,557206
414083,869232
414094,567286
414099,552497
414110,561301
414114,517009
414116,503059
414203,498556
414207,508193
414220,549880
414223,874451
414224,522156
414239,529071
414276,852033
414286, 84000
414311,859590
414318,844024
414321,549509
414332,825104
414334,500232
414370,808804
414374,512505
414383,523160
414416,508233
414427,838871
414430,506724
414449,522141
414450,513814
414464,798024
414465,825315
414485,832229
414495,536497
414511,804968
414534,533141
414558,833505
414577,812734
414582,864381
414622,541473
414651,518644
414652,512814
414668,512800
414674,517118
414675,526131
414683,871674
414742,823394
414754,528241
414763,846675
414807,818962
414835,513387
414859,543625
414872,808881
414935,533382
414971,879047
414988,539528
415009,510509
415033,651482
415063,540884
415070,509929
415074,806557
415089,521447
415089,546924
415095,538695
415105,507696
415114,562004
415121,507435
415129,811532
415131,565483
415133,546159
415135,601499
415139,824946
415158,503873
415167,514030
415177,547346
415188,516881
415211,780874
415255,784393
415256,508195
415267,494057
415268,839316
415271,823041
415291,521017
415296,515550
415298,488453
415327,529566
415336,522057
415383,551385
415416,807658
415420,565392
415433,534321
415462,850245
415463,551695
415469,748317
415471,503974
415481,536236
415482,542591
415483,543360
415489,587614
415494,814282
415557,544168
415566,890319
415579,836341
415596,502992
415606,525371
415623,531058
415624,533895
415632,547017
415635,533398
415636,515062
415664,515732
415731,528816
415738,555942
415767,526573
415784,848744
415804,530654
415854,828515
415893,563297
415902,522884
415914,527397
415915,528269
415946,505340
415977,549563
415980,520570
416013,554918
416023,520489
416028,526766
416044,528144
416046,545611
416047,859301
416060,513672
416063,540796
416111,497032
416176,812211
416220,520490
416225,472080
416245,499855
416257,837277
416258,470175
416281,512375
416299,671387
416300,508178
416359,358601
416362,641836
416375,820128
416378,515041
416388,865650
416407,557953
416447,594654
416502,524440
416520,516242
416539,551262
416546,550845
416568,535762
416589,825593
416679,522061
416684,819946
416693,515586
416719,501051
416729,543665
416735,514565
416739,798674
416746,512528
416751,510558
416765,884462
416773,835930
416775,846352
416796,815682
416806,506984
416821,817408
416829,667604
416857,515097
416869,527210
416894,907782
416897,496988
416900,492530
416922,535397
416927,557449
416951,513931
416965,499226
416969,512516
416971,511679
416989,576039
416990,849039
416994,564379
416995,512051
417003,539410
417017,599111
417019,518221
417025,516712
417032,550274
417037,806352
417127,836948
417138,878168
417140,515738
417151,537416
417171,494383
417179,514822
417184,547149
417218,519321
417229,503397
417266,856284
417282,820690
417283,775538
417289,849670
417297,573568
417338,876131
417341,744500
417342,531050
417361,548525
417432,509453
417479,521506
417511,519018
417514,877261
417520,523949
417522,545319
417546,533041
417554,661595
417559,849232
417562,524860
417572,829144
417594,586703
417599,564934
417627,819303
417629,543639
417629,807824
417644,530062
417656,540253
417660,595207
417676,534134
417723,858358
417733,488922
417734,841320
417741,815511
417754,785857
417795,861565
417800,592084
417824,825600
417828,562345
417868,660451
417897,354255
417898,510964
417924,790479
417987,512007
417998,829943
418006,848084
418013,658153
418046,594337
418077,600270
418121,562694
418139,326871
418146,529298
418148,772279
418175,588742
418188,500658
418195,585835
418206,503791
418264,593817
418270,796862
418273,536113
418278,530112
418300,876567
418307,863830
418324,595124
418333,522045
418333,484899
418342,881293
418370,516073
418386,527545
418403,531418
418442,831061
418451,542253
418452,835093
418454,597784
418457,354640
418463,562374
418476,822513
418512,736088
418570,668360
418604,544125
418653,519518
418674,526903
418733,833650
418739,815478
418754,536154
418755,525797
418792,583402
418792,874094
418804,595524
418838,788819
418855,489556
418875,511909
418899,533011
418903,597010
418914,850270
418920,587970
418934,527009
418964,542572
418970,509900
418975,521224
418982,590904
418999,356525
419002,817547
419018,588688
419019,590099
419028,538336
419033,845347
419053,511498
419081,525987
419095,510010
419096,505703
419096,525763
419101,549940
419116,594103
419122,359765
419150,561830
419153,584076
419153,505039
419172,350570
419180,832315
419183,863138
419216,854828
419235,803020
419266,516161
419286,807271
419303,593630
419308,820892
419315,804457
419318,829533
419362,595386
419370,530271
419381,538010
419411,516001
419414,592683
419440,692747
419446,768089
419453,509749
419470,514770
419504,505743
419510,595635
419516,543942
419522,589182
419534,670309
419534,536191
419562,511830
419578,594137
419608,591152
419617,524744
419637,806635
419639,513396
419662,800506
419671,518426
419672,587676
419682,537999
419683,112518
419690,602957
419693,357932
419752,840588
419754,853013
419758,352394
419767,868252
419771,544517
419793,656901
419802,818306
419809,529158
419813,594009
419845,891704
419850,834148
419867,756578
419868,596821
419877,353552
419902,351909
419919,535625
419919,356005
419933,527449
419940,764804
419967,866477
419970,811064
419978,350595
419988,496725
419990,550719
419992,596867
420008,535138
420028,588055
420040,687680
420042,537615
420059,832951
420070,842581
420083,580284
420088,568121
420093,595121
420099,781131
420107,827695
420116,514547
420150,853920
420173,592590
420176,514376
420186,861427
420204,532800
420212,529630
420244,646094
420252,594453
420268,558495
420275,518543
420286,513528
420310,806864
420320,522811
420330,815662
420336,602291
420336,862093
420378,561392
420389,594264
420400,811366
420418,796439
420424,548567
420427,848993
420427,690093
420438,589637
420442,796017
420442,593217
420444,350302
420452,592859
420472,825394
420475,831731
420503,589323
420522,523512
420551,516353
420557,498522
420579,832842
420603,668706
420627,589524
420632,603251
420659,853718
420662,529664
420662,348893
420673,519520
420681,588723
420699,356046
420713,556275
420714,867918
420733,599979
420738,772987
420783,519325
420798,510938
420805,515500
420807,595544
420810,496237
420826,538491
420826,591439
420844,838930
420856,546210
420857,540868
420869,783914
420873,866402
420879,352681
420880,765106
420891,542156
420904,857699
420932,330894
420934,773364
420944,358771
420957,875398
420959,550710
420978,350987
420983,352945
420991,819127
420997,590214
421003,597579
421016,860887
421022,508664
421023,808397
421025,604371
421029,784346
421036,803858
421037,540037
421041,603181
421050,539546
421055,522556
421060,521752
421061,597602
421083,548442
421099,653944
421141,592802
421169,525121
421173,592888
421177,585771
421182,750296
421192,522021
421207,502867
421209,787324
421212,597667
421225,769552
421227,545417
421237,788847
421258,537730
421286,841538
421286,541626
421292,502634
421309,524518
421317,593541
421318,593455
421318,546108
421349,775378
421362,892319
421391,513687
421407,528792
421441,763973
421448,540452
421463,556241
421467,349823
421473,353188
421475,587672
421487,520631
421495,500831
421513,551419
421514,481998
421515,349879
421524,679496
421539,353136
421549,309732
421554,598149
421554,535372
421557,347992
421559,832701
421568,354541
421584,544599
421590,819123
421614,793038
421623,821884
421625,588180
421644,555124
421646,357295
421655,544106
421657,518816
421685,509763
421690,350078
421695,523482
421705,843591
421709,355828
421715,793958
421739,837893
421741,525965
421742,592497
421761,793634
421763,524150
421765,593486
421765,593863
421771,522601
421774,355512
421775,515534
421779,842754
421784,596838
421789,521712
421808,515117
421817,597668
421817,595122
421827,349860
421834,505077
421838,833249
421868,543961
421885,810673
421896,589428
421901,840108
421905,812159
421908,360453
421917,794835
421923,356742
421934,593136
421938,598755
421958,847510
421982,595573
421982,351430
421987,349397
422007,593759
422027,355045
422031,532511
422034,354194
422045,531182
422054,530621
422100,527098
422111,834746
422127,588113
422127,862690
422132,501462
422146,901833
422147,520237
422176,512970
422181,352669
422185,353439
422189,521626
422191,547717
422191,593565
422206,594746
422221,347512
422222,593084
422246,591440
422247,840644
422253,818882
422256,594532
422256,585370
422260,852119
422273,839528
422280,346169
422283,596882
422285,544662
422291,353920
422304,842446
422312,529335
422319,587739
422321,510916
422347,595328
422365,358233
422377,522544
422379,519531
422380,356479
422384,597810
422413,349213
422416,530338
422433,522574
422436,598969
422439,591825
422444,556053
422448,531492
422452,517391
422454,805145
422467,529427
422468,781468
422469,537896
422474,594929
422491,592747
422496,528279
422497,589883
422532,600978
422545,540292
422551,352766
422551,346935
422571,793484
422588,357103
422598,595422
422605,552358
422605,351793
422606,829643
422620,589580
422625,357076
422640,349125
422644,602299
422656,350442
422664,351517
422678,593784
422696,596893
422700,519406
422705,764767
422707,601897
422719,601826
422733,592468
422750,539439
422764,352885
422766,827448
422768,352574
422780,815597
422799,591968
422809,589396
422836,352150
422842,549085
422845,500288
422849,874892
422853,593026
422854,359312
422859,305987
422860,348965
422866,546081
422885,595192
422900,352016
422901,593512
422906,593158
422908,831651
422929,584426
422937,355329
422938,355094
422943,595430
422944,594244
422978,591738
422985,599832
422987,489373
422993,349248
422996,587919
422999,589920
423005,499906
423006,354918
423046,353659
423047,509133
423054,862636
423058,815917
423071,847857
423072,603441
423074,592350
423106,534157
423142,352826
423148,790214
423152,523436
423165,356121
423169,594237
423182,829675
423182,588722
423193,611139
423202,590934
423208,352196
423222,590111
423238,357291
423242,355367
423249,591372
423258,321183
423260,592202
423283,352893
423288,356449
423292,590717
423295,771080
423295,826141
423307,356706
423316,854757
423329,858959
423337,617178
423348,588449
423373,586700
423381,830584
423382,354607
423383,350074
423385,351500
423388,357007
423400,482025
423404,818544
423410,514774
423431,605757
423435,355779
423438,354063
423439,354960
423461,859945
423463,355077
423467,350247
423472,847356
423474,601296
423475,522303
423500,597243
423501,350496
423503,355139
423512,594749
423520,584440
423525,763835
423530,356882
423532,791879
423539,525878
423541,351942
423542,347021
423543,593267
423543,828760
423545,354439
423574,589804
423574,350575
423575,521568
423576,800379
423580,551099
423581,354696
423584,360435
423584,351687
423588,353318
423596,579613
423598,349972
423603,731496
423620,354137
423622,799992
423625,545234
423627,595985
423639,355435
423640,589442
423651,885792
423651,356036
423660,539320
423662,353110
423663,598922
423679,353389
423679,831053
423716,516152
423718,497910
423726,351610
423729,358602
423741,604471
423759,574960
423760,594542
423765,360791
423772,520709
423777,352385
423781,594849
423792,350834
423800,812776
423800,593494
423831,811007
423834,585850
423835,350419
423840,823491
423842,535129
423851,312832
423868,517570
423876,539003
423879,596338
423887,350157
423901,354059
423902,505622
423918,350033
423921,521338
423923,586211
423930,499702
423939,590107
423946,516473
423953,518672
423953,349499
423959,589944
423962,352530
423980,588013
423986,348600
423989,512098
423990,593245
423998,593339
424000,854036
424004,589900
424007,354847
424010,590614
424016,590087
424023,587503
424023,354883
424028,862762
424041,543018
424055,781652
424062,502325
424068,354298
424075,360477
424076,355169
424081,814610
424085,355418
424087,592354
424091,356567
424092,536093
424098,591166
424100,485770
424103,491460
424103,820759
424114,465267
424119,824535
424124,354112
424130,493508
424130,587210
424131,353309
424152,584652
424155,600234
424155,482791
424157,812441
424165,585206
424171,599943
424173,351681
424177,361064
424179,351668
424181,351509
424188,555753
424200,353909
424206,354681
424207,811214
424215,357164
424224,298924
424229,793799
424238,591890
424242,864347
424243,596507
424247,498244
424250,354253
424254,779573
424255,358199
424259,351453
424269,354882
424273,353003
424276,346280
424278,595844
424291,736798
424296,539101
424308,358381
424313,593944
424317,535914
424322,555462
424330,350279
424336,596167
424346,596457
424347,355108
424355,589221
424379,805795
424386,355635
424398,595920
424400,354469
424414,356112
424434,539745
424437,699004
424438,355287
424438,838892
424445,514474
424447,354835
424456,511317
424463,350902
424485,585249
424485,591988
424488,596216
424502,357367
424507,593221
424510,352092
424513,592224
424514,350575
424519,603241
424535,594688
424538,584660
424541,543054
424542,590301
424551,351623
424553,529722
424559,357024
424574,597870
424578,351479
424580,548936
424583,584472
424584,594846
424608,346455
424622,819290
424625,797340
424625,588029
424630,590939
424639,347344
424646,594609
424650,352758
424662,596951
424665,354579
424669,521347
424673,355857
424673,321924
424679,360278
424683,841245
424686,540003
424686,607736
424687,593478
424698,834581
424702,590395
424712,357344
424713,350697
424714,351701
424719,350802
424738,800878
424744,587824
424748,591707
424767,356652
424789,350009
424789,352511
424794,594285
424805,602741
424809,353446
424811,592049
424817,355072
424826,580758
424828,586181
424833,323942
424848,236174
424861,358693
424863,765907
424864,346618
424873,524540
424874,353661
424876,347926
424881,589830
424883,353507
424890,350083
424897,313641
424898,586805
424905,595063
424923,862978
424925,517407
424930,352177
424938,347506
424941,347421
424943,360188
424963,354597
424966,605113
424980,870868
424997,357273
425002,352864
425005,350020
425015,505250
425015,838815
425017,353046
425019,742073
425024,801522
425027,536505
425033,355405
425041,354655
425042,813155
425049,609754
425051,596681
425053,593724
425064,500543
425069,515685
425076,823370
425079,523665
425084,349430
425097,505169
425126,360648
425129,595564
425134,587405
425135,594328
425136,536804
425137,597719
425139,351639
425147,585693
425159,356472
425168,350293
425176,351527
425183,593400
425183,600346
425188,822072
425200,590584
425207,357361
425208,357429
425215,354697
425218,592717
425233,357226
425236,591422
425246,514632
425255,588484
425257,587938
425270,595163
425277,868070
425284,592498
425287,514650
425289,596207
425291,352410
425304,347162
425308,492753
425310,354616
425313,596821
425315,591834
425315,600648
425316,353874
425317,351343
425324,353906
425325,354569
425326,593339
425326,598968
425334,588852
425335,843736
425336,513832
425338,352279
425340,586549
425342,842132
425343,351026
425357,595982
425360,597821
425362,592199
425371,354287
425392,354412
425392,541051
425393,600825
425398,355126
425401,353908
425405,350327
425411,591745
425423,356072
425436,353206
425436,351775
425447,351063
425454,352433
425455,839654
425456,352134
425457,591459
425459,352733
425462,547569
425463,588920
425465,353315
425466,361243
425468,564422
425470,532066
425473,354614
425474,351967
425485,351558
425489,595568
425494,355884
425498,591725
425505,821316
425508,353115
425511,350491
425513,507002
425513,355193
425518,595031
425519,348901
425519,351644
425520,351303
425523,586250
425527,357168
425535,353486
425538,530640
425539,354145
425543,355718
425547,353561
425547,591241
425551,347620
425563,350725
425565,899850
425575,353068
425578,351216
425587,353459
425588,852662
425591,356137
425606,356249
425611,511718
425614,344557
425617,350080
425621,585719
425622,597636
425632,494451
425637,355726
425656,536769
425662,595585
425676,506009
425685,354951
425697,509537
425703,355173
425704,591205
425706,352213
425708,351040
425709,592440
425723,351883
425725,357250
425730,870157
425733,357029
425733,353739
425739,352120
425741,521872
425741,529028
425746,345484
425747,599654
425747,598299
425748,592290
425750,358469
425751,865150
425758,349710
425759,598216
425760,354938
425767,598659
425768,360496
425772,354582
425780,481745
425795,843900
425798,354343
425801,357866
425804,306409
425805,360826
425816,354206
425817,314534
425821,594035
425825,358875
425838,358532
425839,595677
425839,594145
425847,592342
425849,357421
425856,806874
425857,353510
425864,535810
425866,353057
425869,599396
425870,353150
425872,595900
425878,605822
425880,591562
425886,538756
425897,363146
425905,354973
425908,553668
425910,802264
425922,360542
425926,599386
425930,594435
425931,594862
425936,589240
425941,355657
425947,306872
425949,516316
425950,359578
425950,356864
425951,534076
425953,597073
425964,587935
425973,355029
425976,359706
425977,595298
425980,355388
425983,351682
425985,603766
425985,353842
425988,354214
426000,354281
426012,354750
426021,347318
426021,588696
426025,598334
426032,345974
426040,839883
426044,348540
426046,852865
426051,545288
426051,351535
426055,592410
426057,353867
426058,354712
426058,353956
426058,348943
426064,563618
426075,587038
426082,592257
426086,587729
426087,354447
426093,800517
426094,579124
426096,864711
426100,523757
426105,345539
426110,595814
426113,357918
426143,593009
426146,815904
426152,593836
426158,353937
426166,357758
426173,590308
426175,589857
426182,353825
426183,352438
426184,350336
426187,503984
426187,532667
426187,356191
426188,352982
426201,350199
426204,346146
426205,352962
426207,793656
426207,353730
426208,587136
426222,824140
426226,840470
426226,556106
426228,358443
426231,506978
426239,353672
426243,352400
426246,595694
426254,748426
426256,358629
426257,567656
426258,349128
426259,597821
426285,356379
426286,601392
426287,351232
426289,597224
426296,845421
426299,351610
426301,347810
426311,777486
426314,349676
426318,872770
426318,590505
426320,351541
426328,587426
426331,593196
426344,359205
426345,356895
426348,843159
426350,871474
426355,351678
426362,353579
426364,814044
426365,524308
426367,601446
426368,352478
426371,500850
426374,589378
426384,534417
426386,833475
426392,354402
426392,355709
426398,598330
426405,347215
426416,348868
426425,592050
426428,351560
426431,352426
426432,595861
426432,353478
426444,534227
426455,354212
426455,354677
426458,349830
426464,351060
426464,346121
426467,350849
426470,833749
426473,358082
426474,349769
426475,871951
426486,858261
426490,351582
426499,355741
426500,323269
426518,353105
426522,354002
426525,355409
426525,781075
426527,360449
426530,348413
426532,354571
426539,589510
426569,872900
426575,748206
426575,358773
426585,353393
426600,353711
426601,589957
426603,593108
426623,354166
426626,587120
426629,350967
426634,529594
426640,531698
426655,351816
426660,353987
426663,351653
426671,352302
426674,597829
426678,668361
426683,353961
426684,591808
426686,358036
426689,350173
426693,359007
426694,354324
426695,354450
426707,596300
426708,356341
426710,513000
426710,347278
426719,881371
426720,145098
426722,352797
426722,356022
426725,356490
426725,351341
426727,776364
426735,349741
426735,865177
426740,345998
426742,354928
426746,351263
426746,361963
426747,359364
426750,839129
426751,359554
426752,351738
426752,346738
426758,846230
426763,320096
426766,589749
426767,857657
426769,354598
426775,358628
426776,354742
426777,530379
426778,354266
426779,591663
426786,596639
426788,354647
426794,872754
426801,357510
426807,535612
426817,493172
426827,506349
426827,352905
426828,599897
426835,599049
426836,355927
426837,352944
426846,352505
426846,598999
426848,351180
426854,355867
426857,539356
426863,347456
426864,747376
426866,352026
426866,354586
426867,545685
426868,353897
426872,355791
426880,352093
426885,353459
426886,513060
426888,595283
426889,835476
426890,591917
426892,351668
426894,595752
426896,514200
426897,510967
426900,793443
426902,524657
426902,353363
426903,595635
426908,596572
426910,595483
426913,359943
426913,347928
426921,355580
426922,346956
426925,590222
426930,354099
426932,358518
426935,349741
426936,823843
426936,355404
426937,538381
426937,585567
426940,526481
426945,359539
426946,595362
426977,350983
426978,656663
426982,358078
426983,522828
426987,606296
426990,599083
426992,327793
427000,358400
427009,350795
427011,351435
427019,349900
427023,592735
427024,347156
427029,357117
427031,354531
427032,352385
427032,360008
427033,590474
427034,356982
427037,582207
427037,587717
427047,349866
427049,511567
427050,348148
427052,589652
427066,593260
427078,586985
427078,350802
427083,844755
427087,347996
427113,352710
427120,361278
427120,354141
427123,812586
427132,348018
427133,351721
427138,354312
427152,521465
427154,350871
427155,349633
427156,355470
427157,511646
427159,553755
427159,355367
427171,591057
427172,588722
427174,353960
427177,594395
427179,354743
427179,352695
427187,345192
427201,592260
427202,818405
427202,359490
427206,352900
427212,855034
427220,352444
427221,354337
427222,352262
427223,356436
427235,357895
427236,354878
427238,350442
427240,353540
427246,351013
427248,355661
427248,777459
427251,356276
427252,350276
427260,348662
427260,500553
427267,355348
427273,353955
427279,591954
427293,505147
427298,595892
427299,589668
427303,804222
427304,359371
427304,354190
427309,353209
427316,351251
427317,597757
427319,354066
427320,353179
427321,350658
427321,357998
427322,806686
427323,350889
427336,353060
427340,599107
427346,319714
427346,563013
427349,351882
427351,351811
427353,611697
427353,356382
427356,787920
427366,599433
427374,354570
427377,351510
427379,591330
427381,802081
427382,354178
427383,315107
427385,843857
427392,359162
427395,590585
427411,589727
427418,316281
427422,349361
427437,589239
427437,592166
427444,586891
427448,354819
427451,360263
427457,357433
427468,589789
427475,591415
427475,354450
427477,353024
427477,356793
427478,351179
427484,354930
427490,357461
427493,358613
427496,355747
427505,354897
427508,515119
427511,593368
427520,356502
427531,357116
427531,590512
427531,352811
427540,590297
427543,357982
427549,355746
427549,590488
427549,350360
427555,596067
427559,353476
427575,542008
427579,354283
427579,832754
427580,355153
427585,539325
427588,352883
427588,353044
427589,354414
427592,356011
427594,597248
427594,852128
427600,347636
427611,355066
427613,314705
427615,355104
427618,353293
427620,348629
427624,351395
427626,526270
427633,332519
427634,351741
427638,590602
427638,591518
427644,349904
427644,356949
427644,595656
427645,355098
427646,351073
427647,598601
427648,348362
427648,585780
427648,586378
427653,595049
427657,591534
427658,351155
427659,587188
427659,353497
427664,355047
427667,599252
427676,355645
427676,349622
427679,351938
427686,352334
427692,535784
427696,354187
427699,800160
427702,590829
427703,353389
427703,348430
427705,348601
427708,357591
427709,354410
427710,354208
427714,583915
427721,352819
427724,521076
427726,355565
427734,499761
427735,352240
427750,354977
427755,356708
427761,589827
427767,354716
427768,591972
427770,356060
427771,353707
427774,350154
427781,357775
427784,349986
427784,519813
427786,525995
427793,312555
427794,353285
427795,348556
427799,354854
427800,346791
427810,351996
427810,592016
427811,357467
427815,594237
427818,595978
427818,512598
427823,600135
427834,358366
427844,346043
427852,764772
427852,591276
427852,592069
427852,356917
427856,354921
427858,352798
427860,545003
427867,586265
427869,349436
427870,597657
427870,591741
427873,353672
427875,352301
427878,351711
427879,858047
427879,347326
427881,549306
427884,591581
427885,309863
427886,486373
427890,591788
427896,594988
427897,302723
427898,591104
427902,351344
427903,357953
427914,351729
427919,561537
427924,353684
427926,592133
427929,349184
427935,494099
427941,356360
427941,356958
427943,588188
427950,599254
427951,601210
427952,353495
427953,352806
427956,352290
427956,349387
427962,567403
427963,352666
427966,600710
427976,589374
427981,356626
427982,357941
427988,351227
427999,350490
428003,349384
428008,353449
428019,594025
428023,589997
428032,350319
428035,353694
428036,520830
428036,346860
428040,353903
428044,590650
428052,595457
428056,357099
428056,348636
428060,542395
428062,589737
428072,350415
428074,350565
428076,356877
428077,598814
428078,350034
428081,597823
428082,485415
428083,593544
428087,344703
428091,544201
428091,350852
428095,591906
428107,355821
428111,355662
428117,552561
428131,353381
428133,346642
428137,349319
428140,357845
428144,356330
428145,586776
428146,595337
428148,357551
428148,598949
428150,602481
428154,351642
428155,355890
428162,602114
428165,347364
428170,357705
428174,602416
428174,351584
428175,355028
428176,347781
428181,595268
428187,354410
428194,356607
428195,356341
428197,812598
428198,587139
428206,353276
428207,523883
428214,354073
428219,600179
428220,590328
428225,599713
428230,350202
428239,607584
428241,595009
428248,597798
428257,534335
428260,525646
428260,600739
428262,351440
428262,352774
428267,348568
428268,350000
428273,824243
428276,358613
428288,356298
428289,352289
428291,585898
428299,793732
428299,352507
428311,359205
428314,528474
428316,355098
428316,596305
428319,585940
428320,351100
428320,349750
428321,599006
428331,353591
428332,355947
428333,589207
428341,601285
428343,353371
428345,322609
428345,352615
428347,525328
428347,346233
428349,588182
428352,352281
428360,351388
428367,592008
428374,359558
428376,605030
428382,598471
428392,359814
428394,565296
428395,595898
428395,519074
428399,352102
428401,603893
428403,596463
428404,598003
428405,350506
428405,351695
428408,599074
428411,353868
428414,792878
428417,355081
428420,354747
428421,349660
428426,355765
428426,758372
428427,527130
428438,811173
428438,591007
428443,347795
428445,350788
428445,346116
428445,508476
428449,349806
428450,589846
428453,354299
428456,358735
428459,589366
428469,593325
428470,354567
428471,839900
428472,351856
428472,349619
428476,357321
428477,832348
428481,352334
428484,593727
428490,597265
428506,586819
428506,351836
428517,501935
428518,345366
428520,557181
428520,595885
428529,354931
428531,588745
428534,354484
428548,504005
428554,543014
428556,595466
428557,353522
428561,510653
428569,351544
428569,591376
428573,350336
428580,361359
428580,359432
428591,354363
428592,598407
428599,357923
428601,306361
428602,352392
428605,351257
428616,348244
428624,350715
428626,591956
428628,594120
428628,587358
428629,350193
428632,357330
428635,582227
428645,593686
428648,357050
428652,353551
428655,349994
428663,353917
428673,590076
428674,354171
428676,588609
428685,588582
428693,588854
428696,586632
428704,358912
428706,847053
428707,816452
428715,593673
428718,354004
428721,350775
428724,356194
428724,352438
428728,355077
428729,594275
428731,355116
428732,348083
428734,348720
428738,512773
428738,355885
428743,518905
428744,344915
428744,351013
428754,759652
428765,605211
428773,361344
428774,811094
428778,595109
428791,350836
428794,353673
428797,824760
428798,503937
428799,354493
428800,528652
428804,500839
428806,348357
428807,352811
428807,343798
428819,352858
428824,764918
428827,604836
428839,594427
428845,584908
428845,357157
428851,357968
428864,355820
428871,599021
428875,352172
428877,354154
428880,348735
428886,583873
428887,347954
428888,352120
428896,348536
428898,350547
428905,592913
428908,592275
428908,355273
428913,353616
428915,750082
428916,525640
428916,354606
428921,354161
428925,587350
428927,353680
428928,356770
428930,815698
428933,782711
428933,357243
428936,356611
428939,591618
428946,533734
428948,792397
428949,352506
428950,350207
428952,349885
428954,353021
428955,353068
428960,600758
428961,356640
428961,356567
428967,355984
428967,592257
428970,587882
428972,352376
428981,350004
428987,354105
428992,355337
428998,357501
429002,530155
429002,356706
429002,523843
429003,569416
429004,352119
429006,355521
429010,353858
429015,589846
429020,348641
429022,357016
429022,351703
429026,590460
429027,590104
429029,352127
429032,591190
429033,349427
429033,595912
429034,592536
429039,313423
429048,350069
429052,601097
429054,352737
429056,812452
429060,351134
429062,354219
429078,588908
429085,594158
429094,605123
429104,347708
429104,586661
429115,593362
429117,358611
429122,591902
429122,586894
429126,349139
429128,592306
429130,589106
429133,587471
429137,356251
429137,520125
429142,598098
429144,543268
429167,353569
429171,527419
429171,597619
429178,352837
429185,589164
429187,356445
429189,350075
429195,900406
429197,345022
429203,355111
429204,357630
429210,601305
429212,350414
429220,592923
429221,521360
429223,357706
429234,353617
429236,597633
429240,357159
429241,352785
429245,353434
429247,351337
429253,594905
429257,350728
429260,351195
429264,351147
429266,348981
429272,347613
429273,593760
429273,599409
429273,844446
429276,592639
429287,591434
429290,351175
429290,358190
429292,350638
429297,361575
429303,597048
429304,835037
429306,793713
429311,853661
429321,354496
429323,598510
429324,345069
429329,356655
429329,355970
429330,359680
429330,845662
429334,600091
429339,354086
429343,321826
429344,594132
429347,352525
429348,352979
429351,591343
429361,592503
429364,589268
429367,351924
429370,348735
429373,351971
429373,351590
429373,346552
429375,347278
429378,587393
429385,350751
429386,481109
429392,352198
429407,353820
429410,357545
429413,878688
429415,587570
429421,351432
429426,593254
429430,356277
429433,351334
429435,360793
429437,596226
429438,354044
429441,358066
429444,600171
429450,352372
429453,503058
429459,590972
429463,590614
429464,599259
429472,518177
429476,513942
429476,588405
429479,352971
429480,359675
429481,355536
429482,353146
429486,356149
429495,588085
429502,355627
429505,825451
429509,595050
429516,351696
429527,351186
429534,353909
429542,356163
429542,596010
429551,555910
429552,352564
429553,350381
429564,586602
429566,349886
429566,594991
429572,350311
429580,352555
429587,870866
429588,349122
429589,591119
429595,529470
429599,349975
429600,349935
429603,356354
429603,887908
429608,350211
429609,350643
429619,348743
429627,544488
429628,349558
429640,354802
429646,353017
429654,351892
429656,862358
429656,499804
429657,350110
429663,351991
429668,597144
429668,320502
429679,349296
429685,354974
429685,360216
429696,496186
429709,319253
429715,354429
429718,511911
429720,865766
429722,359126
429724,355176
429725,584076
429730,584718
429740,853919
429740,595847
429761,352640
429761,354528
429763,530740
429765,587634
429771,596557
429771,588224
429776,599919
429778,358360
429780,356937
429780,350992
429781,352490
429781,353223
429788,596518
429790,597394
429792,309659
429792,880426
429794,844047
429794,350492
429802,358139
429806,349323
429811,602131
429812,352673
429812,592311
429818,587720
429820,889166
429823,590521
429826,358620
429834,356185
429835,357357
429837,352306
429841,690967
429842,300445
429844,591237
429855,354935
429857,584969
429862,583376
429863,357556
429864,602285
429868,350117
429875,352848
429877,770017
429879,580264
429882,593271
429886,592835
429886,597552
429887,898723
429889,579282
429893,355405
429900,600083
429904,346677
429905,356646
429905,352534
429908,344889
429915,593017
429928,355713
429940,350141
429943,348749
429943,358100
429954,351106
429957,349107
429959,591840
429961,590594
429967,358410
429973,294306
429974,596624
429974,586954
429979,526385
429982,509027
429988,598585
429993,349785
429995,352333
430000,351619
430019,355235
430021,355800
430023,583234
430025,349270
430028,352433
430032,591637
430041,346193
430045,351778
430049,355636
430049,584329
430049,586726
430050,592273
430053,750342
430053,353899
430060,585022
430068,595103
430070,346611
430074,356019
430075,350495
430076,536212
430077,354240
430080,358232
430087,587444
430089,593147
430098,360276
430100,595880
430107,501623
430111,602956
430115,593364
430122,353437
430123,353181
430131,349101
430132,347590
430135,353950
430135,361755
430135,353989
430139,357918
430139,352601
430143,597181
430144,592545
430151,544089
430157,355017
430157,599494
430173,352923
430178,351543
430197,593500
430207,590538
430208,353961
430209,357360
430212,600771
430219,351669
430222,362306
430223,351592
430224,361476
430226,593250
430233,354246
430234,593944
430241,494428
430244,595362
430252,866721
430253,323100
430257,598446
430262,353276
430263,584336
430279,580173
430291,590264
430293,350994
430302,596015
430310,319422
430311,592622
430313,351727
430317,350979
430318,591411
430320,348037
430323,346221
430330,359091
430341,585055
430344,346723
430344,528382
430348,586270
430349,349686
430359,362940
430368,589794
430374,584403
430376,354849
430377,349299
430380,351770
430385,821716
430386,591174
430386,593133
430388,360007
430391,846339
430393,582775
430398,591847
430399,356077
430404,540276
430404,580587
430406,349893
430408,593390
430409,591845
430413,347291
430414,529645
430422,356065
430425,583747
430427,354774
430428,353226
430431,550118
430437,597842
430438,353607
430443,597868
430444,357848
430448,599560
430450,350662
430450,541188
430454,348730
430456,510598
430465,353775
430466,349281
430477,588312
430480,354629
430485,587365
430486,351139
430495,349153
430495,600492
430499,351644
430501,586312
430510,352977
430513,599678
430527,355227
430536,354053
430537,352609
430541,599148
430542,721833
430542,356196
430546,496595
430547,353308
430562,591737
430568,352904
430574,353388
430575,524132
430577,312201
430582,352919
430583,600714
430585,351305
430600,519414
430600,499477
430606,482910
430607,351340
430609,590735
430613,352714
430620,348151
430638,354591
430645,357338
430647,346901
430649,357419
430652,351506
430656,592078
430657,355122
430660,588270
430667,594556
430668,352898
430670,353624
430678,359606
430683,595734
430684,352597
430684,596152
430689,350942
430691,350350
430692,596931
430693,718967
430694,352251
430702,513458
430705,611162
430710,582739
430713,356603
430717,356540
430717,359313
430718,352395
430723,347356
430726,351163
430736,594510
430738,351798
430743,520559
430746,352657
430746,315292
430755,519756
430758,355109
430760,352366
430761,592022
430761,597439
430762,595157
430762,351371
430764,351717
430771,597699
430777,354161
430781,755464
430787,353069
430790,834379
430791,750319
430795,354115
430800,503995
430800,598926
430801,356942
430808,351885
430815,355222
430815,866378
430822,593665
430835,589917
430835,775130
430838,597053
430843,355406
430848,355494
430861,353380
430863,601532
430871,839564
430873,354864
430876,351870
430880,353279
430882,354248
430889,353011
430890,354461
430893,358833
430893,596398
430898,589279
430899,349463
430900,355315
430904,589071
430917,355030
430918,347603
430926,351348
430949,322560
430951,350323
430954,316079
430956,353282
430958,353332
430958,534093
430963,354075
430964,507696
430966,864734
430971,363740
430974,872496
430981,315595
430988,354032
430990,355612
430992,595904
430997,596562
431001,594592
431002,355121
431002,586149
431007,591386
431010,354066
431012,587367
431013,353035
431015,352343
431020,594614
431024,590785
431028,353922
431030,815599
431031,358516
431048,815718
431053,351664
431060,768113
431061,304752
431063,590525
431063,885408
431065,589902
431066,566615
431069,355460
431070,350051
431071,599235
431074,595478
431083,354496
431088,357650
431096,358129
431099,357449
431101,542589
431109,214624
431110,358151
431110,356772
431115,351248
431120,357058
431126,591591
431130,351389
431134,591407
431134,592495
431134,593839
431138,351150
431145,586048
431145,351600
431152,355845
431159,588703
431163,357558
431168,355627
431169,594419
431174,350771
431174,850934
431178,352267
431178,590635
431190,351530
431190,351255
431191,360475
431195,507544
431197,495092
431200,355333
431203,585086
431213,527525
431218,354410
431224,591998
431227,593574
431238,595770
431239,605386
431241,353570
431247,891154
431249,357125
431251,545303
431254,348756
431256,531921
431258,833716
431258,352660
431272,357314
431273,857106
431281,842132
431287,352605
431297,349803
431298,537115
431300,307710
431311,596800
431314,600197
431318,588695
431326,353003
431327,525434
431336,857768
431339,348572
431339,539722
431350,766281
431354,591831
431354,353314
431356,591974
431358,591976
431367,357799
431376,587024
431377,354734
431381,354255
431385,583269
431386,589524
431388,600368
431392,495235
431395,601039
431406,317107
431408,588231
431410,353388
431418,770351
431423,594607
431425,323068
431450,594219
431469,595402
431470,352527
431474,354617
431478,359911
431485,351492
431486,596775
431488,589387
431501,349517
431503,596625
431505,809626
431517,507818
431518,353714
431531,350784
431535,349160
431541,848475
431543,351895
431548,352482
431557,354357
431564,351650
431567,346764
431574,598105
431577,595842
431577,593245
431589,355680
431590,355733
431596,594306
431602,355782
431606,529906
431610,593827
431616,310674
431619,589919
431619,593051
431621,587761
431627,600739
431627,346966
431632,581079
431635,593721
431639,351304
431640,351742
431640,353104
431663,589827
431668,589354
431672,587662
431674,594829
431675,357406
431676,585232
431687,351399
431690,532530
431695,352131
431700,346421
431703,351903
431705,576890
431705,528966
431707,587964
431707,354978
431708,314850
431716,531089
431722,516807
431732,349781
431737,554172
431737,353755
431744,548751
431749,348600
431758,602296
431760,346514
431766,347908
431768,582702
431783,523013
431790,357513
431793,597161
431801,812167
431802,350460
431803,360827
431807,357645
431812,558587
431818,353156
431823,350871
431829,352303
431847,355172
431854,597741
431865,355329
431872,840524
431873,353597
431891,356369
431908,856251
431912,348866
431918,352905
431941,351103
431942,791332
431942,349791
431945,355360
431961,855745
431966,346390
431966,351316
431973,596966
431974,353423
431977,587086
431978,349179
431980,358480
431984,591320
431991,832828
431991,308499
431999,352611
432002,590541
432006,353151
432009,590670
432018,586231
432020,781425
432025,315977
432037,352791
432052,588664
432053,353493
432057,542479
432058,589710
432061,600202
432071,850830
432072,352303
432072,588578
432074,592512
432079,356722
432092,588979
432100,360975
432109,353775
432119,605409
432124,761482
432128,591394
432128,352884
432133,597821
432135,294853
432148,350514
432149,345697
432151,595239
432157,590849
432164,506410
432165,588078
432173,591404
432174,355833
432188,326326
432189,320413
432200,842338
432207,595199
432209,595019
432219,355163
432222,353531
432229,520915
432236,489551
432244,597957
432246,354344
432251,828172
432254,311099
432255,350616
432259,844635
432270,601391
432278,352107
432283,587930
432284,804090
432285,323941
432290,352337
432292,595803
432292,595790
432305,849511
432307,502071
432317,596282
432319,832543
432327,350420
432336,594192
432340,595888
432348,861684
432349,812555
432349,829817
432354,589827
432357,312299
432359,346422
432362,536551
432372,879594
432378,824658
432381,598288
432397,349225
432399,602484
432399,360147
432400,875739
432403,595579
432409,602835
432420,505233
432443,592838
432453,326357
432454,592119
432454,536879
432460,357736
432464,356109
432465,349614
432471,590707
432486,354086
432492,352978
432496,307152
432519,591401
432520,595305
432523,355634
432528,355717
432528,590909
432530,844528
432537,357059
432544,349519
432546,593896
432548,352402
432551,596184
432557,355972
432582,351020
432583,349805
432585,504601
432589,354280
432589,515788
432600,588255
432601,595435
432613,352912
432618,315935
432627,323339
432635,591253
432637,593163
432650,590345
432669,593319
432680,590278
432686,594300
432692,587708
432694,593852
432701,352533
432705,359070
432706,601818
432714,349333
432717,811318
432720,592144
432747,598770
432749,597519
432749,349992
432755,352611
432757,357482
432759,866641
432760,596665
432766,353044
432766,353424
432773,351434
432775,525518
432793,354217
432795,355924
432804,590349
432814,355681
432816,501546
432817,688279
432823,353352
432824,591399
432830,587512
432831,810199
432831,501312
432841,353762
432846,349649
432847,352177
432848,594012
432849,348235
432853,355315
432859,602245
432863,843508
432869,362146
432872,595450
432874,356915
432878,592624
432883,350460
432885,600233
432886,353835
432890,354048
432891,595939
432892,353341
432901,498139
432903,350800
432919,350707
432923,358247
432924,597812
432925,351294
432935,347004
432938,541691
432939,589320
432945,591659
432957,359398
432959,603057
432962,348600
432965,598346
432970,356117
432971,809872
432971,593067
432975,591301
432985,581646
432991,589411
432994,592328
433004,830022
433006,835769
433007,356240
433011,592142
433016,869952
433018,350873
433020,357810
433022,356386
433025,588875
433027,587924
433029,346550
433037,349623
433038,350613
433046,740645
433050,331357
433056,592783
433061,590059
433061,352412
433064,845798
433073,360291
433076,316874
433081,324926
433085,804305
433100,592725
433102,595215
433108,593310
433113,337160
433113,590634
433115,743164
433123,780066
433125,301178
433143,594731
433144,526403
433157,521742
433161,534907
433165,305315
433172,789397
433175,592887
433176,597525
433178,585997
433188,353812
433195,354599
433200,595968
433203,537981
433210,764294
433221,596581
433222,308227
433230,588062
433238,348574
433241,588671
433242,531399
433253,322799
433267,356769
433277,595324
433277,590969
433277,348995
433278,350182
433279,788826
433283,589093
433314,582984
433319,593546
433340,302193
433346,602395
433351,604925
433353,348785
433365,353486
433373,593846
433374,350472
433376,591136
433391,591508
433396,324393
433399,354210
433400,591748
433404,354048
433406,595461
433413,591162
433413,592136
433418,355341
433420,552233
433421,350071
433431,351933
433434,352533
433438,588566
433439,352080
433439,569314
433446,595207
433459,493778
433462,582726
433469,596245
433477,481179
433500,357531
433509,763558
433510,596307
433525,604081
433526,353212
433527,795756
433528,513864
433529,827654
433529,587103
433538,825292
433546,508479
433551,588191
433571,353737
433571,586349
433576,592458
433577,491705
433580,593434
433580,596386
433584,525314
433592,581594
433596,597102
433610,519752
433616,488612
433618,593349
433620,591259
433648,355718
433654,220954
433656,322026
433657,351698
433665,603758
433666,347643
433674,599751
433680,349087
433684,348382
433685,359505
433689,820158
433689,781318
433697,814649
433699,355008
433710,356608
433717,357808
433718,586926
433730,352309
433735,852653
433741,582827
433759,501931
433764,589824
433764,768391
433769,599489
433787,561625
433804,540301
433814,578717
433821,355818
433832,357794
433834,347807
433837,601051
433849,354640
433853,515614
433857,353392
433860,352955
433863,604046
433869,540301
433874,766835
433874,347344
433877,721973
433890,590236
433904,594886
433905,360391
433916,353600
433924,846911
433929,355275
433931,864129
433933,824014
433934,354099
433942,599578
433962,353139
433965,531715
433965,604104
433967,355240
433974,352104
433976,741161
433980,590552
433982,352030
433983,583685
433987,853667
433989,541916
433992,594398
433997,851527
433997,598918
433999,586279
434001,593154
434012,356184
434025,598155
434029,557102
434029,589522
434031,313268
434032,583566
434042,313792
434046,589016
434052,590633
434057,594140
434068,356812
434091,351579
434122,304725
434123,593847
434127,305992
434131,601482
434147,324471
434162,352945
434167,353141
434170,592874
434171,357121
434176,587921
434190,322500
434191,578829
434198,524879
434204,594551
434212,356093
434218,523222
434224,786991
434240,356073
434242,591817
434243,532255
434249,354675
434255,354929
434261,593442
434262,580776
434264,295568
434265,805918
434268,606071
434270,597170
434282,594565
434311,349069
434314,556842
434315,332127
434318,351207
434329,544655
434336,352460
434361,319790
434367,765052
434376,515155
434378,349831
434381,585189
434385,355528
434393,586005
434394,843072
434398,306179
434404,599617
434408,822681
434413,353186
434417,589762
434417,865422
434424,355158
434427,746284
434433,307219
434440,350968
434455,331103
434455,352164
434455,726596
434459,493198
434472,355174
434483,773835
434484,356839
434497,604535
434498,582149
434506,482746
434517,579457
434523,350218
434526,600446
434531,355115
434535,356928
434543,352343
434544,350684
434551,598384
434581,350489
434587,594516
434591,590898
434601,586791
434616,781270
434618,712962
434631,856567
434634,493631
434639,309565
434640,590502
434647,325397
434648,544899
434654,589901
434658,587076
434660,494053
434664,351106
434667,354636
434671,580661
434678,351669
434678,862048
434688,589408
434705,351683
434706,587266
434709,312843
434710,560766
434737,356990
434740,755363
434746,354870
434748,590765
434752,503771
434758,522222
434758,549599
434765,348370
434785,353169
434788,597113
434792,802125
434795,588768
434807,593563
434809,552920
434813,351443
434826,806933
434828,356768
434829,529359
434843,352318
434851,554712
434852,600320
434855,317207
434870,602096
434880,350734
434891,594093
434901,590034
434915,318013
434921,295336
434922,591702
434929,600399
434932,309889
434938,806758
434949,599543
434951,603964
434953,299282
434954,311638
434956,354839
434965,315398
434969,349023
434975,351513
434977,551613
434977,588472
434992,357067
434996,835000
434997,593362
435001,817531
435010,597548
435021,855115
435023,793013
435037,315603
435041,353183
435049,315048
435051,520550
435054,552220
435056,855114
435058,350252
435071,593617
435088,349923
435116,597722
435116,899155
435123,551762
435129,314457
435137,586894
435140,600960
435151,350010
435153,596039
435169,585236
435169,784257
435187,358680
435200,885639
435216,503730
435226,559140
435248,316799
435251,588978
435254,590896
435254,326929
435259,596136
435263,826940
435266,661852
435279,590662
435294,590472
435303,755328
435310,357734
435314,595768
435319,527784
435320,491790
435329,596225
435329,596083
435347,354853
435358,584968
435359,893845
435373,600358
435395,308522
435398,580055
435400,357840
435428,350950
435429,351383
435436,593403
435441,587997
435458,356910
435481,596840
435487,349975
435491,350381
435494,353235
435496,357489
435509,736149
435511,584154
435524,536180
435543,591141
435549,332415
435557,818134
435573,868420
435577,758146
435581,589913
435582,354278
435582,317798
435601,599271
435605,300328
435606,346320
435609,592306
435612,603247
435617,736050
435622,494275
435638,595008
435643,356677
435644,855896
435647,590702
435648,590945
435654,839694
435688,358360
435688,836601
435714,818996
435718,349941
435721,351699
435747,501672
435750,797867
435755,316278
435770,593472
435771,586858
435802,324313
435816,301943
435826,590898
435832,544060
435838,790492
435866,347730
435880,309063
435895,357382
435909,595859
435921,596906
435936,522250
435938,790376
435940,548957
435951,593815
435953,815867
435958,537539
435970,519262
435980,319382
435981,790727
435983,599246
435987,774170
435990,352687
435994,588339
436019,586530
436023,594677
436039,838962
436045,309233
436047,513078
436049,560442
436062,305895
436072,590509
436076,595164
436082,352223
436101,322986
436110,312526
436128,472442
436154,518343
436155,592914
436160,602419
436168,307990
436193,597475
436224,348240
436225,880099
436225,598410
436228,316950
436237,325305
436244,855405
436247,597701
436247,323289
436265,314310
436275,855471
436276,586700
436277,512224
436302,328698
436307,598215
436352,313641
436354,530649
436355,591113
436372,354238
436386,320737
436392,595826
436395,592485
436404,344082
436408,592767
436418,774939
436421,726921
436424,513395
436436,601454
436438,739867
436439,759849
436449,603781
436450,504511
436477,313501
436485,356383
436502,351275
436521,596169
436524,805113
436533,352841
436568,358686
436592,326391
436593,525091
436598,324577
436622,792065
436640,536438
436641,795144
436645,819140
436649,596672
436650,796952
436665,831478
436698,358780
436702,602966
436728,317888
436738,819721
436745,561348
436752,598701
436752,826911
436761,496840
436786,590317
436791,773297
436792,602255
436796,322095
436798,592151
436804,588584
436813,598921
436814,597636
436818,585874
436827,290602
436830,335977
436844,590745
436849,594029
436856,593516
436863,321032
436864,579430
436870,600533
436870,561626
436878,593556
436881,303441
436895,590244
436918,355995
436937,494249
436950,772725
436955,855364
436958,472210
436967,592660
436983,353924
436990,589917
437011,561449
437032,740514
437038,740017
437040,585990
437050,796049
437051,593468
437077,542631
437088,325447
437094,593209
437114,580326
437117,344921
437126,320739
437136,588857
437153,320759
437158,340010
437180,820362
437185,829025
437197,315345
437215,353147
437215,355262
437228,590593
437231,315368
437232,351321
437256,312528
437266,310846
437271,320725
437277,318374
437304,863545
437323,588849
437328,802208
437351,783616
437352,598866
437360,593108
437378,593998
437396,601873
437400,841875
437424,308388
437425,604926
437431,529015
437432,325362
437436,484953
437439,296750
437444,590537
437462,818596
437508,874909
437515,297748
437526,597035
437537,758227
437547,529016
437548,590951
437552,331537
437554,758640
437567,353528
437568,354733
437592,301561
437594,518709
437597,299735
437609,318050
437617,769593
437618,879038
437631,594522
437631,585932
437633,602105
437638,515909
437639,323307
437642,326158
437707,310342
437711,300329
437717,331143
437734,836590
437759,321061
437760,316368
437792,318826
437798,478538
437806,500992
437813,823042
437859,752308
437864,593415
437866,290785
437887,308825
437891,712415
437916,762617
437923,529712
437935,806668
437958,533516
437963,491917
437970,745264
437982,316590
437983,595985
437994,504292
438020,594609
438031,748515
438033,304813
438040,326360
438045,594074
438083,507662
438087,524828
438095,320921
438099,593856
438100,533933
438109,548157
438136,584228
438139,281987
438155,592781
438158,592781
151335,144807
151335,876932
151338,143564
151356,142445
151360,144870
151365,141478
151365,909598
151369,143715
151369,144316
151369,143520
151370,143088
151386,142145
151389,141327
151411,886927
151417,895434
151417,141645
151420,143777
151420,145295
151426,152533
151432,144154
151441,144494
151443,144506
151462,142037
151469,146638
151473,144460
151510,143164
151515,142489
151518,143902
151521,143478
151526,143100
151529,147155
151531,145966
151535,872760
151551,146947
151568,900979
151571,147216
151572,140763
151575,856888
151579,146634
151581,146466
151587,145217
151594,893512
151598,138247
151599,147184
151617,141086
151624,145238
151632,142292
151633,138825
151640,143846
151642,882451
151643,146056
151644,891227
151658,141652
151662,885425
151679,148662
151682,138433
151684,892870
151684,145295
151688,144071
151689,141363
151692,742826
151693,889750
151695,145839
151705,894068
151718,143002
151721,147636
151751,145713
151761,147888
151761,142358
151766,143235
151768,144783
151781,882535
151783,145279
151789,145722
151805,143216
151814,144151
151815,900321
151839,142930
151852,142646
151862,142163
151863,142781
151865,146839
151878,148274
151879,138815
151881,878775
151888,141770
151888,144594
151893,146707
151894,143399
151898,149429
151902,143913
151904,143943
151906,141402
151919,890339
151919,912018
151925,570222
151932,855488
151943,142000
151960,143371
151962,140087
151973,846811
151973,145100
151980,876307
151986,142292
151992,146923
152004,142349
152015,144540
152015,737740
152021,145329
152022,904002
152032,893460
152040,889623
152042,571983
152044,144220
152048,142295
152055,142512
152060,869846
152065,872943
152073,141532
152079,900513
152080,144499
152082,142660
152083,888960
152092,146903
152093,880752
152095,566540
152098,141648
152104,151520
152112,146471
152113,142271
152118,145617
152119,147222
152119,855090
152121,139455
152129,147246
152132,865393
152168,148068
152169,144177
152169,910802
152178,140166
152185,145896
152205,141312
152219,141632
152223,141456
152225,142003
152232,144172
152236,142705
152238,742699
152241,146105
152250,145456
152251,866484
152261,143580
152264,141134
152283,143549
152285,145024
152288,142573
152292,143779
152299,141236
152300,145478
152302,138989
152314,145878
152316,145650
152321,139081
152342,144937
152344,891506
152368,142958
152369,146874
152376,894314
152390,141762
152411,891569
152411,145548
152414,145492
152421,143917
152422,148178
152428,888747
152436,878814
152456,149255
152491,145328
152500,143205
152504,142904
152505,142966
152512,877715
152513,893301
152519,872095
152523,141274
152525,141138
152526,140407
152528,145724
152531,144103
152545,141662
152548,140861
152570,139657
152576,142757
152577,145757
152591,143562
152600,141999
152601,142200
152602,868048
152605,878395
152609,145029
152613,863121
152621,142742
152626,146478
152644,143695
152646,144137
152651,143246
152657,143845
152666,884645
152670,141369
152672,140053
152674,901404
152681,919586
152685,450582
152688,145932
152692,143867
152708,139101
152717,139947
152718,146023
152719,144702
152724,146338
152731,141531
152738,145781
152740,141358
152748,143092
152756,879202
152757,452034
152757,146271
152769,147410
152770,140381
152772,143645
152779,147135
152781,889775
152798,907591
152802,142048
152807,879798
152811,143609
152812,144200
152825,142472
152838,887475
152839,141653
152841,146412
152845,886105
152854,908023
152858,880914
152859,148457
152864,141608
152866,141159
152871,878752
152873,145226
152878,871431
152899,140358
152917,150042
152929,143571
152931,142605
152937,147322
152941,145234
152944,140520
152946,139376
152960,144380
152966,148116
152996,142824
153003,145671
153005,877165
153012,144283
153032,140677
153035,147895
153036,149871
153046,884981
153064,875979
153081,140732
153086,903625
153095,145025
153108,149175
153109,145012
153147,143407
153178,894343
153188,848292
153191,151580
153209,142778
153211,149155
153226,142470
153226,143359
153229,145876
153231,143217
153233,146002
153236,140057
153246,141719
153248,141628
153255,141013
153264,148161
153267,142662
153275,146614
153276,140024
153276,145244
153281,147965
153303,142270
153309,141511
153311,150920
153316,450133
153329,149079
153341,142851
153348,144546
153349,880909
153352,144925
153358,143800
153369,145561
153376,141451
153378,893090
153386,141944
153388,148335
153394,143457
153412,144205
153422,144873
153427,887055
153430,143788
153443,889151
153461,142253
153462,143685
153466,142154
153468,142340
153475,146216
153475,146237
153481,143947
153483,141132
153487,461064
153488,143101
153493,142898
153497,141023
153508,144152
153518,146577
153524,895199
153525,142751
153526,143032
153530,143986
153536,895821
153545,140993
153548,891201
153550,882963
153554,150290
153555,883217
153563,143920
153569,147351
153578,892510
153581,910596
153596,145443
153603,899243
153604,150072
153609,142861
153615,869162
153620,870425
153637,147869
153647,144480
153648,145057
153653,145104
153653,142251
153655,143646
153672,142512
153674,146714
153681,144722
153686,140676
153688,887318
153697,878105
153700,146508
153722,147667
153734,140007
153736,885307
153740,146628
153753,892337
153754,140676
153757,141580
153769,140743
153769,147617
153779,881964
153789,869964
153799,878225
153804,898003
153807,886359
153808,147855
153814,143634
153815,888199
153817,893312
153826,145424
153828,146417
153836,892112
153837,142263
153839,148147
153845,140176
153864,907798
153867,144597
153876,143569
153881,141487
153886,145900
153893,141304
153923,898908
153925,912136
153928,139849
153937,856083
153938,145974
153946,146736
153952,879054
153954,146998
153968,151632
153989,147073
153995,142324
153999,894915
154003,906485
154006,145567
154015,146450
154021,139853
154024,867233
154032,142724
154032,150230
154045,148170
154052,146702
154052,894711
154055,148453
154062,142978
154093,139655
154094,140305
154096,146294
154114,841267
154123,142478
154126,145199
154129,872514
154134,900020
154136,144636
154139,146125
154166,143323
154186,150116
154187,885461
154202,875227
154203,141093
154207,888271
154216,898549
154219,146394
154222,145198
154225,905887
154225,880677
154235,145637
154244,147290
154253,143342
154262,146900
154276,145829
154284,144760
154292,137891
154305,147384
154310,899788
154329,884976
154334,895683
154346,142949
154365,145388
154372,143034
154376,146220
154379,874267
154380,140574
154392,889712
154399,139806
154409,139505
154439,880790
154455,865437
154460,140391
154463,143175
154471,903987
154477,140721
154496,902557
154506,871218
154514,143401
154516,140105
154520,145738
154521,143461
154543,147805
154544,871552
154547,906752
154560,149234
154568,904557
154576,887291
154588,145175
154590,142882
154597,144095
154600,145700
154619,899986
154621,858411
154636,143848
154641,871337
154644,145617
154656,901730
154669,883932
154690,148226
154691,143992
154693,140017
154710,889963
154729,139073
154746,898078
154768,146308
154769,141165
154771,142462
154774,141244
154783,881211
154788,144465
154795,150094
154813,142006
154814,892163
154817,144385
154820,885529
154833,143849
154839,147161
154844,147105
154854,145673
154855,143002
154861,875703
154884,449367
154897,142612
154913,147227
154915,865590
154923,144440
154923,148161
154925,889236
154930,877578
154935,884720
154937,145229
154950,139916
154957,849017
154973,143420
154974,146892
154976,845643
154976,143437
154993,877480
154995,144582
154997,145521
155007,145931
155020,323218
155020,906476
155033,144613
155037,141367
155041,917882
155061,149165
155064,863531
155065,450454
155071,893216
155082,891089
155101,140174
155108,143569
155116,139447
155118,143371
155126,143914
155143,898653
155145,889855
155146,142851
155152,148635
155155,882892
155157,143800
155165,147439
155179,872270
155182,146536
155186,142215
155202,907891
155206,142733
155231,141227
155238,876581
155240,916238
155243,451968
155248,144273
155253,145155
155260,142537
155268,146703
155287,892041
155294,145714
155311,883361
155333,149385
155351,877413
155373,143111
155379,873314
155389,142752
155409,143233
155415,883481
155434,876824
155448,139176
155450,895838
155473,142857
155483,885117
155483,887076
155491,146820
155510,141996
155514,142293
155522,883172
155522,861564
155524,143492
155532,148003
155552,871019
155558,147336
155559,896610
155560,147931
155569,147428
155573,141090
155595,145510
155601,143116
155608,145618
155612,881981
155637,868597
155663,143293
155675,446663
155697,138655
155698,899221
155700,146874
155711,146797
155713,143338
155727,879856
155732,897737
155732,143943
155738,142664
155752,144819
155776,145996
155806,143030
155814,892695
155821,142578
155826,145225
155830,141116
155831,891322
155837,142689
155845,138707
155879,143668
155914,888069
155937,139449
155943,148995
155956,146293
155962,141717
155963,870449
155968,851456
155987,147154
155992,144341
156005,873019
156015,896620
156021,904674
156033,145620
156039,920636
156056,142501
156062,142226
156073,144034
156073,892680
156085,883250
156095,144850
156107,886118
156113,911202
156122,874441
156152,885588
156154,899201
156156,903044
156161,142591
156171,143058
156172,142294
156176,885897
156193,873949
156194,876280
156198,142982
156208,878084
156210,143532
156214,881811
156244,141262
156253,141715
156257,142180
156277,873854
156285,911600
156285,139815
156323,143698
156330,145615
156332,893850
156338,147353
156347,142254
156352,878515
156363,891958
156381,147963
156381,145572
156401,142764
156403,148773
156428,139505
156454,142625
156459,871494
156467,887453
156486,144222
156492,872269
156496,142130
156523,923842
156526,881569
156530,883808
156542,878075
156545,897727
156573,143850
156594,148767
156607,146237
156620,897650
156645,872637
156652,866087
156660,876277
156682,147268
156691,902786
156697,137137
156701,137695
156708,147968
156712,145441
156727,885224
156755,144490
156765,141645
156772,140305
156801,144517
156803,144249
156830,867692
156831,149426
156834,889892
156893,143632
156895,887356
156897,854130
156898,140750
156918,925390
156973,879621
156975,145095
156983,147807
156984,144197
157001,146947
157002,145094
157003,884649
157077,883345
157092,861997
157093,147721
157096,144479
157102,141449
157107,147140
157115,144384
157121,885270
157124,146314
157137,887331
157165,897768
157171,140192
157174,880941
157176,888310
157234,867631
157245,873452
157267,892098
157274,912300
157289,869027
157290,875774
157306,914852
157308,907185
157322,865868
157342,141373
157343,885748
157348,848441
157383,861222
157409,926693
157416,894137
157438,888937
157441,144957
157445,892780
157505,899619
157509,865303
157524,891138
157527,884129
157539,895459
157563,887501
157583,899121
157592,886859
157595,897667
157616,869440
157637,891901
157637,912768
157642,144044
157662,872233
157692,142079
157698,149238
157716,144250
157729,873724
157744,909147
157747,879056
157787,879705
157792,147589
157799,890670
157802,874902
157823,848543
157828,141126
157829,141977
157833,869722
157839,862281
157866,146623
157874,866712
157891,886405
157912,885448
157913,142283
157928,908691
157941,140772
157950,885630
157965,909032
157988,899475
157990,866933
158016,884620
158034,874138
158070,141760
158134,910806
158141,142410
158151,889618
158176,909234
158192,897737
158209,873967
158226,884147
158246,870153
158269,861167
158343,879245
158378,878047
158395,879142
158398,887861
158400,314490
158437,879423
158487,143369
158514,918836
158514,872801
158520,147136
158546,890209
158558,882428
158578,909265
158598,872587
158598,872617
158641,867408
158678,147144
158691,891358
158710,876784
158714,871562
158765,886286
158797,888429
158805,893262
158816,876721
158819,876407
158826,891811
158858,329540
158897,902023
158910,892649
158954,895779
159017,899665
159062,881360
159085,885284
159090,872360
159093,889012
159128,867725
159141,857640
159160,892699
159181,890348
159202,872538
159257,915075
159264,888587
159286,889691
438178,318907
438198,597495
438226,524782
438237,315909
438240,544531
438253,310680
438265,779513
438322,595881
438343,803867
438364,504703
438378,593939
438398,592958
438401,822438
438448,315898
438454,599029
438457,779253
438467,587508
438485,548028
438489,783918
438491,322966
438498,821621
438502,321895
438510,322302
438521,308718
438540,308284
438583,595893
438601,318018
438605,322817
438611,311275
438614,597474
438623,759263
438631,542097
438637,357657
438638,596549
438647,785338
438673,732086
438707,893983
438723,597443
438726,310023
438754,547741
438767,796941
438773,591632
438777,316692
438784,802941
438801,763144
438801,604548
438802,593677
438809,790826
438816,318068
438819,867365
438822,782209
438846,543866
438854,555378
438866,321474
438875,532662
438878,591637
438881,327564
438898,568939
438924,813966
438926,594286
438950,585044
438957,322461
438958,322074
438966,842874
438968,322889
438986,320788
439010,502903
439013,595118
439030,309587
439035,300996
439038,298764
439043,598131
439048,598128
439055,598674
439057,305347
439063,591535
439145,502213
439156,497688
439158,597709
439169,763589
439181,825584
439216,514408
439217,499847
439221,310092
439222,520439
439235,291231
439248,309837
439249,566517
439250,497920
439250,749715
439259,738912
439275,591011
439287,325940
439291,304956
439293,817075
439305,288459
439329,581491
439353,601342
439368,770390
439369,545144
439382,355843
439384,315996
439417,492099
439441,296226
439443,327402
439461,772595
439515,832834
439535,311820
439536,843688
439538,326956
439542,298328
439552,859971
439554,306810
439569,553934
439572,309734
439576,600030
439580,594773
439587,320837
439600,774021
439608,781462
439612,782302
439623,333347
439640,545130
439685,590791
439686,325757
439692,853654
439695,599458
439706,554088
439723,866469
439723,303703
439731,544726
439766,302334
439778,315831
439780,304046
439784,728932
439786,754789
439798,813296
439831,318626
439836,483060
439877,906183
439884,312315
439885,594003
439888,161572
439897,594897
439922,847146
439950,512336
439955,579916
439957,506605
439967,320245
439972,821098
439978,324834
440001,573856
440070,490549
440080,498776
440141,772112
440146,867346
440152,531940
440165,313501
440169,308650
440169,592393
440194,841813
440196,524328
440197,294978
440224,326338
440229,290121
440264,606577
440265,301024
440267,862394
440271,545165
440288,501412
440329,311794
440338,762317
440343,501881
440350,472953
440351,501520
440352,324607
440370,508489
440374,504221
440374,316585
440380,592859
440390,584555
440409,316871
440429,607626
440442,324385
440444,767933
440446,780401
440449,332214
440480,524144
440485,297613
440490,337950
440505,530155
440512,306313
440540,544323
440544,773758
440550,318656
440565,291029
440579,327688
440582,312270
440586,306155
440611,769603
440614,752242
440652,316865
440656,528306
440664,310470
440673,756472
440707,596001
440709,572712
440714,320256
440717,849431
440739,491138
440740,501396
440784,601124
440797,321808
440799,309121
440818,323484
440819,518162
440822,298950
440830,316660
440866,477601
440867,317636
440880,299398
440883,816711
440885,534591
440888,824779
440897,782590
440912,499013
440922,325453
440928,326253
440933,760637
440935,330516
440966,505656
440992,586934
440997,312580
440998,539519
441023,596481
441040,294026
441048,311935
441053,841990
441066,825768
441066,316321
441095,601387
441102,830720
441105,318110
441120,791112
441125,504026
441142,513070
441142,513909
441171,302497
441183,549510
441195,299797
441207,583925
441221,806671
441239,309835
441256,331702
441257,316752
441279,597608
441286,317457
441286,326014
441291,786046
441305,302712
441306,537186
441311,798083
441347,590172
441350,586699
441356,309495
441360,770321
441362,304861
441372,312451
441393,744526
441400,310053
441416,749029
441441,325064
441487,820989
441489,866219
441518,308347
441528,325722
441542,516095
441558,521721
441560,532289
441621,516584
441636,564980
441661,756590
441671,603620
441680,314765
441692,298468
441703,291530
441709,286967
441723,723640
441747,316099
441794,761293
441796,559897
441799,822029
441824,311338
441829,300655
441852,595144
441857,554500
441907,311930
441911,300516
441933,748576
441935,512720
441940,528713
441949,576986
441949,522419
441974,645260
442004,320357
442011,836825
442012,312547
442017,732677
442042,318142
442077,296987
442094,803505
442103,304164
442120,312148
442126,829376
442157,776005
442159,819668
442159,313325
442180,491377
442219,811994
442220,312428
442225,516713
442264,317033
442272,301294
442300,818847
442308,332066
442309,305616
442331,682800
442336,307153
442338,303894
442354,312684
442358,320874
442369,755304
442374,310006
442396,311431
442399,741707
442413,323302
442421,310772
442435,551503
442445,313957
442455,296496
442482,804709
442487,798743
442488,811157
442490,314207
442516,312452
442519,324178
442562,763340
442566,327902
442582,317415
442608,313508
442615,318250
442635,838524
442667,550888
442669,785609
442681,312848
442693,322025
442696,323785
442720,809731
442729,593091
442744,323693
442746,315065
442748,534017
442758,549815
442782,476477
442783,503376
442796,790459
442797,579325
442802,732641
442824,323069
442849,592806
442877,339687
442882,553782
442882,333177
442884,733147
442897,538114
442898,523428
442898,312328
442904,302911
442914,321401
442918,848136
442920,307599
442920,519985
442954,829579
442962,809873
442968,527167
442984,763849
442989,315832
442999,306356
443016,308299
443028,303304
443049,849106
443050,595376
443055,575062
443056,326548
443082,666200
443088,503958
443107,480630
443137,890187
443157,293560
443166,558378
443176,591370
443178,814646
443183,840814
443204,317211
443220,298485
443240,312674
443257,795324
443264,764320
443293,296047
443308,534390
443311,295044
443325,773653
443338,654081
443351,813149
443362,474746
443381,507107
443382,477647
443411,858463
443415,297714
443455,314188
443455,505739
443461,333354
443461,309739
443462,299971
443469,309275
443480,569063
443483,290128
443484,511621
443498,317921
443503,487895
443505,566655
443511,796343
443513,730324
443530,616101
443533,327423
443537,313908
443544,315554
443550,546144
443562,300939
443565,308055
443571,521125
443573,490332
443603,325044
443626,308193
443629,310153
443630,846376
443646,492897
443663,503564
443674,532732
443691,317473
443691,296006
443703,843432
443711,309754
443718,510799
443723,317376
443736,587920
443741,309195
443756,325695
443789,796661
443794,319580
443801,784177
443804,759002
443835,838001
443837,823901
443847,541781
443851,793455
443853,504397
443854,334630
443868,799424
443876,559831
443891,313091
443899,312786
443945,476981
443982,566349
444019,788557
444027,318050
444031,473571
444067,317410
444073,317556
444089,500466
444091,316014
444097,309222
444105,511640
444119,323021
444142,329308
444146,330539
444153,834114
444155,323483
444194,323182
444223,302377
444234,517536
444245,505281
444253,865983
444259,318125
444261,528987
444263,311053
444276,802988
444280,323720
444289,523522
444304,321448
444320,879594
444336,329264
444337,308953
444345,332408
444349,312589
444393,303090
444416,817225
444426,302356
444428,329640
444431,495487
444432,299602
444453,309079
444462,342559
444465,748050
444506,514586
444522,303556
444526,301345
444536,803673
444536,330190
444537,320154
444546,317684
444559,326829
444566,793567
444568,287690
444573,316130
444584,316740
444587,306495
444587,829273
444596,329863
444607,805625
444619,532126
444626,506121
444647,318415
444649,323787
444650,554052
444653,772218
444659,311611
444665,314244
444679,323580
444683,815584
444698,323145
444720,765086
444721,301432
444727,339807
444728,300314
444729,491897
444743,316224
444771,824393
444776,306912
444777,320717
444779,814710
444791,491701
444802,319964
444822,745310
444828,589944
444842,563529
444843,543589
444845,761878
444884,756954
444895,327473
444921,542159
444936,324442
444945,312849
444953,309916
444957,317169
444962,318107
445008,798033
445009,502575
445010,319605
445040,309556
445058,306136
445068,321051
445076,889434
445092,346949
445101,524485
445102,860340
445143,531404
445150,320019
445157,572112
445175,320810
445177,792441
445180,301537
445187,300949
445190,487768
445196,791054
445203,507814
445232,317489
445235,318437
445257,313814
445301,332279
445302,311263
445305,309243
445331,377370
445359,332307
445377,328814
445393,299226
445394,312410
445397,562844
445407,830085
445444,308515
445447,754513
445455,516460
445483,321701
445507,319496
445517,323869
445520,330088
445553,752368
445561,524296
445584,331917
445595,317855
445612,682154
445617,528265
445641,314629
445669,879498
445706,311312
445717,558583
445720,322052
445728,318096
445735,492260
445735,318122
445750,533385
445778,328738
445808,786707
445828,331971
445831,538226
445838,307860
445859,311881
445906,562535
445917,498080
445920,546954
445929,332258
445932,726030
445933,517134
445981,308408
446012,590729
446030,320930
446054,319028
446060,325193
446075,318242
446076,320139
446090,824782
446121,540409
446123,545748
446131,503534
446170,315594
446182,289348
446214,507497
446215,513137
446220,307562
446225,305270
446229,485865
446243,309946
446245,305954
446245,730892
446251,797775
446278,784965
446279,769665
446305,310648
446317,853294
446328,316828
446333,737473
446337,759158
446391,305526
446401,839838
446414,303166
446415,859622
446418,600935
446427,301828
446433,519965
446463,321426
446466,714261
446468,325029
446486,326221
446487,316418
446493,322945
446527,495978
446547,329187
446549,335824
446607,508732
446641,514530
446642,529449
446644,300496
446651,303637
446656,316319
446657,298114
446664,296936
446675,777681
446680,304341
446709,772503
446714,900721
446732,810070
446738,567284
446754,327990
446755,303851
446780,319635
446786,302935
446790,311033
446797,510308
446806,741606
446810,769507
446832,849608
446835,588069
446850,300537
446855,288040
446857,308269
446907,305383
446914,324731
446916,870939
446916,512153
446920,535125
446930,807592
446941,764959
446941,718117
446993,314153
446998,324575
447003,768405
447012,802121
447017,511974
447023,586003
447031,302082
447032,312234
447040,762147
447064,556899
447068,873949
447068,313999
447105,508981
447131,560817
447139,320020
447176,324349
447180,321573
447204,295371
447232,548061
447235,484998
447240,317911
447245,298466
447248,505477
447259,307974
447283,843982
447284,305332
447284,826621
447286,777314
447288,849545
447322,513539
447324,553698
447330,844053
447356,483637
447365,323548
447366,302268
447385,307322
447387,747538
447413,771459
447426,305771
447430,305954
447439,908646
447450,778874
447459,749116
447466,313737
447488,845517
447492,531567
447493,309752
447494,334324
447499,302610
447500,582809
447509,841406
447514,329877
447516,303367
447516,753068
447530,544386
447534,314381
447578,304867
447578,482791
447596,344784
447624,533441
447646,314470
447657,330804
447669,312346
447669,307626
447679,319562
447687,582057
447712,884693
447717,338133
447742,311680
447774,323028
447800,326117
447800,334955
447851,524233
447862,312322
447877,307901
447880,712801
447888,296195
447926,324987
447944,805317
447947,531819
447950,596013
447955,523186
447966,532385
447993,313578
447999,298833
448000,312518
448002,749143
448025,510034
448027,519779
448029,324280
448034,302168
448035,788969
448035,312175
448036,774216
448051,549764
448060,312615
448068,314758
448080,815778
448085,522914
448086,492897
448106,294818
448120,847049
448121,315796
448124,313187
448137,205753
448149,296345
448158,300006
448161,764916
448196,508048
448200,321692
448203,875730
448220,313318
448226,326877
448247,336822
448259,599246
448291,317673
448308,479412
448311,327641
448335,312587
448364,300727
448376,323988
448379,311494
448383,521640
448389,823820
448393,311584
448416,885670
448424,306952
448433,306864
448447,718700
448465,493283
448493,310479
448494,496452
448502,759949
448510,315423
448521,786988
448540,756699
448549,313571
448564,765315
448576,570612
448597,325864
448601,778555
448608,318034
448608,736368
448616,312638
448618,764737
448652,323174
448676,324569
448682,755191
448688,557019
448696,513902
448717,829205
448756,865717
448769,310923
448780,552483
448781,591431
448796,827660
448812,346547
448814,590503
448829,294892
448831,316694
448835,327260
448878,317313
448886,484406
448887,314168
448910,804484
448926,310431
448966,770526
448971,296386
448982,543078
448987,522551
448991,321204
449039,523945
449042,301983
449083,285676
449091,486543
449123,332924
449167,309381
449175,320182
449182,320310
449209,586475
449223,511327
449225,322200
449228,758703
449231,303903
449240,388459
449242,305293
449259,305295
449259,731003
449279,712728
449294,307309
449306,895881
449313,740344
449329,315438
449330,309042
449378,329982
449403,502098
449424,321947
449433,327551
449434,320974
449460,303020
449527,519470
449533,296206
449553,320594
449554,311810
449575,319084
449589,810861
449599,324609
449604,518629
449607,861556
449624,853138
449636,310017
449655,302827
449668,479215
449674,484190
449674,788460
449693,318309
449706,769312
449710,786656
449713,524330
449732,526535
449733,813000
449749,783617
449757,519991
449758,776751
449773,864313
449785,557809
449817,526363
449820,859464
449872,310749
449881,541532
449887,461833
449936,331511
449941,316338
449948,309688
449962,470721
449967,779263
449974,320260
449977,533929
450016,308716
450017,316485
450019,765089
450026,744905
450027,528577
450042,514946
450044,301004
450060,318993
450064,496290
450064,592450
450097,520001
450104,295964
450143,801719
450148,327135
450169,316109
450172,307053
450177,793407
450201,325237
450254,318712
450258,290364
450259,308720
450261,328806
450275,325090
450279,311647
450280,306457
450284,330854
450286,308654
450311,540604
450325,317276
450335,538164
450336,743139
450351,513382
450351,331816
450385,805639
450398,472561
450398,306596
450406,528374
450421,508849
450428,325167
450441,738429
450459,319572
450469,525230
450478,538078
450480,318681
450481,494108
450482,295848
450505,306591
450509,333484
450524,324906
450525,749149
450546,328123
450548,313381
450548,556810
450560,903377
450569,308195
450570,780283
450598,213789
450606,515143
450632,291900
450643,752772
450647,875841
450672,469395
450673,305696
450688,601078
450696,335541
450697,310321
450720,307621
450734,550170
450746,588966
450762,772659
450766,302758
450772,301821
450775,496024
450779,315204
450784,722311
450787,315044
450799,302997
450806,320019
450808,795511
450828,509411
450841,857010
450843,523559
450859,739117
450867,307145
450888,318603
450903,321330
450921,318815
450941,776897
450947,822178
450951,779277
450972,307243
450976,306406
450983,760031
450984,776988
450987,502435
450991,822080
451004,319375
451005,305371
451014,850242
451027,303359
451038,779176
451045,760149
451061,507563
451069,308233
451075,309863
451082,328420
451086,316796
451130,495136
451152,497731
451155,779573
451161,800196
451183,322615
451189,730571
451197,327270
451203,447937
451214,555916
451226,322157
451230,319829
451233,843747
451234,313852
451250,748092
451253,557572
451270,306253
451272,302635
451274,303453
451294,538856
451295,323591
451298,298413
451320,501719
451331,307850
451348,326284
451398,320372
451406,324349
451417,804401
451451,804457
451477,307836
451481,313018
451500,532405
451505,565541
451524,310655
451530,322192
451537,519075
451544,505278
451564,311702
451573,511822
451607,320942
451612,483483
451617,544092
451651,313679
451653,467330
451655,756279
451664,336068
451689,532652
451694,329484
451713,521831
451717,813635
451718,545998
451721,314669
451726,324554
451730,330477
451732,733148
451734,307454
451746,485072
451774,307945
451787,309824
451819,839032
451826,846602
451836,325667
451844,766640
451846,326369
451857,320530
451858,549635
451861,493632
451861,559840
451862,817137
451874,302232
451886,316461
451892,502034
451898,739126
451977,320905
451983,314662
451991,773211
451995,792188
452002,520627
452008,302153
452009,330644
452012,864827
452039,310990
452097,734528
452121,867358
452143,607541
452150,804490
452211,316414
452223,813424
452227,801599
452231,776931
452231,775490
452236,315438
452237,315811
452242,754422
452262,757833
452269,793737
452274,481328
452317,325228
452328,325289
452355,308885
452366,311850
452371,313121
452373,773381
452382,559634
452384,538927
452390,737522
452398,556718
452411,320270
452418,306637
452419,782516
452425,324737
452428,496188
452431,759723
452433,812943
452434,749640
452437,551112
452460,471014
452468,692188
452508,773382
452509,312695
452510,290012
452522,302401
452545,531200
452554,312495
452556,318322
452566,314233
452584,854836
452585,324873
452597,527206
452614,300793
452637,312900
452644,502981
452671,238318
452672,782061
452677,774115
452685,285621
452714,305963
452738,476644
452739,306227
452749,679009
452769,457184
452795,775812
452795,745444
452797,313365
452818,515219
452843,323543
452850,317506
452860,509012
452864,311206
452867,332995
452882,328327
452909,527748
452909,328791
452921,842340
452922,301374
452927,314920
452936,762612
452950,309885
452954,754276
452962,732305
452973,599806
452977,806638
452978,311043
452989,767280
453003,505123
453019,514112
453023,521632
453037,388114
453039,320940
453048,325041
453050,320823
453051,563140
453060,499551
453081,309158
453085,780416
453086,315079
453105,311767
453114,488771
453118,316084
453124,743355
453125,585953
453134,802415
453139,631879
453142,302156
453145,315012
453150,740450
453158,534228
453159,798675
453164,536003
453170,554350
453174,736651
453180,318591
453184,319421
453187,323118
453188,754340
453190,798512
453203,847297
453205,818399
453213,498101
453217,311608
453220,753192
453220,333294
453228,315135
453278,322859
453293,320255
453309,734894
453312,867454
453328,294125
453338,483080
453347,326771
453395,309005
453400,764745
453409,306706
453417,306648
453433,791013
453451,511710
453455,313253
453494,314639
453501,509244
453503,320022
453543,783040
453548,319059
453556,540806
453565,779016
453569,511015
453573,820821
453575,796836
453576,529675
453580,306624
453585,524922
453599,515022
453603,859934
453609,597193
453612,554768
453615,310815
453631,507525
453639,775253
453645,598123
453661,803734
453668,762052
453670,321739
453705,764842
453719,319734
453753,772350
453769,627776
453794,755296
453818,320591
453821,760267
453829,554119
453833,749318
453837,789737
453855,756448
453861,601986
453867,321467
453874,325305
453888,325751
453932,327231
453965,831045
454003,781449
454033,328463
454033,871226
454038,768406
454056,304244
454059,737658
454077,773118
454089,518017
454095,754802
454115,504820
454118,761695
454134,322710
454137,325305
454169,801456
454175,297500
454216,312139
454217,533234
454344,537703
454349,308685
454351,323896
454357,312779
454369,303153
454382,309133
454383,507107
454391,780829
454404,507800
454422,311210
454422,505931
454445,777324
454454,496117
454455,324736
454469,771175
454475,326520
454480,772657
454505,738590
454506,307538
454508,851155
454520,570239
454563,323135
454564,607573
454578,739587
454580,308320
454608,586393
454618,326098
454624,323559
454645,310387
454649,768808
454650,294680
454650,307664
454652,305559
454673,842311
454700,520731
454700,855382
454713,776482
454764,308647
454768,594643
454780,831625
454782,767800
454787,296470
454797,776585
454801,726342
454808,599332
454809,316872
454810,737959
454811,533388
454819,568074
454825,800595
454838,313388
454850,484779
454877,851643
454889,312825
454895,512722
454925,774582
454927,311451
454941,377726
454953,315364
454960,318294
454992,754288
454994,334598
454996,823240
455001,569002
455021,322835
455028,312260
455057,323016
455062,301308
455087,299662
455095,752452
455102,307933
455130,319704
455132,300011
455155,322150
455167,770844
455170,545155
455176,791143
455183,332419
455199,299276
455229,542199
455269,318685
455285,327502
455297,320373
455299,504724
455299,313730
455323,792692
455332,310820
455336,781011
455336,301178
455336,311940
455355,526322
455365,487847
455367,314899
455370,312299
455409,531495
455417,326507
455425,778334
455434,566523
455441,307201
455451,300223
455463,514421
455496,525257
455518,803940
455525,322111
455531,497686
455612,803693
455616,320547
455617,566124
455624,565930
455626,298223
455631,518487
455637,320248
455642,733776
455653,866892
455657,316183
455692,319283
455701,317795
455721,321064
455732,316141
455732,729536
455735,310736
455754,743602
455777,305895
455779,804093
455783,325908
455788,527879
455794,496438
455800,552555
455814,532302
455829,337837
455840,549770
455859,547787
455865,769116
455868,516375
455872,773056
455880,318036
455898,807156
455906,793727
455929,513398
455940,860493
455941,311782
455943,536744
455949,575824
455950,318183
455951,810517
455952,584573
455957,489339
455959,320497
455962,317116
455967,464752
455970,740527
455994,781907
456000,876999
456023,571230
456023,332557
456053,772890
456053,308999
456089,326571
456093,562534
456099,329538
456114,532253
456118,749212
456158,303579
456161,328175
456174,764301
456175,518946
456181,292672
456182,319722
456189,319251
456195,771304
456223,508500
456230,528264
456233,503772
456234,556803
456236,825410
456244,533662
456259,310495
456259,325857
456263,311657
456270,758146
456282,528065
456345,204673
456347,770699
456348,318065
456394,291401
456396,501956
456405,321544
456426,301272
456438,758695
456444,749148
456456,738990
456467,310446
456468,406597
456489,561558
456522,479113
456523,552281
456524,765450
456545,800827
456548,495323
456549,771191
456555,316790
456565,830356
456574,768777
456594,312123
456594,530378
456599,323965
456607,760220
456631,535859
456642,304351
456668,863592
456677,550599
456679,314505
456728,500145
456731,511361
456737,312755
456749,303384
456761,516581
456762,773508
456792,771210
456815,324711
456824,295951
456856,317130
456879,757054
456884,300374
456889,843532
456891,307284
456898,808590
456898,304560
456906,331193
456927,529232
456931,492862
456942,295197
456945,318494
456959,761859
456962,310501
456972,556495
456975,303011
456981,781736
456983,766124
457010,494323
457011,328869
457023,496385
457035,495061
457041,570791
457044,559730
457047,574372
457056,796620
457073,484568
457126,507568
457139,529165
457146,525610
457156,315688
457166,318682
457169,501470
457173,604529
457173,322806
457181,543407
457220,317459
457228,509663
457240,330754
457242,848011
457242,312452
457254,857230
457256,309662
457259,704466
457269,303513
457299,794841
457300,559521
457309,522113
457315,492852
457344,316170
457356,316299
457396,587656
457413,321913
457413,817867
457426,316418
457437,343666
457446,512898
457458,310547
457466,768140
457468,322288
457472,491469
457483,319269
457500,294503
457502,588261
457508,760186
457508,498238
457522,315505
457524,321185
457527,574607
457531,302664
457538,310316
457558,505659
457585,295508
457597,505252
457598,383382
457617,512219
457643,318438
457650,805469
457653,524015
457664,761330
457667,387545
457677,309115
457682,597884
457686,299789
457687,487416
457700,310442
457706,516223
457707,307724
457724,778703
457725,297861
457732,508205
457739,316101
457747,337359
457758,317329
457761,314549
457762,326581
457763,515097
457771,507068
457775,796416
457784,500801
457786,791259
457789,313129
457821,329175
457823,554023
457835,766123
457848,310003
457853,533552
457857,521633
457862,789702
457868,768092
457869,317752
457880,424395
457880,481284
457887,775858
457892,840620
457905,807769
457917,499751
457924,402210
457953,530925
457957,316628
457961,528272
457986,318951
457995,875949
458003,748776
458004,737695
458028,493333
458029,785753
458050,560881
458062,634852
458063,810030
458063,529020
458069,515681
458080,387000
458081,297993
458082,326150
458087,420080
458109,311791
458110,752227
458115,519496
458133,622541
458135,503633
458140,489968
458142,503648
458148,786703
458161,725988
458187,172991
458188,640939
458199,301962
458215,549801
458239,318838
458242,784904
458251,775217
458254,508493
458257,765716
458270,524079
458276,788414
458284,770676
458308,778259
458311,318712
458377,303640
458386,612205
458395,770208
458407,535930
458412,315450
458415,493740
458416,304990
458422,800002
458426,528330
458427,297331
458428,808812
458435,511357
458446,333221
458463,336210
458487,756869
458490,206698
458502,806412
458510,318475
458510,835716
458520,314252
458537,515865
458538,515023
458547,523288
458568,318949
458574,315204
458581,480232
458597,561707
458637,476619
458641,312860
458649,514085
458656,520873
458663,320742
458687,312553
458701,326134
458707,302058
458723,771672
458748,299642
458783,312666
458810,756264
458835,284831
458843,318407
458904,804425
458907,760723
458934,308167
458940,310993
458940,465539
458941,516302
458947,507703
458954,495319
458957,323311
458957,496058
458961,510125
458963,766304
458970,783039
458978,317851
458982,737312
458987,793959
458991,327030
459005,598045
459006,514002
459006,524705
459008,316979
459017,334851
459032,319425
459034,302067
459035,796331
459038,311278
459076,310430
459093,759024
459120,501572
459137,495482
459153,762919
459157,416087
459160,317984
459177,765984
459200,527972
459201,498777
459216,822863
459223,306465
459258,832735
459261,528042
459264,805612
459266,489350
459269,742783
459289,788174
459290,300335
459292,489340
459310,523988
459345,846348
459395,497787
459402,505900
459420,333983
459459,556642
459462,310131
459464,752204
459515,540444
459517,787808
459519,317067
459527,553200
459529,319034
459546,510498
459548,505291
459612,768635
459623,496407
459625,325111
459648,543090
459694,517335
459695,458365
459701,516964
459714,746268
459722,472978
459746,491229
459760,501424
459794,520720
459796,518855
459808,796827
459808,810657
459836,204254
459895,832283
459910,824833
459924,600638
459924,500492
459936,525546
459941,760489
459950,686537
459972,574968
459984,792415
459995,328890
459997,299321
460013,320681
460023,830434
460037,787690
460065,321951
460077,742964
460087,538587
460093,695280
460098,315055
460141,790497
460146,745683
460154,622024
460156,763935
460170,530949
460172,323825
460180,794188
460210,780416
460231,544358
460237,328298
460240,728465
460249,517884
460256,319403
460261,510777
460268,511395
460269,506099
460275,790062
460288,535343
460307,713336
460312,528103
460318,777559
460333,814757
460336,761316
460343,787313
460346,464088
460353,517089
460379,307615
460380,484240
460383,486987
460396,318511
460423,747757
460423,319847
460431,786156
460456,324501
460457,500461
460464,541698
460508,514854
460509,401875
460547,734522
460552,531169
460560,539144
460563,537972
460568,779569
460572,787284
460585,290835
460605,587873
460607,573110
460623,834209
460642,628359
460662,807576
460676,858865
460681,772618
460686,317322
460687,325415
460732,321459
460739,303089
460750,786947
460762,534217
460780,508441
460780,790243
460785,778588
460792,482318
460797,501816
460799,498609
460802,304697
460818,564718
460837,518737
460852,315007
460856,309028
460863,325313
460925,327025
460926,324650
460939,738074
460942,729516
460957,326913
460977,756169
460998,746228
461000,485472
461004,764523
461026,294274
461027,758801
461031,593744
461054,317774
461055,317309
461104,305506
461119,310732
461126,772122
461139,702814
461147,312339
461170,601004
461187,319140
461204,569118
461208,541255
461237,334846
461239,590617
461252,624272
461292,825753
461302,775943
461315,782734
461323,496222
461336,317753
461337,332772
461342,818335
461345,502925
461348,800902
461391,314924
461392,319028
461416,486096
461417,557871
461436,590990
461445,318777
461450,829408
461451,837014
461460,735559
461465,501483
461477,768252
461481,752609
461510,346847
461522,844830
461530,576426
461541,585231
461545,509863
461551,748759
461554,307525
461559,592693
461563,307355
461588,753094
461609,765556
461611,297098
461618,778998
461620,797492
461638,303893
461650,321613
461656,560473
461665,588213
461688,345482
461695,812948
461715,740710
461723,313792
461746,417049
461747,399114
461749,541543
461759,328854
461772,748415
461778,511564
461791,496036
461802,806660
461807,731884
461826,486657
461854,308954
461870,503359
461875,556960
461888,843198
461895,537970
461896,310188
461919,321743
461925,783536
461934,324232
461949,511489
461955,637765
461957,495912
461961,329393
461968,516723
461976,312139
461982,778653
461984,306734
461993,487518
461993,295172
461994,575214
461998,753447
462000,322238
462000,742072
462010,745983
462019,830597
462022,519909
462027,854998
462029,311734
462041,507563
462083,802397
462103,475517
462103,837754
462134,767251
462138,505109
462152,479114
462166,310019
462208,558382
462231,586980
462231,312947
462238,325982
462259,862399
462290,794839
462291,306617
462294,416916
462298,315066
462310,803089
462321,325009
462329,317092
462338,314241
462348,510510
462371,533312
462390,405808
462399,572544
462400,760156
462447,419274
462453,588301
462476,778024
462484,760147
462512,313385
462519,580592
462528,784429
462538,521633
462543,292976
462553,792722
462559,308203
462563,498405
462597,315130
462609,749655
462619,790265
462621,512832
462638,766636
462660,834224
462660,305320
462663,527314
462672,795193
462701,303983
462701,563597
462707,210003
462734,314715
462758,303297
462778,504185
462789,557595
462795,312587
462801,759118
462805,335995
462806,753804
462820,484792
462841,304951
462871,784179
462874,297904
462915,733098
462918,768067
462921,303041
462923,760848
462927,323287
462960,750331
463013,332677
463016,742089
463034,524773
463035,597193
463046,719805
463062,326450
463069,779512
463102,541838
463109,299550
463115,719771
463119,290063
463144,799682
463148,781753
463154,492433
463154,758578
463158,293876
463175,505101
463214,320983
463218,309655
463223,816186
463258,503448
463259,785708
463265,756189
463269,601500
463281,872592
463287,538392
463289,312440
463292,581651
463298,482602
463312,706135
463316,793290
463333,805031
463336,557917
463351,735326
463355,543463
463356,738554
463371,328697
463379,493365
463385,540875
463396,526401
463402,580948
463414,529223
463431,320188
463431,840622
463438,799346
463442,547944
463455,330137
463459,467360
463461,812931
463461,487788
463477,579221
463480,537940
463484,532737
463496,805499
463510,503753
463516,537990
463522,744594
463537,364812
463553,308315
463556,766770
463562,507957
463562,299632
463565,426083
463567,515949
463585,764471
463591,309676
463597,488720
463616,558419
463631,318171
463660,730994
463674,311952
463683,474026
463685,509913
463688,907466
463697,324976
463707,319933
463715,767666
463729,316694
463733,528026
463753,318354
463753,368511
463765,534466
463771,310628
463807,793971
463808,516102
463824,890336
463824,325912
463825,761471
463825,753642
463831,301995
463835,807624
463838,727648
463852,502090
463853,515705
463881,519526
463944,549028
463962,505849
463962,315151
463968,864157
464010,511216
464040,317463
464053,485367
464055,321929
464060,844818
464061,743784
464062,777137
464067,524333
464123,530117
464142,764288
464159,751391
464179,531270
464188,527904
464190,711710
464197,506366
464215,586544
464220,592132
464231,325481
464233,761196
464239,549921
464250,779186
464252,312787
464265,572831
464267,837599
464284,531609
464288,315387
464302,753887
464307,495894
464347,505145
464363,542322
464370,754654
464376,766484
464415,827213
464444,511675
464445,532063
464459,796504
464462,801150
464474,430283
464484,487190
464509,553788
464519,577120
464539,473624
464583,512622
464592,787926
464628,823393
464668,813463
464690,495916
464706,709281
464717,794653
464746,509779
464750,306798
464752,517103
464778,775533
464786,540822
464811,522674
464817,575947
464826,827464
464837,781777
464838,507977
464850,589779
464857,485972
464871,513408
464881,771281
464888,559468
464888,514597
464911,474116
464921,753417
464921,533207
464925,756816
464937,212577
464961,528516
464961,568026
464983,494626
465058,812823
465065,321753
465085,521965
465088,404501
465106,504993
465117,751194
465120,739235
465137,518713
465140,294846
465143,761094
465143,411687
465144,823648
465146,490232
465158,777329
465163,312738
465178,305638
465187,564483
465188,824229
465190,515722
465199,467336
465214,538103
465232,813447
465244,314108
465265,316181
465272,525579
465316,475559
465356,576222
465356,504466
465381,824835
465386,507948
465389,796734
465404,748868
465426,547167
465464,306143
465472,390692
465476,541497
465486,777217
465487,788207
465493,560183
465524,737202
465526,775861
465538,829866
465545,789194
465564,776735
465577,357597
465578,307663
465607,596948
465621,761476
465628,779223
465628,535922
465629,548128
465641,560746
465661,517758
465682,488099
465703,569515
465710,485250
465710,508539
465715,831928
465727,798829
465732,487711
465739,783366
465741,759755
465749,591274
465757,454785
465772,514175
465779,532996
465791,524277
465795,312787
465806,400795
465809,768313
465809,520312
465830,551906
465837,558676
465844,513479
465860,812899
465862,895102
465924,528554
465924,507753
465946,500166
465966,796284
465966,497234
465966,492339
465992,809471
465998,825160
465999,788294
465999,520668
466007,493197
466009,819631
466020,729035
466021,580445
466022,748760
466022,505378
466023,748044
466050,536367
466092,513472
466135,528936
466141,543682
466145,327892
466186,481907
466198,530439
466201,314528
466204,516169
466206,803917
466208,534814
466248,733828
466253,315716
466307,496285
466311,777839
466323,492315
466353,509571
466363,792756
466378,567111
466381,792374
466388,490805
466394,509425
466403,818233
466404,804946
466405,489759
466428,313772
466446,794502
466454,493626
466473,385970
466519,315920
466520,537878
466526,568432
466534,498219
466540,715547
466544,565607
466559,494185
466564,593072
466567,304950
466587,531258
466608,778499
466612,325144
466626,495003
466628,793237
466631,291445
466631,723737
466640,764699
466651,797688
466653,759792
466664,311300
466667,520149
466670,787654
466670,313667
466684,785798
466703,748251
466719,512549
466751,554208
466754,800102
466756,516486
466773,368364
466777,529177
466786,499414
466797,779053
466801,518615
466822,757249
466835,521206
466847,768767
466848,495791
466854,738925
466872,516988
466877,488961
466888,781020
466892,504968
466897,497842
466899,312610
466962,790037
466994,750738
467029,497963
467047,499359
467049,497879
467055,405149
467065,514236
467072,801176
467073,434825
467075,791218
467075,477800
467079,511644
467090,312552
467122,514717
467137,552028
467139,548497
467151,177176
467155,502847
467156,781054
467171,764041
467222,780466
467225,310852
467225,528685
467233,516471
467246,318720
467252,499100
467253,518914
467254,563414
467291,756155
467298,311700
467302,571112
467318,779639
467330,576573
467332,520870
467344,517512
467350,773403
467384,511226
467395,866041
467405,538548
467411,560355
467428,546355
467470,765636
467475,752284
467477,760645
467494,299399
467533,640015
467560,608999
467562,560167
467567,545359
467586,855240
467606,755621
467654,814597
467656,487765
467677,390342
467694,527206
467699,783750
467704,799753
467715,487895
467732,515764
467735,501528
467747,416750
467751,857555
467755,531377
467761,776825
467765,509229
467779,328650
467782,765858
467852,529459
467862,765215
467867,872594
467870,774848
467908,521184
467937,423963
467939,530725
467944,319373
467945,774051
467951,537581
467964,590570
467965,272793
467994,557120
468012,545987
468043,511446
468060,510110
468085,514410
468117,592337
468122,737645
468144,767509
468155,525202
468160,545436
468165,798959
468172,253853
468174,790443
468201,816660
468206,769909
468214,488162
468219,326681
468230,549681
468244,538084
468272,826002
468283,757989
468285,811097
468291,539303
468309,513488
468312,831587
468315,685579
468335,330261
468354,584399
468395,507836
468397,148522
468402,775947
468413,823093
468428,565012
468436,768940
468437,808017
468438,482677
468453,761967
468484,806722
468485,488780
468485,767086
468489,762892
468509,724811
468519,764457
468556,762748
468559,504797
468568,228566
468577,505497
468604,415247
468610,747386
468614,519530
468636,518539
468647,721798
468677,517748
468690,768713
468702,512923
468733,407997
468738,818280
468738,320157
468758,512193
468765,824832
468766,240386
468804,515628
468807,814317
468825,755033
468834,834798
468851,332123
468857,818231
468861,742707
468865,505033
468910,572209
468918,516278
468926,472220
468932,495762
468943,488224
468945,515291
468948,604432
468958,409952
468991,750681
468995,601882
468997,819836
468998,825023
469001,847656
469008,586964
469012,234955
469017,726411
469025,479985
469028,865768
469034,806809
469036,761978
469046,525901
469048,556373
469068,525885
469079,833593
469092,501620
469125,525221
469131,509756
469137,555054
469147,754230
469153,592688
469162,313163
469180,531203
469195,758635
469213,533392
469229,509795
469259,740597
469270,822757
469290,420030
469293,429494
469306,774400
469310,762185
469317,496814
469342,500899
469352,810276
469368,548084
469371,774871
469376,559688
469385,537920
469399,493996
469401,524569
469409,580517
469416,756741
469420,502615
469450,482483
469457,570090
469457,514909
469464,584868
469479,848764
469485,576303
469490,318355
469498,555525
469517,502631
469522,790458
469533,757162
469537,538404
469557,559962
469567,392492
469571,726787
469572,413468
469578,779034
469580,491456
469598,496749
469603,753534
469624,528747
469625,474913
469632,828159
469690,513119
469728,491564
469737,513263
469741,306868
469765,755549
469788,399206
469791,518560
469801,484901
469844,891015
469857,478384
469891,506093
469900,750892
469913,326137
469915,875426
469918,580315
469927,535913
469934,421190
469959,773269
469986,416814
469995,200663
470046,768171
470047,831819
470055,797706
470073,566456
470074,797581
470075,500130
470094,769970
470133,533605
470141,742260
470152,527982
470168,502626
470174,786451
470180,766273
470191,781463
470215,192222
470219,393795
470229,759264
470246,490167
470253,785065
470270,790501
470272,311926
470273,517898
470274,344099
470279,756021
470298,710276
470303,553075
470309,742955
470315,572128
470322,776533
470326,419110
470332,295815
470335,770686
470337,499698
470341,714120
470348,570261
470352,535999
470353,531910
470379,791121
470382,557709
470402,561122
470403,517528
470406,410584
470409,824364
470414,566287
470446,552225
470455,487875
470485,517217
470492,821755
470498,527663
470501,527621
470524,735023
470525,579266
470546,416874
470552,503355
470556,521378
470560,521846
470572,600986
470573,425968
470590,526730
470612,561451
470616,531989
470626,904183
470657,317935
470669,488733
470684,729964
470689,530267
470703,527388
470705,804611
470705,493148
470711,507730
470715,511832
470728,798621
470729,375262
470733,321686
470736,786496
470737,614680
470737,732886
470742,418649
470765,793698
470779,307099
470790,588020
470799,756201
470805,504207
470824,787905
470836,489973
470839,578650
470846,742374
470851,326402
470854,376139
470884,600015
470892,509616
470902,546810
470914,310448
470920,548666
470925,788269
470926,497390
470934,305523
470939,756904
470940,523075
470943,505834
470961,564345
470964,477778
470967,427228
470970,566982
470979,311527
470988,506571
470989,560083
471000,402168
471006,412196
471007,302574
471017,787047
471025,576534
471038,773974
471047,758458
471055,507023
471059,489300
471063,509471
471076,763624
471089,788668
471092,525933
471093,782111
471096,483271
471104,569424
471110,760047
471123,531860
471132,534184
471152,545160
471161,500557
471172,538152
471181,470206
471184,768353
471186,526238
471191,622207
471196,207387
471261,318140
471270,517716
471271,303375
471293,489314
471302,818242
471307,542814
471310,530213
471310,523452
471311,761241
471311,538029
471319,823065
471323,503060
471334,511792
471340,762094
471341,534331
471344,771509
471345,531841
471363,295356
471381,413223
471389,407284
471437,501817
471442,512540
471444,414221
471453,518513
471455,394117
471465,749242
471490,521265
471495,713424
471548,512366
471554,315422
471565,754589
471572,430525
471577,496208
471578,598288
471590,601507
471592,508127
471598,775670
471603,531627
471640,546472
471643,737927
471650,604709
471667,795362
471680,587436
471696,786242
471700,401381
471708,499348
471716,818666
471720,308543
471723,551983
471728,795716
471768,414865
471785,823528
471786,523354
471803,777724
471815,522792
471819,803962
471833,519528
471851,737150
471856,749994
471865,500045
471867,557240
471879,505899
471888,222355
471890,724249
471909,758409
471929,520293
471954,747851
471958,597610
471974,555223
471975,776086
471983,789936
471991,782782
471993,577766
472006,538712
472015,781461
472021,789051
472023,544008
472044,539025
472056,311002
472082,521669
472086,488687
472087,762469
472098,530164
472112,573479
472125,776423
472129,597746
472133,518025
472133,848145
472137,547590
472151,740866
472158,577427
472180,416660
472202,533763
472231,792706
472234,584133
472240,514814
472252,544012
472252,588847
472262,887884
472262,148600
472285,770965
472322,856301
472335,611075
472350,525715
472371,507407
472378,545684
472378,513322
472380,426695
472380,491786
472382,507643
472388,830004
472427,818417
472451,818421
472471,613700
472476,530558
472482,416772
472485,775929
472500,495798
472510,490463
472544,778777
472563,754292
472586,518452
472600,440296
472603,537989
472607,702605
472617,823206
472617,550664
472623,491979
472625,414609
472627,369179
472637,800804
472641,511921
472667,779446
472673,630446
472697,564366
472700,542999
472764,550644
472764,533231
472765,798364
472777,754625
472789,777693
472794,818879
472803,836561
472812,512515
472816,857526
472819,518549
472830,784864
472855,556753
472857,460419
472864,783093
472868,537160
472915,802230
472925,800603
472939,522859
472946,785129
472967,763173
472968,801100
472976,545140
472981,480908
472981,578044
472988,501291
472994,814430
473026,534696
473045,492037
473056,377830
473061,485643
473073,565852
473093,771132
473094,516416
473103,506086
473110,566330
473117,533601
473123,566952
473135,520214
473147,436140
473149,537542
473151,512290
473155,411504
473160,781208
473174,545957
473178,492166
473183,720872
473193,538433
473203,494894
473206,761222
473210,529546
473219,816162
473224,846269
473244,814162
473246,425578
473249,466598
473272,532347
473283,711359
473286,325556
473287,411086
473287,756582
473305,790244
473359,465586
473372,485060
473379,590523
473380,753016
473381,550582
473381,537309
473387,594158
473390,766100
473390,783213
473400,843866
473407,475349
473426,496596
473428,197140
473430,555626
473444,415784
473455,286861
473456,471778
473456,769358
473460,509292
473465,513377
473476,496387
473479,491926
473492,412136
473505,490227
473549,747432
473567,756621
473594,514346
473596,574562
473618,421127
473621,799893
473637,861110
473649,496686
473659,508313
473662,505043
473667,410892
473668,318194
473686,399154
473699,528404
473707,791171
473740,298293
473743,479364
473757,494212
473766,727313
473769,733795
473780,416558
473815,570938
473818,615137
473831,755028
473843,774405
473856,540243
473879,533897
473886,405204
473903,811311
473918,538666
473921,508814
473922,764669
473926,770211
473967,418685
473967,207641
473968,833722
473981,813361
474013,401013
474017,406254
474018,536200
474028,561579
474036,500024
474049,581955
474069,304731
474105,509107
474122,560523
474124,779887
474125,766473
474127,504350
474128,521459
474132,163256
474133,314939
474137,779764
474138,565271
474147,408589
474150,507499
474150,533983
474162,496486
474169,780514
474170,811789
474177,543133
474190,803327
474199,517261
474216,395628
474216,782217
474219,524078
474222,399658
474223,416499
474231,569963
474231,441732
474246,706195
474253,543796
474260,438474
474263,399209
474273,534937
474283,821795
474284,745742
474290,893644
474295,531448
474319,879972
474337,806207
474341,534521
474352,824372
474361,506696
474363,459702
474367,812291
474383,738172
474397,609909
474403,516156
474417,563303
474422,558241
474447,535617
474453,590077
474459,607264
474460,520472
474470,839232
474490,574314
474502,503140
474528,501592
474532,521373
474570,482128
474580,746029
474583,861581
474615,762448
474619,755607
474626,507560
474639,556248
474651,497958
474671,420548
474673,399837
474674,792389
474731,791075
474747,793658
474777,800015
474792,411666
474808,826210
474820,472281
474838,852686
474845,498052
474845,748598
474867,570785
474868,492686
474868,503769
474890,402140
474891,598802
474902,516395
474902,388804
474904,352287
474928,713515
474935,775497
474959,472935
474999,821894
475013,533902
475024,550774
475032,753238
475042,768038
475052,510434
475060,411359
475062,575169
475069,582519
475092,779350
475103,525409
475106,820383
475106,861551
475111,418354
475112,502571
475120,518926
475136,805526
475155,408674
475160,742694
475166,303665
475169,441129
475176,741383
475186,327827
475186,562200
475212,571458
475222,764843
475234,501488
475252,512625
475253,522885
475264,324976
475264,837040
475268,544534
475269,508814
475275,749610
475283,497780
475285,798532
475293,376256
475293,416498
475296,553595
475308,757013
475359,546375
475380,399817
475424,800834
475433,407993
475434,597020
475445,780563
475454,722515
475459,578569
475460,766632
475551,511215
475557,187047
475563,408537
475564,766864
475579,762626
475582,547943
475600,794174
475627,494199
475628,501578
475632,767829
475634,777460
475667,742256
475695,413789
475698,421237
475701,416251
475705,485149
475717,566003
475718,403991
475734,555400
475735,410338
475740,392562
475774,592067
475779,322743
475796,423302
475804,541747
475806,793961
475806,882316
475827,511681
475827,788166
475843,576660
475849,489742
475850,406005
475861,816795
475879,520779
475880,412826
475884,754476
475906,748016
475908,588988
475912,494874
475917,590452
475919,570228
475940,571294
475941,493681
475951,415924
475964,468405
475986,485796
475987,512739
475989,862432
475995,428018
475998,523732
476013,496750
476013,384393
476026,302004
476029,800726
476043,487408
476047,496667
476053,507623
476072,568305
476090,531015
476094,229448
476094,562888
476107,524142
476108,568206
476112,568698
476114,509412
476157,481884
476167,873119
476167,419365
476182,525087
476183,488770
476184,544272
476189,797397
476192,749869
476201,497649
476201,427218
476247,797280
476261,419667
476262,516775
476272,769306
476278,579314
476307,824470
476307,506153
476311,872958
476312,595880
476328,573442
476337,488266
476338,758898
476348,791250
476369,507730
476377,534611
476381,415040
476403,501635
476407,422333
476431,790607
476456,872917
476459,522926
476469,612838
476477,769813
476477,870880
476506,515383
476513,789369
476516,305406
476524,777983
476526,550275
476528,778240
476530,538610
476543,548522
476544,411064
476546,780234
476549,439305
476555,419814
476568,420000
476570,519274
476577,786045
476586,472974
476597,550938
476599,564000
476599,742107
476600,490921
476603,533325
476613,217289
476618,401118
476618,410819
476628,514855
476638,851283
476640,521069
476642,747799
476651,819025
476662,766945
476662,467907
476668,396911
476675,509350
476703,440651
476716,403795
476718,507483
476724,307649
476725,787834
476738,773918
476738,502113
476743,597231
476752,759301
476754,468637
476759,505244
476786,872331
476793,521280
476798,620096
476806,500992
476828,472800
476847,545807
476850,811268
476855,822339
476870,756472
476875,582881
476882,329047
476899,545200
476903,806881
476905,506505
476907,871687
476911,760190
476914,480530
476924,512695
476926,872341
476929,479378
476933,753029
476936,871468
476945,873787
476949,391043
476957,411396
476957,562796
476997,733031
476998,771123
477001,587228
477003,872226
477024,522184
477034,503391
477034,450703
477045,316981
477049,871807
477068,471272
477074,874565
477074,548137
477094,872214
477098,411457
477098,873149
477103,528948
477135,539896
477147,539011
477147,417465
477153,302014
477158,429630
477159,421761
477177,807892
477177,566088
477184,614740
477188,874466
477198,871570
477202,568036
477208,406996
477208,470514
477209,871930
477212,770640
477226,489932
477235,545196
477244,813919
477252,496545
477259,409746
477266,841636
477268,333974
477270,497983
477286,780628
477290,874030
477291,870146
477292,543038
477299,580626
477303,485198
477306,870735
477311,492379
477323,745190
477324,421899
477331,873151
477354,872703
477367,563636
477370,872331
477373,787719
477380,871130
477381,873813
477385,873808
477405,770857
477409,872144
477422,510477
477431,872033
477431,872051
477436,872377
477446,393601
477447,873488
477447,871247
477455,754390
477461,416061
477462,719019
477471,872038
477480,871436
477480,873550
477481,831254
477488,562130
477492,784663
477495,503795
477499,873920
477501,872161
477524,872205
477528,533471
477531,733489
477547,871643
477549,873474
477561,522257
477566,873314
477574,813870
477575,497669
477586,756183
477596,531971
477599,768789
477600,871426
477602,872030
477610,870215
477611,756854
477612,871322
477618,559281
477619,538916
477619,872201
477620,745272
477628,557523
477631,347988
477637,359710
477641,871398
477643,872564
477651,480288
477651,574795
477656,213964
477657,870013
477657,872052
477664,572163
477668,521278
477682,872564
477683,870899
477688,871038
477688,870078
477694,398280
477696,872617
477707,871269
477714,596649
477715,871093
477721,871411
477727,540015
477744,871547
477750,872736
477751,872356
477753,873314
477754,871966
477757,786098
477758,872802
477767,872205
477773,594258
477776,821274
477777,872430
477780,872845
477785,409347
477787,510771
477793,402002
477796,544549
477796,492636
477799,872286
477800,438453
477803,871142
477806,538917
477810,871490
477811,872423
477811,872030
477813,513732
477817,250594
477826,790744
477828,871723
477832,874478
477834,398519
477843,871302
477847,873438
477849,872157
477857,770097
477864,508375
477867,872014
477867,812322
477869,872521
477870,475889
477873,871002
477876,872362
477883,871526
477893,543583
477895,872395
477897,873107
477898,870970
477911,470101
477915,810429
477918,872984
477921,872856
477927,873186
477930,873093
477932,872502
477935,404006
477935,516854
477937,548005
477941,147546
477943,381048
477948,871717
477952,871361
477955,873188
477955,871524
477958,590946
477960,872841
477961,515407
477963,779244
477965,873929
477967,872371
477971,871054
477972,610393
477973,532845
477981,872022
477986,761845
477987,873060
477989,501940
477990,391777
477995,875022
477995,873147
477995,318665
477996,872615
477998,873100
477999,873197
478003,871879
478004,520917
478012,528325
478013,574628
478016,873044
478017,871643
478021,513274
478025,872261
478030,420399
478032,456297
478032,489801
478033,415824
478055,871643
478056,842581
478057,439171
478057,873087
478059,871041
478063,543955
478065,871126
478073,873368
478076,872092
478078,522911
478084,400141
478088,872009
478090,364459
478092,490224
478094,874638
478097,784267
478104,872608
478129,742601
478131,871964
478132,795266
478137,871800
478143,521977
478148,507218
478148,872470
478150,407815
478151,871360
478156,872904
478158,551927
478161,733197
478163,768591
478164,872692
478166,517347
478172,871886
478175,872562
478181,872776
478183,804260
478184,872638
478187,873231
478188,871411
478189,493521
478195,873461
478211,854348
478212,763682
478213,872460
478213,539409
478214,872774
478214,870026
478221,871892
478221,871603
478223,872561
478228,740056
478231,872075
478231,871077
478235,806917
478236,873704
478241,401114
478247,520145
478248,800658
478249,873123
478251,515342
478251,514574
478256,872186
478258,872137
478268,812999
478270,871668
478276,871332
478278,871946
478281,873831
478286,871876
478287,582260
478290,872713
478296,873360
478298,872863
478300,874270
478303,871296
478305,777051
478309,871049
478312,549457
478312,873009
478315,872802
478316,872840
478317,396842
478319,871115
478321,872503
478323,872822
478332,207875
478333,732533
478342,871759
478343,874042
478345,872651
478348,872524
478351,421016
478351,872317
478360,401171
478363,578688
478363,834200
478364,872648
478371,872617
478378,872434
478383,212566
478384,872822
478390,870623
478396,817498
478398,871945
478398,872488
478399,872687
478406,406780
478407,392365
478408,872570
478409,543082
478411,874233
478411,731855
478415,873745
478417,873364
478422,871335
478422,871800
478430,873233
478436,462333
478438,873168
478440,871270
478445,527721
478448,872900
478456,873579
478457,870183
478460,873257
478461,491071
478462,531072
478462,871300
478464,873371
478467,871776
478469,872820
478469,873376
478475,874419
478481,871028
478485,873404
478485,870874
478490,870944
478491,872264
478498,873137
478500,871869
478503,874009
478505,485043
478507,869949
478510,871890
478511,490462
478519,874200
478520,872151
478520,560973
478523,550061
478524,870648
478527,874773
478528,870734
478528,872930
478531,872792
478539,872915
478541,873242
478542,873146
478542,873098
478545,870322
478546,410538
478547,541527
478548,871941
478550,493698
478553,492589
478558,502966
478564,872786
478564,872664
478568,759398
478568,768969
478569,872598
478569,873681
478573,872871
478573,872128
478579,870918
478580,530378
478581,872682
478582,872836
478586,872284
478588,871612
478594,873339
478597,871699
478598,539553
478604,872127
478604,873099
478606,873314
478607,870216
478609,872741
478611,219369
478615,358728
478618,871915
478620,833945
478624,871750
478627,871116
478630,403840
478633,755547
478634,416793
478634,872056
478635,873032
478638,411529
478639,871704
478641,550295
478641,528026
478646,871636
478655,871750
478656,504592
478658,871440
478660,871652
478661,872110
478664,873266
478672,746508
478678,872860
478680,872891
478683,871635
478685,872528
478691,872864
478692,872681
478692,873415
478693,873366
478705,872950
478714,873860
478715,871667
478723,873539
478752,873602
478753,872427
478760,872727
478763,872767
478766,766620
478767,873334
478768,870765
478769,871572
478777,871503
478782,870446
478784,873167
478785,872753
478788,871178
478791,872349
478793,872429
478793,872128
478794,871732
478795,573985
478795,871535
478798,872885
478798,872655
478800,874490
478800,873864
478800,413492
478808,509436
478820,871049
478821,872835
478821,873326
478825,873817
478826,871695
478838,872201
478841,536154
478846,524253
478848,871343
478848,872701
478853,872267
478853,871821
478855,872862
478857,871799
478860,872985
478870,873356
478874,871268
478876,815315
478882,873176
478884,872076
478886,519839
478889,872188
478890,873500
478892,783110
478893,871872
478893,535552
478898,419913
478900,871530
478902,569570
478904,870494
478907,735969
478910,872433
478911,552124
478914,872660
478919,871927
478927,871856
478930,872342
478932,873877
478932,873191
478934,871850
478938,796668
478938,772650
478941,545966
478944,872370
478945,872126
478948,523786
478948,873210
478949,872005
478951,805489
478953,871212
478954,872197
478958,873292
478960,873676
478961,408182
478961,872765
478967,873250
478970,485766
478970,799907
478973,788435
478976,872263
478986,872117
478989,872325
478989,486299
478992,287023
478993,722074
478993,582294
478994,512732
478996,873557
478999,872109
479004,873746
479015,872152
479016,872047
479017,872993
479022,873843
479023,542608
479027,872701
479030,799641
479033,411320
479053,870277
479056,873656
479058,499966
479059,493236
479060,576698
479062,797513
479064,872786
479064,872291
479066,228648
479072,871453
479072,872601
479072,871872
479083,873404
479088,871986
479089,872674
479092,872200
479099,873618
479100,874158
479103,871476
479111,870156
479117,871665
479122,873267
479123,872272
479124,870825
479126,872540
479126,785428
479129,509200
479131,871090
479135,467436
479137,872338
479143,871059
479148,871864
479149,872638
479149,873245
479150,872810
479153,872765
479168,871496
479173,748859
479174,418176
479180,870894
479184,601799
479184,872354
479184,594037
479187,871498
479187,414149
479196,872265
479196,872191
479197,872825
479200,873121
479200,795436
479208,871329
479220,445300
479221,871533
479221,874003
479221,413901
479223,872439
479225,521571
479230,872229
479231,871786
479231,872062
479231,872604
479237,873065
479239,509546
479243,872620
479250,873377
479251,872422
479253,871107
479254,874016
479255,414018
479258,872592
479259,490464
479261,576235
479263,427543
479263,871668
479267,408570
479268,871508
479269,555312
479273,872975
479280,872427
479280,872801
479282,414585
479287,873234
479288,873479
479294,872902
479294,872679
479298,872084
479299,459861
479299,870514
479302,304298
479304,871787
479304,871831
479306,798933
479308,871726
479311,872093
479320,871658
479321,406917
479322,418989
479323,871341
479326,872251
479329,873006
479331,871678
479336,872984
479339,873011
479341,872679
479342,872090
479343,872190
479350,871307
479353,872201
479354,872033
479355,577539
479355,549274
479357,218818
479360,872002
479362,783394
479362,872814
479362,871716
479369,803180
479369,872329
479373,777928
479378,417261
479381,871837
479383,764467
479383,729663
479385,872267
479387,513936
479393,872527
479394,385458
479396,790165
479396,871843
479399,872086
479399,871948
479400,873481
479405,872588
479408,873446
479409,872488
479413,871963
479413,413218
479416,871757
479421,872763
479422,561301
479426,409891
479427,871423
479430,872527
479431,873115
479432,873014
479433,872475
479434,697972
479435,872727
479435,873309
479439,872474
479445,872159
479445,872273
479452,584227
479452,912591
479461,531194
479476,872521
479479,871283
479480,872031
479483,873037
479484,871412
479485,506103
479494,871923
479502,872068
479504,871700
479504,819956
479505,872268
479506,784423
479507,873085
479508,521470
479509,409763
479512,871969
479512,871372
479513,872837
479513,873067
479514,554482
479514,871921
479526,298858
479532,873875
479537,872878
479538,871136
479543,770187
479545,872826
479548,870751
479553,873654
479555,871233
479556,752532
479557,871855
479559,506167
479561,873986
479565,794827
479567,770845
479569,872158
479571,872192
479574,413235
479577,873775
479578,533836
479580,870934
479582,780761
479589,872306
479590,870954
479602,871901
479605,872429
479614,398378
479614,870500
479615,872209
479618,873526
479618,872303
479624,402770
479624,874379
479626,872966
479630,872431
479632,427918
479633,493450
479636,867387
479639,812325
479649,871632
479658,872834
479663,752271
479665,873493
479669,873649
479673,577442
479674,872365
479676,870720
479679,449466
479690,781345
479692,873166
479695,871886
479700,872881
479700,785014
479705,871521
479706,821984
479715,873127
479715,873092
479720,873719
479726,872374
479731,871750
479731,873270
479734,587050
479737,870859
479737,870961
479737,873670
479739,872392
479740,474195
479741,871553
479747,871698
479754,872237
479758,870423
479763,420260
479771,423986
479774,555552
479781,403218
479790,738214
479790,870953
479791,870504
479796,818905
479796,517919
479797,871997
479799,872708
479801,513343
479806,874187
479810,871576
479816,873286
479820,404376
479820,873007
479825,410028
479826,871195
479832,412636
479832,409431
479837,405033
479842,872659
479844,507234
479850,872926
479850,872234
479853,773971
479856,510648
479859,872722
479859,873768
479864,871665
479877,520549
479877,750197
479879,871900
479879,872914
479881,872399
479882,562620
479885,872137
479890,872661
479892,871358
479894,486976
479900,871549
479907,828958
479908,873354
479908,872416
479911,872661
479916,871874
479917,512523
479921,872891
479925,554553
479928,872189
479930,872098
479933,871422
479940,857484
479941,477732
479942,874848
479946,870289
479947,505399
479948,541436
479950,872866
479952,872351
479961,871851
479962,872164
479966,873232
479969,873076
479972,871700
479978,870520
479978,409262
479981,544709
479982,423320
479983,872916
479983,553108
479986,419938
479993,519549
479998,508069
479999,873629
480001,461902
480005,759967
480005,872972
480006,872595
480010,874549
480011,311269
480019,759976
480024,872777
480025,523543
480028,872937
480034,871678
480035,463753
480044,871864
480053,871807
480059,874321
480062,872425
480072,565742
480085,872590
480091,872457
480091,519827
480109,872626
480109,496866
480112,871349
480114,871166
480120,708197
480123,872288
480126,794104
480132,397438
480141,873630
480145,584794
480145,502562
480148,384836
480151,381700
480163,481631
480170,871730
480172,498501
480174,425948
480177,872309
480184,826581
480187,408072
480190,872426
480195,871123
480204,545759
480208,872754
480208,872211
480216,873494
480217,872600
480219,461820
480222,873371
480223,544949
480224,885628
480226,402020
480229,871941
480230,871229
480232,419992
480236,872122
480237,400996
480244,873792
480245,401809
480262,571250
480262,872481
480262,871322
480275,524883
480277,592967
480279,392947
480280,870853
480301,409671
480303,870970
480303,872075
480304,492982
480307,872201
480315,872554
480318,571529
480319,872545
480321,803599
480332,508673
480335,872981
480339,871083
480341,789094
480349,873301
480350,421961
480351,872002
480353,518130
480359,870880
480362,514602
480364,567947
480365,870451
480370,737302
480376,778240
480378,871740
480378,873531
480391,505602
480391,873123
480392,871989
480392,871835
480392,409281
480397,770786
480398,564518
480402,457038
480404,871463
480405,871250
480414,872617
480432,494517
480433,412278
480439,872879
480442,523227
480443,873975
480448,872485
480456,749222
480463,819602
480471,192780
480472,871418
480476,531963
480483,774103
480489,871127
480499,822631
480499,874367
480501,419133
480501,735126
480506,502288
480512,501822
480512,872334
480515,487504
480518,872423
480523,872218
480527,566459
480527,872304
480530,872255
480530,872548
480531,568104
480532,376129
480533,506980
480543,873608
480544,871887
480547,792200
480548,785354
480549,794109
480556,872146
480558,378251
480559,871881
480576,407392
480603,760145
480612,872128
480614,871548
480619,411142
480621,411905
480622,403109
480623,541063
480624,504979
480638,872551
480640,870923
480642,398261
480647,810014
480654,839227
480661,393391
480662,872424
480666,298839
480673,873528
480701,413901
480701,835452
480701,872493
480703,411700
480712,874978
480716,407718
480722,871887
480730,542666
480732,498836
480735,873430
480750,871555
480752,871955
480756,577623
480765,720012
480771,871956
480777,828409
480783,563511
480784,409422
480792,872418
480812,872664
480813,872204
480820,491573
480826,494229
480837,871117
480838,871133
480842,560845
480846,873592
480848,873300
480850,870742
480863,524344
480881,755813
480882,873978
480883,397667
480886,436316
480887,359627
480889,872809
480890,782511
480891,399470
480891,494496
480901,518360
480915,412717
480921,872550
480923,499607
480925,749999
480927,416037
480933,808721
480935,872840
480945,872753
480948,874070
480952,548104
480962,872074
480962,871428
480964,784356
480965,553287
480967,186600
480967,572162
480969,873198
480973,519784
480988,572256
480988,562240
480990,525595
480991,872075
480995,871101
481011,403118
481012,874813
481013,551444
481013,872501
481016,553383
481017,390568
481022,491499
481025,493454
481033,871358
481041,777522
481050,411191
481067,872131
481075,514632
481080,297869
481084,872148
481102,390644
481106,759193
481133,421873
481136,745467
481137,705447
481153,871941
481169,458866
481171,517283
481198,313040
481204,872179
481206,498726
481214,793065
481217,872055
481220,531313
481220,497340
481229,434533
481232,418898
481235,749122
481239,821321
481250,848845
481257,495596
481272,410491
481273,784854
481278,420024
481310,581311
481311,389213
481314,872607
481319,812914
481332,488124
481334,736440
481335,819533
481355,558422
481368,872892
481377,578300
481384,498085
481386,523656
481387,501994
481390,870668
481391,495437
481392,801643
481411,873277
481433,776733
481437,473566
481443,419900
481449,871014
481449,424641
481450,529606
481453,530318
481454,751639
481458,755284
481465,519403
481466,859085
481474,573371
481478,394438
481481,557742
481481,795814
481491,764425
481497,408282
481512,853733
481528,523058
481530,872574
481534,561178
481542,789312
481551,808589
481558,405504
481564,282686
481565,872352
481590,760387
481598,495839
481598,349153
481599,383561
481600,871681
481601,509564
481602,771163
481615,286612
481616,296727
481620,745364
481624,495435
481624,404561
481626,493393
481637,403724
481647,783190
481650,525663
481668,411559
481669,754085
481669,421131
481688,850811
481702,732320
481747,421819
481778,872058
481781,573628
481781,496270
481782,507095
481787,173307
481804,774636
481809,485243
481812,763693
481816,909225
481819,566489
481822,735744
481825,742833
481833,495057
481834,398550
481835,401071
481843,872422
481846,862968
481852,509803
481857,334983
481870,474582
481873,415237
481873,415200
481874,494178
481885,543432
481893,794318
481897,452749
481897,390761
481899,516535
481902,427817
481906,575011
481918,489154
481930,496360
481942,874928
481947,425645
481949,430644
481950,391634
481963,323500
481975,496525
481978,523893
481996,399542
482011,496206
482013,494709
482021,599844
482024,770655
482026,566085
482040,421266
482041,495791
482051,488555
482053,889043
482055,421036
482058,516464
482070,516074
482081,412693
482082,527841
482085,519626
482085,544349
482091,496002
482103,497814
482107,407873
482110,425064
482121,495092
482123,495348
482124,751959
482130,498354
482136,768249
482157,498064
482158,571733
482160,372010
482172,425087
482176,198645
482191,418924
482192,424326
482207,778019
482210,517368
482219,489901
482230,497028
482234,745737
482234,344621
482242,408397
482250,497276
482263,781691
482271,563795
482278,734773
482284,744609
482284,534873
482309,745169
482314,497927
482315,534636
482315,493369
482316,496622
482317,766327
482317,575509
482327,413568
482336,544283
482341,372989
482355,863985
482357,497798
482358,497513
482363,420800
482367,412627
482373,483038
482377,520490
482378,495616
482379,497217
482384,569346
482393,546420
482394,487366
482395,765498
482401,514912
482418,516509
482419,551148
482426,496874
482428,517219
482429,754023
482431,554364
482454,471777
482455,499158
482455,410192
482457,495968
482467,454415
482472,517390
482480,419531
482485,421195
482493,405625
482497,496252
482498,565986
482505,495429
482517,533365
482538,426849
482544,421952
482545,399341
482547,567494
482571,544503
482584,799869
482605,401805
482606,543066
482607,409395
482628,495345
482631,505306
482634,409569
482652,494620
482657,502478
482660,494069
482662,406866
482666,497511
482669,498176
482670,131780
482686,500442
482690,509748
482691,493165
482692,501144
482694,777370
482702,494667
482703,402157
482723,494523
482724,493400
482725,582426
482729,407243
482729,769806
482732,600009
482740,555758
482754,742641
482755,511166
482760,496232
482767,416474
482767,592750
482771,293412
482780,753414
482783,766758
482792,402882
482796,736284
482802,413301
482803,430312
482803,526147
482807,304762
482816,400611
482832,736572
482838,423047
482844,495748
482848,779160
482854,757710
482860,496211
482869,515985
482881,812535
482884,495045
482885,821200
482900,409036
482910,497538
482914,418947
482915,496174
482919,492558
482924,427172
482936,761306
482938,499059
482944,784021
482952,420534
482965,498581
482967,385368
482970,571832
482972,520275
482987,419830
482988,533060
482996,771569
482997,416743
483001,404856
483008,370534
483010,735237
483010,499350
483018,416242
483021,404748
483025,494346
483036,400359
483038,432011
483040,415944
483046,497261
483049,494523
483050,859427
483067,409641
483069,552674
483072,496702
483073,400139
483073,493975
483074,560876
483079,495270
483082,788718
483083,729434
483088,500101
483090,589092
483096,402654
483102,499106
483107,413195
483113,495507
483114,563080
483123,792786
483125,496084
483127,498904
483129,515185
483130,494327
483139,492993
483144,493220
483144,492355
483145,403244
483159,402881
483165,498450
483165,452732
483169,496617
483170,415718
483170,499028
483173,496463
483177,535818
483184,423562
483185,751861
483186,419276
483186,790918
483193,367784
483193,495074
483202,398457
483206,497779
483209,510712
483211,496338
483213,498081
483218,495536
483221,498352
483225,495576
483232,747425
483232,497605
483238,574560
483241,497630
483242,565412
483260,491903
483264,455960
483268,496208
483274,494536
483276,496936
483277,402659
483278,400903
483292,451159
483301,496328
483308,489219
483316,410502
483318,498782
483319,849255
483319,413923
483319,471398
483325,407272
483328,497921
483354,401528
483365,494329
483366,493452
483370,569941
483370,495058
483373,496817
483376,497340
483380,301196
483382,521885
483402,450868
483408,495250
483413,497071
483417,777651
483418,456237
483426,494524
483430,493888
483431,494618
483438,494380
483442,496957
483449,494254
483458,494275
483461,828465
483463,494906
483466,498625
483466,402467
483471,430573
483472,720995
483473,496771
483480,495571
483483,499096
483485,748103
483486,798432
483491,498324
483498,497393
483500,790640
483501,487349
483509,497507
483516,414350
483516,576785
483520,498646
483521,493804
483532,548175
483532,498368
483540,498525
483544,497048
483545,498617
483546,495216
483551,496166
483560,494066
483560,784607
483566,514734
483567,587884
483567,494921
483574,495900
483580,498033
483584,533957
483596,496468
483598,526931
483601,499614
483601,306919
483605,497787
483605,402306
483617,494048
483618,496201
483619,417618
483626,498381
483641,496866
483644,315509
483657,416366
483659,495815
483661,497314
483661,496930
483665,836727
483672,498503
483679,410618
483684,887253
483684,493319
483684,710888
483686,470820
483692,777859
483693,767859
483694,495001
483698,498138
483702,552050
483705,499917
483713,496451
483717,311358
483720,888686
483722,497652
483733,496997
483739,412441
483745,505645
483746,500919
483754,495458
483754,535344
483759,234564
483766,495507
483773,508747
483779,494490
483787,404715
483787,497731
483788,497947
483792,413224
483795,491614
483804,496117
483810,497287
483812,496907
483815,422989
483823,500763
483842,496035
483846,424161
483846,496378
483849,259441
483851,778878
483856,530730
483859,495139
483859,499395
483864,400411
483865,496015
483869,496091
483875,407218
483884,800048
483885,497992
483888,496326
483890,496537
483895,777193
483896,495552
483898,497505
483899,610980
483902,777473
483904,496844
483905,541676
483906,493895
483907,462175
483909,553492
483911,496946
483912,498652
483914,496971
483921,496764
483922,495118
483923,495532
483923,496171
483927,172543
483937,410203
483943,494988
483943,498886
483944,495874
483954,411621
483955,494465
483955,384928
483959,499981
483962,495057
483968,496246
483968,494463
483974,498000
483974,496096
483976,496825
483977,498015
483977,496831
483982,289943
483982,365830
483983,497572
483984,497563
483984,495055
483985,788959
483990,412846
483992,493107
483995,496757
483997,422776
484000,492899
484000,492940
484001,495892
484001,497042
484004,497887
484008,415799
484013,549266
484028,500358
484028,495530
484032,493420
484035,495091
484038,494820
484038,494336
484040,761987
484047,526928
484053,498677
484053,761037
484059,494296
484060,495887
484062,497075
484064,496966
484067,495657
484068,495821
484081,496998
484081,549646
484082,411786
484085,496152
484093,415737
484101,528261
484106,782587
484111,421584
484111,500154
484113,414262
484115,505377
484115,495926
484115,491534
484118,516195
484119,497274
484119,495631
484126,495842
484134,498759
484137,488418
484140,229493
484141,499284
484141,493530
484143,807288
484143,498638
484144,420886
484144,764053
484144,498587
484149,498399
484152,498056
484152,425676
484157,499461
484158,413108
484160,422549
484161,495964
484162,424566
484163,497768
484165,496207
484167,529213
484167,494417
484170,782483
484171,904652
484175,411133
484177,495478
484179,442522
484183,497127
484187,497601
484192,490327
484196,498294
484197,496290
484201,418216
484201,495849
484211,406844
484219,495681
484226,389334
484228,498040
484228,532532
484229,497004
484233,518907
484233,774627
484236,409863
484236,498537
484237,508444
484243,499721
484244,495123
484245,494791
484246,494984
484254,492081
484256,528440
484256,494781
484256,498793
484257,496009
484262,494887
484274,495858
484274,499524
484274,417879
484290,759595
484290,495926
484291,495715
484292,496298
484300,496157
484300,495350
484301,496876
484301,499899
484312,509711
484321,493747
484324,423704
484329,774860
484330,495796
484331,754112
484338,496415
484344,756624
484347,493377
484348,791324
484350,497598
484352,494913
484356,498632
484356,496051
484357,494415
484358,590714
484360,418157
484360,497890
484360,494829
484362,496363
484362,431053
484362,444493
484367,499950
484368,495287
484370,495292
484383,495532
484384,487354
484384,493820
484385,495276
484392,497159
484393,496287
484394,497000
484394,725446
484397,497417
484403,534747
484405,496361
484409,496532
484409,498847
484409,492988
484412,495328
484413,819915
484415,604459
484415,498197
484419,435088
484421,496244
484422,429090
484425,494729
484434,498176
484434,501835
484440,410694
484440,586567
484441,497147
484443,777874
484447,494814
484450,391966
484458,497808
484460,497966
484462,496691
484463,494769
484466,497008
484466,495261
484467,496687
484468,494488
484468,490602
484469,497250
484473,414986
484474,497131
484475,497292
484476,413762
484480,399798
484480,396295
484482,496766
484483,581864
484484,494825
484488,496588
484491,240087
484493,499509
484501,493647
484502,493096
484507,510798
484508,549311
484515,419833
484515,746721
484515,572646
484517,498301
484520,495486
484521,497411
484524,496201
484527,411842
484531,498353
484535,498830
484539,807067
484541,770824
484545,495787
484548,493924
484548,496803
484548,513735
484549,424857
484549,437234
484550,403182
484551,495165
484561,454086
484565,496214
484566,301283
484566,496580
484567,817333
484570,493858
484574,494299
484574,416409
484577,495534
484577,496808
484577,496928
484581,497616
484581,495501
484582,404209
484582,532354
484582,497431
484584,495786
484585,494627
484587,497446
484593,496314
484596,496690
484602,509216
484603,518975
484603,541395
484603,499073
484604,496196
484609,496817
484610,497494
484613,499626
484615,408822
484617,496705
484620,520237
484621,500006
484622,561152
484624,496801
484625,495943
484625,495212
484626,494447
484628,498297
484628,495420
484629,496122
484630,418462
484632,755073
484632,496301
484634,449347
484634,499346
484636,492049
484638,496942
484639,495891
484639,496855
484641,494295
484643,494760
484653,495865
484654,782103
484655,501086
484656,497152
484657,495598
484659,496692
484664,494367
484665,498231
484665,494642
484670,417072
484671,498984
484671,497549
484672,495012
484672,494476
484673,494938
484673,497294
484676,406990
484676,496459
484677,494993
484678,414394
484678,497479
484679,494963
484679,496642
484680,409612
484684,498064
484687,516314
484687,832857
484693,425242
484696,496615
484697,496665
484699,498419
484703,500247
484704,495781
484705,498519
484708,496628
484709,499020
484711,183638
484712,494984
484712,580983
484713,496888
484720,496317
484721,497278
484722,496391
484726,497506
484726,498357
484729,494168
484731,499281
484731,495311
484735,497299
484739,470685
484740,409699
484742,497929
484744,494470
484746,495968
484747,499421
484748,406801
484749,497345
484754,406202
484756,496226
484758,495867
484759,495749
484759,495413
484760,494363
484767,496592
484773,493940
484773,497422
484777,449842
484778,497069
484781,549532
484782,496863
484783,417785
484787,495637
484788,493652
484789,496731
484796,592322
484800,742622
484823,782869
484825,495328
484826,498762
484826,497859
484827,498214
484830,494891
484830,495470
484833,493738
484841,773831
484842,496988
484846,497245
484847,415941
484856,795497
484856,494980
484857,495446
484861,407609
484867,497287
484867,415182
484869,766281
484870,523855
484870,495791
484872,817538
484878,492100
484880,499354
484882,497958
484882,497193
484886,496504
484886,492809
484887,496430
484887,494416
484890,495439
484893,240993
484901,510933
484903,497076
484908,495108
484909,519210
484912,795074
484920,496805
484921,498753
484923,431681
484923,533703
484925,498402
484926,495270
484928,495270
484933,377133
484937,533924
484937,577947
484937,410714
484941,305636
484944,498338
484946,495787
484949,492657
484950,498998
484952,498835
484960,770818
484960,494514
484962,454574
484966,496876
484968,497209
484971,499808
484972,417677
484972,493677
484975,498201
484976,497603
484979,351113
484983,599874
484984,498441
484990,418814
484991,188165
484993,498289
484993,498495
485002,497724
485003,518328
485006,749390
485011,497209
485011,601730
485013,496727
485014,495007
485016,495521
485017,493790
485020,502364
485023,496785
485023,497840
485027,494443
485029,421541
485036,494351
485042,362728
485042,498030
485045,495895
485046,498343
485047,495368
485050,494489
485050,496263
485052,499447
485052,496885
485056,413846
485057,495132
485058,422122
485058,408587
485063,534972
485064,516745
485066,498342
485066,497407
485071,412378
485077,497635
485077,541699
485078,499048
485080,495614
485082,495911
485082,495311
485084,498539
485087,205926
485090,495108
485091,498479
485093,413407
485094,354372
485098,744643
485102,492171
485102,497301
485112,497578
485114,495262
485115,497842
485129,494977
485130,497463
485130,500453
485133,496937
485135,380318
485138,578436
485138,495852
485142,494986
485143,786736
485144,380399
485145,495353
485148,495825
485148,496839
485149,498095
485152,496185
485154,494906
485156,496441
485156,418357
485157,498818
485160,496580
485162,775996
485174,501759
485176,496235
485178,495262
485179,497749
485180,497776
485181,232276
485183,417021
485187,498454
485195,770949
485197,494439
485197,497657
485203,453705
485205,495159
485211,788513
485211,495956
485214,507728
485214,567855
485218,494318
485219,494119
485221,507722
485223,496549
485227,494927
485227,497971
485227,498862
485228,497901
485229,496597
485230,497983
485233,406519
485241,495606
485241,495919
485243,420109
485246,494897
485246,750194
485250,494649
485250,493700
485256,422035
485258,497381
485261,496279
485263,418891
485264,418525
485266,572358
485267,500398
485269,494406
485272,497036
485277,497759
485277,496133
485278,497350
485278,495923
485281,500913
485284,499419
485287,498212
485289,866940
485290,497731
485291,498527
485293,496694
485295,499623
485295,830275
485296,491470
485298,369364
485301,496603
485303,497623
485316,497854
485317,500521
485318,498440
485322,500704
485326,494417
485330,497618
485331,491814
485333,494438
485335,495791
485336,493777
485337,495792
485338,495470
485340,544663
485340,409242
485341,496541
485346,401871
485347,789793
485348,497810
485354,496738
485355,794195
485355,496449
485357,496526
485359,493725
485364,499763
485369,495996
485369,497192
485369,496072
485369,495519
485370,551934
485374,496132
485374,494900
485374,497623
485376,496647
485377,497024
485379,803803
485381,553490
485383,496174
485384,495089
485385,496497
485392,494023
485392,493774
485395,496881
485397,496277
485404,495861
485407,497042
485412,500273
485413,499766
485414,498631
485416,491175
485417,493372
485420,498258
485426,719767
485426,519979
485427,498010
485428,721382
485428,497177
485429,497834
485430,497668
485433,496256
485436,497489
485439,498556
485440,500331
485441,500895
485444,409095
485444,494232
485447,493803
485447,480381
485452,497218
485452,504761
485453,495622
485454,496609
485458,493904
485461,494581
485461,305120
485462,400413
485464,496125
485465,499524
485468,495505
485470,499037
485473,495962
485478,373224
485478,497388
485483,425265
485483,494839
485484,305919
485485,576975
485487,495293
485489,498904
485491,496915
485492,496644
485492,497369
485494,494984
485502,496757
485505,494887
485509,498006
485511,539185
485513,497306
485514,497152
485515,541794
485516,494069
485517,495581
485517,795241
485520,497497
485525,417003
485531,499780
485531,800095
485532,512374
485532,489221
485540,492031
485543,496299
485543,378707
485546,375341
485548,472544
485551,573267
485551,496844
485553,494647
485557,816830
485560,496396
485563,497359
485564,497210
485564,496749
485564,494635
485565,494484
485566,496381
485567,493291
485568,497499
485570,498024
485570,494333
485579,495306
485580,737330
485581,497673
485581,497786
485581,507279
485583,498246
485586,497912
485587,494628
485587,405651
485589,499475
485596,497431
485596,496294
485598,498322
485600,496832
485601,417242
485602,413559
485604,497214
485604,494672
485606,495675
485610,496962
485610,495605
485611,497083
485619,494436
485622,496868
485624,496256
485624,737520
485626,497232
485631,498241
485633,597759
485635,494120
485637,496024
485637,589603
485638,496787
485643,495223
485645,497358
485646,496944
485648,497422
485651,494566
485651,496350
485652,496157
485653,498524
485657,495704
485663,495360
485666,498461
485668,497759
485670,498277
485670,499519
485673,473120
485681,494811
485685,456694
485687,497740
485687,497368
485687,496709
485687,603471
485691,495881
485699,494793
485699,499867
485700,493813
485703,497991
485703,493227
485705,497654
485705,494485
485706,495339
485707,496902
485708,415718
485709,407522
485710,498905
485712,498735
485713,495401
485717,494348
485720,497784
485723,493359
485723,497135
485727,496461
485730,496634
485731,495862
485734,493547
485735,499090
485736,497479
485739,556789
485745,495277
485746,539326
485746,401644
485747,496388
485749,496884
485750,749140
485752,496121
485753,494309
485757,497106
485761,494934
485763,498544
485765,578849
485770,498108
485771,497544
485772,495657
485774,496386
485777,496853
485778,468205
485781,494588
485784,498880
485788,496883
485790,496079
485791,497676
485792,494327
485792,496598
485792,497330
485798,493503
485798,496134
485800,494377
485800,494751
485801,495127
485802,497602
485809,496441
485809,499648
485810,497547
485811,496172
485814,500337
485814,412710
485815,495265
485819,497988
485822,478041
485826,497039
485828,495965
485828,497965
485830,495267
485830,482844
485832,497640
485833,496799
485835,495812
485836,783829
485837,812596
485841,496108
485848,496547
485850,496145
485851,413816
485852,497680
485853,494028
485854,805945
485855,497650
485861,495090
485861,494988
485862,494872
485862,498060
485863,495822
485864,496726
485865,499364
485865,495139
485866,496175
485866,407417
485867,496164
485868,494094
485872,496345
485875,498280
485877,497261
485878,406330
485879,419220
485879,496255
485879,495715
485880,498203
485880,498228
485881,558545
485883,494466
485885,737786
485887,494816
485889,496416
485895,494440
485899,570185
485901,499230
485901,495811
485902,496333
485903,498298
485908,493745
485908,583177
485912,209750
485913,394692
485914,549686
485915,807044
485917,493576
485918,496442
485921,497022
485923,497867
485925,500994
485926,493490
485928,495554
485931,511752
485931,493089
485931,794193
485937,498093
485939,490449
485939,411796
485942,495654
485944,495767
485949,497830
485950,497585
485953,497307
485955,499211
485956,420283
485957,496819
485959,496399
485959,497884
485961,494640
485961,497660
485962,488429
485963,495965
485965,494900
485966,241020
485966,496272
485970,499798
485972,498392
485972,496503
485973,495098
485974,558035
485975,496857
485980,498737
485981,499600
485982,495582
485984,496260
485985,496331
485987,494074
485988,496792
485992,416859
485994,490272
485995,499139
485997,497428
485998,498458
485998,495271
485998,397022
486000,371580
486001,498517
486003,495490
486004,498998
486004,406908
486006,422724
486008,495260
486011,496797
486011,497325
486013,497680
486014,761386
486018,498547
486018,497121
486019,418642
486020,496666
486022,496769
486023,500024
486024,501098
486030,497901
486031,831284
486032,494617
486036,495538
486036,496975
486037,234925
486038,494488
486038,498858
486039,494822
486039,494034
486039,589537
486041,498886
486041,498789
486042,496986
486045,498263
486046,565299
486047,499537
486048,383033
486048,494059
486049,408086
486051,498581
486054,495376
486057,497228
486058,499188
486058,495682
486059,495930
486060,547193
486060,504443
486065,494094
486067,793744
486069,497159
486072,409136
486073,497298
486076,497733
486077,496721
486077,404191
486077,401495
486080,495600
486081,522437
486081,495530
486082,496326
486084,414299
486086,496586
486086,411879
486087,495961
486087,493961
486089,497393
486093,494852
486094,834738
486099,173341
486101,520609
486101,398022
486102,498084
486108,495639
486109,496150
486110,495320
486112,429932
486112,330188
486114,495892
486116,496199
486116,494530
486118,495746
486119,413509
486119,497703
486123,497857
486123,497191
486126,495762
486133,757896
486134,581151
486134,495780
486136,497541
486136,498827
486138,413919
486139,496105
486142,496181
486142,497815
486145,500644
486147,496181
486148,497991
486149,403592
486154,496575
486156,500270
486162,494121
486168,496290
486168,494612
486171,496471
486174,497087
486178,496145
486180,496345
486182,494597
486184,792119
486184,497022
486185,495290
486186,491063
486186,495276
486188,494027
486197,495691
486202,497855
486203,495165
486204,496617
486205,495477
486207,498644
486208,497491
486209,497409
486209,494592
486210,511638
486213,769316
486213,498037
486216,424005
486218,495906
486219,496957
486219,393382
486221,495085
486224,515921
486225,498927
486225,495427
486228,499543
486229,486845
486230,494854
486231,590221
486235,496296
486235,494399
486241,497986
486241,497980
486242,493778
486246,495672
486248,498740
486249,495609
486254,411717
486255,495176
486255,497540
486259,495751
486262,497305
486263,498518
486264,495972
486264,498352
486267,501281
486269,493523
486275,495488
486278,497494
486279,497228
486280,458365
486280,495845
486282,496213
486282,345430
486285,498766
486288,498067
486289,495278
486290,499344
486291,421762
486291,413774
486292,496142
486293,494952
486293,837101
486295,466515
486299,769255
486299,494373
486301,495407
486303,496472
486304,496623
486308,498795
486313,495261
486313,493994
486316,494693
486317,439464
486318,411832
486323,510588
486325,496836
486326,497101
486326,497928
486327,502286
486331,496101
486331,497858
486333,495961
486334,497014
486334,498687
486335,495444
486335,496012
486336,499587
486337,496566
486337,598262
486339,499518
486340,495131
486347,590968
486349,495319
486352,498841
486353,491930
486354,500864
486354,492262
486355,498008
486355,494570
486355,496816
486359,496023
486361,514125
486363,498955
486370,596199
486370,495860
486371,493326
486372,495911
486373,495155
486377,497951
486379,414376
486385,497152
486389,409404
486389,406665
486392,487178
486394,494846
486394,494873
486395,495372
486396,494713
486396,321594
486397,496027
486398,409338
486400,567584
486400,496115
486404,479008
486405,496933
486405,496187
486405,494989
486406,496470
486409,495176
486410,498245
486410,496253
486411,496219
486412,421278
486412,495367
486414,500161
486415,487243
486418,495521
486419,498859
486422,495705
486423,813713
486426,493751
486426,498614
486427,500693
486427,493180
486427,504068
486428,235096
486430,493167
486430,493890
486433,495935
486435,495303
486437,415258
486438,497034
486438,498458
486440,499046
486440,495910
486442,548349
486444,496677
486446,495240
486449,496964
486450,498500
486450,787648
486453,493351
486453,426283
486456,481482
486456,493115
486457,496342
486457,494881
486459,498305
486460,868538
486463,498328
486463,496584
486468,787959
486472,495133
486472,793717
486476,496868
486477,498109
486477,495042
486479,496917
486482,884661
486485,494788
486491,409205
486497,495310
486500,492214
486500,494822
486504,495946
486506,497501
486509,415191
486509,497581
486510,492980
486511,497546
486511,496384
486511,496243
486513,495370
486513,495966
486515,411992
486517,496256
486520,516462
486522,499417
486522,494445
486523,496730
486524,499214
486526,498216
486528,531417
486528,495373
486530,541370
486534,497592
486535,495557
486537,497142
486537,778702
486542,754883
486550,497868
486551,492764
486551,847819
486553,497927
486554,495619
486555,494166
486556,498704
486558,494199
486558,498789
486562,493020
486564,416799
486565,506309
486567,497533
486567,495547
486568,494886
486569,499062
486574,497170
486575,495590
486576,498317
486578,492591
486585,492891
486589,396492
486590,509899
486591,494280
486592,493822
486593,494747
486594,411662
486595,498039
486596,493506
486596,496798
486597,498943
486598,447488
486599,497741
486600,497307
486601,425086
486601,500910
486601,513789
486603,499394
486607,496779
486607,498050
486610,498331
486611,495912
486612,495698
486612,569167
486613,498310
486616,494612
486617,498445
486623,495654
486623,497373
486624,783031
486626,497083
486628,496611
486628,497101
486630,494781
486631,500099
486632,494651
486635,432204
486636,496878
486638,499605
486638,495304
486640,498007
486641,495195
486641,497155
486643,497405
486645,494653
486654,495515
486657,496507
486662,495354
486666,497386
486668,499749
486669,498000
486670,495111
486672,496286
486673,407014
486674,498196
486677,498459
486679,495852
486682,495592
486684,445383
486685,547643
486687,496724
486687,494894
486688,498016
486689,494824
486689,498953
486690,494671
486691,506725
486691,525889
486691,394210
486691,417934
486700,499545
486701,496804
486704,498532
486705,501293
486705,496598
486705,493776
486706,496488
486706,495303
486709,497464
486710,493735
486710,495111
486713,497047
486713,498402
486716,496070
486716,559617
486719,495946
486721,401462
486723,495314
486724,497199
486724,498024
486725,536322
486726,496327
486727,494725
486728,499034
486730,772986
486731,418432
486736,497448
486736,495032
486738,499978
486738,496567
486739,495909
486743,495933
486743,493669
486743,494972
486744,496836
486745,399403
486746,498612
486746,497013
486747,494049
486750,495612
486753,391824
486754,496933
486754,497099
486755,397714
486756,498401
486757,494730
486761,404538
486762,499769
486763,494028
486763,496645
486764,493840
486765,583581
486765,882972
486767,405167
486768,495055
486769,501492
486771,496580
486771,498515
486772,420296
486773,493916
486775,496673
486776,495067
486778,499787
486780,526647
486785,496241
486786,498707
486787,493675
486790,401018
486794,497189
486795,494875
486795,495102
486798,497491
486799,499011
486803,498330
486804,495932
486804,495413
486804,493717
486805,496152
486805,428694
486806,495403
486807,496891
486808,497925
486812,496855
486815,215301
486815,496869
486816,463931
486817,764821
486819,394945
486820,497053
486821,494407
486827,515957
486828,495286
486828,495620
486829,496874
486830,403632
486830,497377
486832,493806
486832,411692
486833,493714
486839,485358
486840,499249
486844,497231
486848,494421
486849,496281
486850,497409
486851,494440
486853,497494
486855,496598
486857,498620
486860,493064
486860,495685
486860,409774
486861,399260
486862,495529
486865,495175
486866,404295
486867,794354
486868,497558
486869,404267
486871,550596
486871,495515
486872,494854
486873,495777
486875,493811
486878,496372
486878,396492
486878,496080
486880,493450
486884,495848
486885,496654
486885,494008
486893,495471
486895,495506
486896,793112
486899,496455
486900,494436
486902,504777
486906,495652
486908,498585
486912,495444
486916,496494
486921,568937
486922,495195
486923,497274
486930,497457
486933,496020
486934,500140
486934,497805
486934,499259
486939,495266
486940,805887
486940,499498
486943,495213
486944,496475
486945,496131
486946,414220
486947,496780
486949,496228
486950,496122
486953,433498
486954,495617
486954,495511
486962,494862
486963,494949
486965,530389
486965,495424
486966,495534
486967,497677
486969,495935
486970,492576
486972,497096
486976,498803
486979,298935
486980,900955
486984,495666
486987,781726
486989,495227
486990,492601
486990,493955
486991,401367
486991,420959
486992,497206
486993,492160
486993,495365
486994,495527
486994,484104
486995,499330
486996,495613
486998,496507
486998,498251
486998,495120
487000,495814
487001,498266
487001,498320
487006,489099
487006,398858
487006,497309
487007,495372
487011,495069
487011,452481
487012,554606
487013,497175
487013,496487
487016,500435
487016,494417
487017,403928
487018,404755
487019,558403
487024,496798
487024,498566
487031,496701
487031,496961
487032,400240
487033,497161
487033,569599
487033,495262
487038,498040
487041,496695
487042,497787
487043,494913
487043,497586
487047,500749
487048,766292
487049,823054
487053,498135
487055,497611
487056,494585
487058,493388
487058,492716
487060,497502
487061,414985
487065,403230
487067,497319
487068,496773
487070,498985
487075,494077
487078,494799
487081,496464
487082,497698
487083,495703
487086,497988
487088,522085
487088,496696
487088,496837
487091,497139
487091,497281
487091,496631
487092,493556
487092,807455
487097,497935
487098,805529
487098,492848
487099,498147
487102,496173
487102,498001
487104,495199
487105,497727
487105,496075
487110,496397
487116,497511
487116,493686
487120,796906
487120,500434
487121,498069
487124,497338
487124,416850
487125,499527
487125,498093
487126,494922
487126,497589
487127,375247
487130,496321
487131,794931
487133,497643
487136,492622
487138,496655
487139,497836
487140,498372
487140,533413
487143,546754
487143,495251
487143,495238
487145,496998
487147,773615
487148,495700
487149,496910
487155,498049
487155,496744
487157,496163
487164,498636
487164,496173
487166,493935
487167,498208
487168,309706
487168,495876
487169,494517
487169,497359
487171,497035
487172,497905
487174,497782
487176,492838
487177,498343
487177,494419
487178,497227
487180,416814
487181,497349
487184,499729
487184,496393
487185,497782
487187,499951
487187,309255
487187,494275
487188,494685
487190,498471
487197,498539
487200,497009
487205,762198
487205,495266
487208,771612
487209,496542
487210,411979
487211,524092
487212,496366
487214,497741
487215,757499
487216,497748
487219,496868
487221,527684
487223,495066
487224,531752
487224,415035
487224,495487
487226,495366
487227,500223
487231,495298
487232,496721
487234,494123
487236,493511
487236,498251
487238,500779
487239,496008
487242,494509
487244,494510
487244,496920
487247,495644
487248,408881
487249,498592
487251,495614
487253,497080
487261,414640
487263,589311
487264,498174
487265,496123
487266,494263
487268,493218
487272,492678
487275,826869
487279,495765
487279,498245
487281,401720
487281,496432
487283,496225
487285,497252
487287,524928
487287,494724
487291,497821
487292,496858
487293,497901
487296,437065
487297,497875
487297,496491
487299,791026
487303,498220
487303,795840
487308,494413
487311,495898
487312,498437
487316,498688
487320,496156
487321,498368
487322,496351
487324,765538
487325,497932
487327,499765
487330,438569
487330,496591
487331,339371
487333,496925
487333,744879
487334,496992
487337,495855
487342,497310
487345,494542
487347,498635
487351,498136
487353,498159
487359,497112
487363,496494
487364,411240
487365,498009
487366,763699
487367,493382
487369,495355
487373,495174
487376,498617
487380,409921
487386,494259
487388,526970
487388,308735
487389,496802
487390,497644
487390,493690
487393,496672
487395,497459
487396,495515
487402,499275
487406,499009
487408,497719
487408,345335
487409,499514
487410,498882
487412,495104
487413,790780
487414,425423
487416,418523
487416,742943
487417,497595
487419,579921
487419,496701
487420,497876
487421,496079
487422,560085
487423,497577
487425,493480
487427,498415
487431,498254
487433,753983
487435,496726
487435,782155
487435,495395
487437,495712
487438,491453
487438,495607
487439,495889
487440,494868
487442,526684
487442,496193
487443,310633
487446,497367
487447,494051
487447,465084
487447,499690
487449,417541
487450,511023
487450,493904
487452,497901
487454,500969
487454,495748
487459,430554
487459,517115
487460,492048
487462,497075
487462,746422
487464,540829
487465,219367
487466,494569
487467,495687
487468,494759
487468,496357
487469,526366
487471,423122
487472,487477
487473,766110
487476,717872
487477,497349
487479,495253
487481,496497
487481,410765
487483,498734
487486,525228
487490,496128
487491,499337
487491,495583
487494,743255
487495,569335
487495,495689
487496,822688
487497,494798
487498,496159
487502,494886
487506,495150
487506,497135
487507,497918
487512,492934
487513,395296
487515,523431
487516,418356
487516,494952
487517,493360
487522,496037
487526,492973
487528,496159
487531,495791
487533,495019
487535,496153
487537,493505
487539,495727
487539,498297
487540,497686
487541,495421
487543,497310
487546,495733
487549,496997
487549,751466
487555,496781
487555,494507
487556,580448
487557,496622
487558,494858
487558,496703
487559,404188
487560,484120
487560,496295
487562,497913
487562,550057
487565,497905
487567,495761
487567,497324
487568,327671
487568,496056
487571,495597
487574,724952
487576,497632
487576,209062
487578,501244
487580,495745
487581,496244
487583,496404
487589,496935
487596,496205
487600,472934
487601,495104
487603,496916
487604,407023
487606,548225
487607,497986
487609,495875
487611,339053
487613,496915
487613,496347
487613,495831
487613,403507
487622,320444
487626,499228
487626,495968
487627,497257
487630,493617
487636,497480
487638,496401
487638,604535
487642,494658
487643,500916
487645,413992
487648,495150
487649,494054
487650,494787
487654,499907
487656,496874
487659,499098
487660,494932
487660,413876
487660,495951
487662,422961
487664,499492
487664,494574
487666,496086
487669,626691
487674,494573
487677,493690
487678,500281
487678,496556
487683,498865
487685,497078
487686,495665
487687,476908
487700,760431
487701,807842
487701,494128
487705,427154
487705,516178
487709,394394
487713,543253
487713,499034
487714,500046
487720,498119
487723,495586
487723,496705
487724,407923
487727,493591
487732,393294
487736,493996
487736,395475
487739,497797
487739,496485
487740,495337
487742,496874
487744,412861
487744,496156
487752,403105
487762,497007
487763,421581
487765,496817
487768,497302
487771,510693
487771,451213
487773,493895
487777,498913
487779,499852
487779,498855
487779,497259
487784,496111
487788,498224
487796,495724
487799,498873
487799,496448
487805,496256
487818,495377
487818,496488
487821,405958
487822,498354
487827,498976
487829,493819
487835,442996
487839,790036
487843,324441
487846,497572
487849,412276
487853,494149
487854,496219
487855,417668
487857,494398
487865,512985
487867,497981
487867,495467
487875,335450
487878,496278
487880,787314
487880,498238
487881,434708
487882,421763
487884,497102
487890,498322
487890,308209
487892,497570
487894,493995
487894,496972
487895,498797
487898,257758
487898,563705
487899,495256
487900,496598
487904,495246
487905,494051
487908,497516
487911,199140
487911,400538
487914,767272
487914,496543
487917,495947
487920,510984
487926,596751
487926,496242
487929,495760
487932,422997
487936,205068
487936,495628
487939,496815
487942,494742
487945,425285
487947,495818
487947,495391
487949,504358
487954,496773
487954,493152
487960,495428
487963,495921
487964,496546
487965,419930
487965,498393
487969,495700
487969,495968
487972,496270
487972,497910
487975,785662
487978,496757
487985,819625
487994,494420
487994,496234
487996,496929
487996,820085
488004,494051
488008,497621
488011,467543
488011,134145
488013,492519
488018,407392
488019,495458
488020,423931
488022,498037
488023,495013
488025,497022
488031,498127
488031,497226
488032,834380
488033,498675
488034,495296
488034,492595
488038,498595
488042,495794
488042,494405
488044,496370
488045,497195
488047,497689
488049,763997
488054,771257
488054,496215
488056,514955
488066,496274
488067,497912
488072,494482
488073,848531
488074,537918
488075,496053
488076,498036
488077,495229
488078,496759
488083,497599
488086,402242
488093,496857
488094,766935
488097,421184
488101,520779
488103,494748
488106,496992
488108,452073
488108,498766
488117,495530
488124,400443
488125,409324
488126,497113
488127,499225
488128,494005
488128,495503
488131,420036
488136,226759
488136,496999
488143,496033
488144,498453
488144,496887
488150,495926
488150,497924
488150,541559
488157,497213
488157,408958
488158,496699
488162,497707
488163,556871
488165,495670
488165,769126
488168,416837
488169,555405
488170,496516
488173,495364
488174,497380
488176,774582
488181,417511
488184,544320
488185,497985
488185,494748
488187,494838
488187,603677
488192,497471
488193,417767
488194,497992
488195,504583
488198,501655
488201,496633
488202,834237
488206,407750
488208,496526
488208,498646
488218,324647
488218,769283
488219,495420
488223,462371
488223,496627
488224,753201
488227,497496
488228,496253
488228,492095
488233,495522
488234,494640
488240,497805
488243,392939
488249,497316
488251,496890
488251,500453
488253,496533
488258,466280
488267,495967
488271,817078
488271,496812
488272,495357
488275,496167
488278,496237
488279,498779
488281,497383
488283,421535
488287,496049
488288,494022
488288,786725
488294,497179
488294,496108
488297,493488
488297,466468
488299,449704
488299,497605
488300,497871
488303,495772
488304,315069
488315,409654
488320,497319
488321,495912
488322,499014
488326,495945
488326,496709
488333,497150
488335,495478
488341,496766
488342,772369
488343,777893
488345,497196
488346,497751
488348,497529
488350,496664
488350,410885
488351,494859
488351,496621
488352,498592
488353,497566
488357,495993
488369,496085
488371,403656
488371,183308
488372,517179
488375,533527
488376,493075
488379,495349
488383,403559
488389,495063
488392,496797
488395,739648
488397,496436
488399,938485
488400,415459
488400,408287
488401,500743
488403,496937
488405,498425
488406,465850
488409,503408
488416,496659
488427,410199
488427,496477
488434,494281
488437,498721
488438,494567
488440,494440
488444,496771
488446,440251
488446,494006
488447,498782
488448,494205
488448,497241
488454,494722
488454,497271
488456,785546
488456,496622
488457,497067
488458,415671
488461,497041
488462,499942
488462,499238
488462,496294
488462,497880
488463,492439
488464,407238
488466,538917
488473,218979
488478,403321
488480,496565
488483,496912
488486,502802
488495,804818
488497,404610
488497,495347
488498,486361
488498,497143
488498,492826
488499,495069
488500,497127
488501,498803
488502,498069
488503,553842
488503,494997
488506,497369
488508,495560
488508,499457
488508,496768
488511,494755
488512,516650
488513,497396
488516,408917
488517,497814
488518,493653
488519,469274
488523,496586
488524,776628
488527,523282
488530,496471
488533,495137
488534,442734
488534,495907
488536,306774
488540,403583
488543,495380
488545,497935
488547,874023
488549,498790
488550,495316
488557,499107
488559,515499
488562,446529
488563,495727
488569,493551
488577,497840
488577,498181
488579,844061
488582,495553
488582,497275
488585,781137
488587,780478
488592,496684
488596,587878
488597,497823
488598,499828
488609,492850
488613,497255
488615,740616
488618,496799
488618,498111
488622,497602
488623,495394
488623,495484
488624,407904
488624,389255
488628,538432
488628,405137
488629,499015
488636,499029
488637,497120
488637,498447
488638,495172
488640,496659
488642,494423
488642,535276
488644,498147
488646,565962
488647,497115
488649,497848
488658,498147
488665,445759
488666,739745
488667,741662
488670,416135
488670,505392
488671,493664
488672,493805
488676,496718
488678,415251
488681,416667
488684,497673
488685,497537
488686,738604
488689,411666
488694,493984
488695,409985
488696,773296
488697,416527
488698,495556
488702,497239
488706,412377
488716,497111
488717,408070
488718,498973
488719,414163
488719,499761
488722,525731
488722,493644
488737,494380
488737,494022
488746,495836
488753,497063
488753,784709
488757,495213
488758,492405
488759,498969
488764,497007
488764,292270
488764,496066
488765,307643
488768,562471
488775,500935
488775,493915
488777,497244
488778,529353
488780,500798
488784,499759
488789,498360
488792,497295
488796,495769
488801,498247
488802,494754
488803,493622
488809,444146
488826,495465
488827,499425
488829,500113
488830,303635
488838,497148
488846,497265
488847,495631
488849,362545
488850,495292
488856,496262
488857,414758
488860,429200
488861,498852
488867,429733
488870,524830
488870,496793
488877,422314
488878,494025
488879,494210
488880,414371
488880,390138
488885,418621
488890,383026
488891,493616
488895,497773
488898,602014
488907,296341
488919,753878
488925,447117
488928,496310
488928,909017
488931,495848
488933,496092
488934,127715
488934,422273
488935,418563
488939,455630
488945,498229
488947,395552
488949,497491
488960,498384
488960,495353
488965,493187
488966,493968
488970,795773
488972,499112
488974,499719
488976,307653
488976,496505
488977,497157
488979,498771
488979,496230
488980,499414
488984,494236
488985,496513
488985,496545
488996,496488
488999,495610
488999,496536
489004,798704
489005,556456
489005,193223
489006,504790
489010,528186
489011,566640
489013,414124
489013,522405
489017,496603
489024,498112
489025,498630
489031,432185
489031,549060
489035,494212
489038,497505
489046,499350
489047,807458
489053,498253
489054,495993
489058,497181
489059,551372
489068,499776
489068,495601
489072,495642
489076,410644
489088,769499
489093,787530
489094,495119
489097,496146
489101,499330
489106,488686
489107,571465
489109,187490
489112,501160
489114,307385
489122,583504
489131,395624
489138,495597
489139,499332
489141,496547
489146,755067
489146,756181
489150,411893
489150,495517
489155,776633
489160,517065
489164,413933
489166,410528
489167,418798
489172,496285
489172,217253
489174,497830
489177,428460
489181,497067
489183,763943
489184,416730
489188,496918
489191,488779
489195,459510
489206,534557
489212,499106
489213,440218
489216,496019
489222,553453
489223,495757
489223,494746
489223,445134
489225,406054
489226,421278
489226,496969
489232,494935
489235,492225
489240,498770
489241,498837
489244,745914
489247,402778
489250,496587
489256,497213
489262,495475
489264,493703
489268,495281
489272,393654
489279,399215
489281,526832
489284,497870
489284,402338
489284,812027
489287,746845
489287,411279
489292,526295
489292,560656
489292,412044
489294,452017
489294,430193
489297,496366
489297,412303
489303,496646
489306,401612
489306,496200
489310,409703
489317,497123
489319,739822
489325,297251
489326,497959
489326,419779
489328,436792
489331,490623
489343,447361
489349,494506
489351,801323
489352,423199
489356,414270
489356,497922
489356,820802
489367,551860
489368,495969
489371,438292
489372,495542
489378,493259
489383,496757
489386,407372
489387,497212
489387,416762
489393,498378
489395,498064
489403,441634
489405,459714
489405,412544
489405,784383
489408,742022
489409,496802
489413,751595
489416,497656
489419,416557
489425,399312
489436,495557
489437,496881
489449,494660
489453,476445
489454,462484
489455,499697
489464,497279
489465,498620
489467,493794
489472,495783
489475,217155
489480,476079
489482,419625
489484,499580
489508,495400
489508,496869
489513,384352
489514,486128
489517,496695
489521,417355
489530,498721
489531,455897
489534,499243
489536,497586
489537,441594
489543,497861
489543,496561
489554,433073
489558,499210
489559,412707
489566,428138
489567,219124
489574,754820
489576,850912
489580,414732
489581,789421
489588,788837
489588,501869
489594,498206
489596,499542
489597,891506
489602,413526
489602,795596
489604,496263
489611,464677
489612,497288
489618,536108
489624,495673
489624,791866
489634,771024
489644,422899
489662,800489
489673,501157
489680,406162
489681,498386
489687,592670
489688,493046
489696,401957
489728,494286
489736,525281
489746,812329
489748,495485
489756,496893
489756,305927
489760,492607
489763,397960
489770,584226
489777,418066
489785,527627
489790,494410
489795,491617
489798,498292
489816,494223
489817,724358
489819,417336
489823,569270
489831,435151
489835,942277
489838,486887
489839,214115
489844,771295
489845,495600
489845,430750
489866,403422
489866,547920
489868,497626
489871,593055
489875,417241
489876,404789
489877,152426
489877,494979
489879,406409
489879,496248
489884,196778
489890,775728
489897,764443
489897,383097
489901,491273
489902,453007
489904,296371
489912,495299
489916,396189
489916,542938
489925,362596
489930,424386
489938,440591
489939,412271
489944,392485
489944,420363
489945,434142
489945,724074
489949,427188
489950,859426
489957,497053
489959,530034
489969,415863
489975,507673
489977,429497
489984,459504
489985,409691
490002,497455
490003,405172
490006,500564
490006,780998
490007,495512
490010,396297
490010,496912
490011,381263
490014,312223
490025,532041
490032,513192
490034,313339
490035,743740
490038,436077
490041,781031
490043,581917
490070,741456
490071,381205
490077,493585
490080,503490
490080,393163
490081,498950
490088,505144
490094,477470
490094,536610
490104,845653
490108,343106
490117,521277
490122,498459
490129,197759
490148,520987
490148,494845
490150,586313
490154,421844
490155,417181
490164,739585
490169,499206
490170,414153
490171,627397
490190,395677
490197,383932
490204,499373
490204,733975
490210,414762
490215,467180
490218,495000
490221,821156
490225,404474
490229,497227
490231,495745
490231,494305
490239,789893
490240,417791
490249,497377
490264,498945
490265,495254
490270,409214
490283,510237
490284,762123
490284,766422
490292,404372
490294,763167
490296,413100
490297,447710
490305,409188
490313,487504
490315,491071
490319,751948
490324,328040
490327,400277
490333,421408
490336,508333
490342,771863
490352,496460
490358,466321
490362,563291
490381,453148
490389,402983
490391,901947
490392,412746
490404,498410
490408,402759
490411,446235
490416,418163
490419,598231
490421,814495
490429,612010
490430,792492
490431,405072
490439,513320
490448,413203
490454,494022
490462,423420
490466,331273
490476,466562
490480,394476
490482,370167
490482,500028
490488,467718
490488,403381
490491,510906
490492,529010
490494,496245
490494,454126
490496,509496
490504,496365
490509,375094
490511,412985
490519,428399
490552,504853
490558,499488
490567,406200
490569,497127
490576,442096
490589,759487
490591,406003
490600,424857
490610,400977
490625,417776
490628,499388
490639,413008
490645,753456
490652,498645
490655,554670
490666,554053
490673,507781
490678,495202
490679,440170
490685,782823
490687,213488
490687,495391
490690,583893
490699,499023
490700,609227
490700,298697
490707,410720
490721,502451
490727,428756
490748,434254
490754,412649
490756,400712
490762,825189
490763,398063
490770,497047
490774,448781
490781,410388
490785,424128
490787,418679
490788,451250
490797,480389
490811,423014
490822,405254
490825,411283
490825,240557
490830,812413
490836,786476
490842,555476
490855,435566
490858,396130
490859,499122
490863,494649
490865,378020
490875,502711
490891,750195
490893,493632
490900,404656
490910,303602
490918,400480
490918,414336
490922,198175
490926,445864
490929,525452
490937,414629
490939,561350
490939,511947
490968,798073
490976,489263
490976,761182
490977,396853
490995,772182
490996,755419
490997,498306
491003,539269
491005,420474
491007,684916
491012,156961
491024,452272
491025,766850
491034,417165
491043,415309
491045,422051
491046,445657
491049,556143
491056,516899
491063,217693
491070,509753
491071,292001
491077,418878
491077,500586
491095,524968
491098,417050
491099,365758
491108,560675
491110,560485
491113,302272
491121,494036
491128,222429
491142,179229
491146,451730
491146,404622
491154,413211
491154,592653
491154,423952
491161,545567
491166,398923
491167,919134
491172,493689
491185,371715
491200,534397
491208,615520
491218,389014
491219,509537
491222,404005
491225,521978
491228,496544
491230,436742
491230,542207
491232,430942
491260,811751
491270,400650
491281,424823
491294,534820
491295,313343
491302,497840
491310,807858
491313,317649
491320,718137
491325,518903
491338,401906
491365,405287
491379,446849
491381,496074
491383,495612
491386,510077
491390,411690
491397,789895
491397,773615
491399,458119
491405,734839
491411,503803
491424,470480
491425,420886
491432,422780
491441,477158
491443,497049
491443,439045
491451,466729
491452,514375
491452,417870
491462,784804
491464,780188
491473,420548
491478,543108
491481,542779
491487,447385
491489,411760
491499,257354
491504,847597
491509,747663
491509,181625
491520,479274
491531,436423
491535,897135
491547,801355
491558,508875
491566,496668
491567,762581
491570,416036
491575,435109
491575,560767
491579,497294
491600,435692
491603,212722
491604,383960
491613,445784
491614,484909
491617,517010
491621,587420
491624,499417
491625,778271
491626,428565
491628,391751
491630,219483
491666,408503
491671,418264
491677,395569
491681,779892
491698,747990
491702,497777
491712,416236
491713,178643
491716,412571
491721,449294
491728,365150
491732,402579
491734,301980
491741,515296
491747,416360
491747,244463
491754,407745
491757,427891
491768,414223
491768,402343
491770,407666
491781,410337
491788,769716
491790,411582
491793,794584
491800,790681
491813,431477
491814,406254
491820,418342
491824,429545
491834,400480
491835,501302
491841,478335
491846,398689
491847,417765
491847,873570
491849,414790
491849,405360
491851,440017
491854,408724
491862,587679
491876,476897
491876,429100
491878,776973
491889,385560
491904,407034
491904,838649
491905,585690
491905,774585
491910,920127
491914,755201
491920,607168
491922,371868
491926,445111
491935,413014
491938,416359
491939,400842
491941,404629
491944,778776
491945,484800
491946,146789
491952,431727
491957,422113
491958,509204
491958,494596
491972,527338
491993,534942
492018,358425
492022,470701
492045,392742
492048,549866
492049,518116
492053,512569
492071,564059
492083,413639
492092,588972
492093,414109
492097,556333
492105,532409
492106,515663
492110,421424
492120,430118
492125,402829
492135,430649
492151,429340
492161,404078
492166,777687
492170,773785
492171,424602
492174,407890
492190,212370
492193,404515
492215,909795
492215,384295
492218,395640
492220,455096
492226,324530
492229,402163
492245,558857
492255,405931
492259,178660
492261,766848
492262,396873
492276,408670
492282,303190
492293,174712
492305,389871
492316,499634
492327,427509
492331,411166
492333,407012
492335,763462
492343,409923
492364,296473
492372,410011
492376,457907
492378,838817
492379,755795
492379,760576
492381,404515
492382,433802
492384,404121
492394,469327
492409,510447
492412,532220
492412,458405
492417,774165
492420,420300
492421,419089
492425,749034
492432,531066
492445,744669
492455,415773
492464,615328
492465,750949
492466,408524
492468,751257
492470,730607
492472,299526
492479,430256
492485,408520
492485,547023
492489,411291
492493,784268
492500,432241
492500,894165
492508,418875
492523,456277
492527,555844
492533,765857
492535,412982
492561,324697
492564,160779
492565,473060
492571,403576
492574,454064
492576,409556
492577,453089
492586,407055
492586,495441
492589,412637
492593,758500
492600,424640
492611,781400
492615,426017
492616,851859
492620,333072
492631,405403
492636,221723
492637,485765
492649,444666
492650,721415
492651,408950
492652,411672
492662,411630
492670,561130
492687,404289
492687,780565
492690,510608
492698,587319
492720,524660
492727,534251
492727,452398
492742,428421
492749,392378
492757,436520
492775,399849
492780,766577
492782,307986
492785,416133
492789,366750
492791,408598
492791,902397
492805,510306
492808,419545
492825,404225
492826,401198
492844,413000
492873,414234
492875,487411
492877,418155
492885,424221
492886,414547
492886,558100
492888,801014
492892,413583
492892,439211
492897,402766
492921,594223
492932,416991
492951,295524
492954,750408
492957,448066
492959,810489
492966,406073
492974,786050
492978,432779
493000,510094
493007,412612
493009,407158
493019,493837
493024,785870
493041,912876
493042,392184
493043,396882
493044,566468
493051,443692
493051,567535
493061,568170
493064,398775
493069,222959
493092,385097
493092,431946
493096,553731
493110,450925
493114,412513
493125,400916
493128,430772
493145,918886
493156,515834
493159,492802
493170,373811
493174,404990
493175,442428
493176,772356
493183,580334
493185,772859
493189,391110
493191,419293
493198,782288
493198,467297
493202,802204
493207,523936
493216,433811
493216,385581
493222,451954
493241,485926
493243,451112
493244,399519
493249,447022
493251,414842
493251,431007
493262,302841
493266,408875
493276,411017
493276,445222
493285,400568
493301,573919
493311,538462
493311,434083
493314,587838
493315,896538
493321,454768
493334,424984
493340,750573
493341,725658
493342,401999
493367,335578
493368,482757
493372,442285
493380,514107
493384,429988
493391,770087
493396,462272
493403,440776
493404,525627
493416,423793
493419,418560
493431,476831
493431,405237
493433,418025
493439,520108
493450,413094
493453,586162
493455,415468
493463,422134
493466,488885
493468,454384
493474,469391
493477,849577
493478,828149
493488,353014
493488,545518
493489,384112
493492,405863
493494,756343
493499,564324
493501,539204
493513,768763
493515,548510
493528,379567
493530,409502
493540,515206
493542,402707
493555,415268
493563,870478
493563,792250
493572,794011
493576,167199
493578,795872
493584,409779
493588,444502
493604,423778
493607,407402
493616,802467
493616,595821
493622,516108
493629,505508
493631,424109
493632,574129
493638,531084
493640,475201
493641,492225
493648,384367
493649,421179
493655,559958
493656,413363
493656,767370
493658,437046
493658,770310
493662,419450
493675,383542
493716,409483
493726,408717
493726,825333
493731,467128
493740,504506
493746,412751
493748,777849
493749,783246
493756,809181
493761,391614
493766,406032
493778,442827
493781,760583
493785,510659
493787,758837
493789,434245
493827,436783
493829,567670
493841,503177
493848,422803
493871,627666
493874,463422
493880,546871
493883,471498
493883,501939
493883,411704
493888,446817
493898,335105
493898,440595
493901,396187
493902,214519
493904,852499
493905,587807
493913,456342
493924,448883
493934,409541
493935,750613
493939,218518
493940,402926
493941,209855
493942,413640
493945,581654
493946,844748
493947,777612
493948,412082
493968,806052
493972,532682
493973,388595
493986,400774
493992,823885
493993,380769
493995,213429
493996,179041
494016,578983
494028,494521
494034,564118
494037,427803
494042,498939
494076,449846
494084,578464
494085,426860
494091,520635
494092,778215
494097,540717
494106,830657
494107,393122
494108,495484
494114,609888
494117,388351
494125,411469
494137,422989
494139,412660
494141,505086
494142,401980
494152,510198
494158,372320
494161,752992
494162,411610
494162,532184
494167,761302
494169,522608
494173,764283
494184,415032
494191,795605
494196,551816
494197,421215
494210,415944
494216,407879
494218,400951
494222,426713
494225,554678
494228,406519
494233,413027
494235,431945
494239,306069
494241,365753
494242,191461
494246,418792
494248,447092
494261,457817
494262,326484
494264,443426
494274,706115
494275,205332
494283,416194
494285,187243
494285,472696
494288,409836
494297,415770
494308,549483
494312,441736
494325,460043
494338,414531
494338,425446
494347,746826
494356,316067
494359,776668
494361,413557
494369,401572
494373,400530
494379,555937
494391,764259
494398,506883
494402,418412
494404,537762
494410,760381
494421,408827
494422,424099
494429,415749
494438,447657
494442,399691
494449,772703
494452,795455
494455,418807
494465,412237
494468,496503
494470,597981
494480,843146
494481,569542
494486,441511
494490,405244
494491,406809
494493,419647
494506,809906
494513,504577
494518,404991
494520,505326
494521,463869
494530,424367
494532,493478
494534,401643
494539,411239
494540,409732
494543,428796
494565,490254
494568,400947
494582,784039
494591,461967
494593,452429
494602,729523
494605,402281
494610,416795
494611,581321
494616,420836
494617,423305
494618,356348
494621,427071
494621,419425
494624,730847
494658,396752
494664,433273
494677,709358
494677,411752
494678,798946
494678,403494
494681,806501
494684,836075
494701,408173
494706,562654
494706,494286
494719,378482
494720,398248
494731,460610
494732,135648
494737,428253
494738,454577
494749,542398
494752,483243
494758,406041
494763,849835
494764,515725
494766,790171
494771,450609
494772,453754
494776,792859
494778,315101
494796,419418
494797,409373
494806,563194
494811,172159
494817,396146
494838,412188
494844,420237
494854,761809
494858,494572
494862,749016
494871,548016
494875,514019
494879,404258
494882,546029
494892,528591
494898,416726
494904,765653
494910,411924
494911,407456
494917,498280
494918,416965
494923,580943
494931,822632
494931,784937
494947,411260
494949,553121
494960,417401
494970,418209
494975,391204
494978,406797
494991,448366
494992,806266
494994,582904
494998,451036
494999,394385
495003,838339
495011,544083
495032,436847
495049,207050
495064,897263
495065,405798
495069,401371
495077,407574
495081,409246
495092,575024
495092,802763
495092,392519
495103,445631
495106,401093
495106,447318
495121,416381
495137,406898
495137,446503
495142,429736
495148,534021
495158,482168
495159,416501
495163,720567
495178,443083
495191,495288
495192,466826
495195,422186
495196,404497
495198,784563
495200,812342
495202,440217
495202,425123
495209,532192
495213,542983
495223,808230
495229,411698
495231,300575
495237,573942
495240,419817
495251,428284
495258,390885
495260,407908
495261,805326
495265,419069
495268,422537
495269,571960
495270,452093
495279,409675
495280,406336
495281,208286
495284,934706
495291,413948
495292,530691
495313,489625
495313,443109
495323,527281
495323,329529
495330,504599
495338,430658
495342,297123
495342,374248
495350,306776
495350,578381
495371,443309
495382,520664
495382,431581
495385,830653
495392,798081
495399,452387
495402,756321
495405,779272
495406,777206
495409,405258
495412,910157
495414,412791
495416,446062
495438,776570
495440,807559
495441,409372
495443,391178
495445,447873
495447,176561
495452,885786
495458,483717
495462,440824
495464,778883
495464,449325
495480,533284
495503,473719
495506,537271
495511,881565
495512,526582
495514,388228
495522,403725
495524,550139
495525,435583
495534,441604
495543,429102
495550,520339
495552,344712
495569,557701
495570,512240
495577,433617
495592,428213
495600,281546
495604,397612
495606,501885
495609,451616
495631,389733
495640,784450
495646,370619
495649,747779
495660,392401
495674,450783
495687,790621
495695,409285
495696,447066
495697,484381
495698,776343
495707,435274
495711,601259
495722,414892
495725,445599
495729,448393
495740,409979
495743,517999
495745,589627
495748,488959
495750,426589
495752,744853
495754,762568
495768,741040
495771,755963
495771,509242
495776,197726
495779,416175
495788,431689
495790,511273
495798,623039
495801,753036
495802,432750
495806,403975
495814,410407
495825,336962
495840,742668
495842,773063
495846,407293
495853,392622
495855,424619
495861,453685
495867,758243
495874,411962
495875,462360
495880,483030
495883,511301
495888,404840
495891,402211
495894,406760
495898,522786
495899,515000
495900,508970
495902,406631
495903,789245
495908,234737
495918,401222
495921,405430
495925,425120
495926,406584
495938,547319
495941,393439
495942,407701
495947,515748
495951,579545
495963,150726
495971,503719
495977,329843
495987,828348
495991,485914
495995,772071
496000,463419
496004,595274
496008,421520
496014,554852
496017,414474
496023,395569
496027,416943
496030,444015
496043,424878
496058,595572
496066,488281
496069,806994
496072,443059
496075,758441
496086,500699
496088,421153
496096,556738
496097,556387
496114,775639
496117,438635
496125,902502
496136,406176
496139,564086
496147,423426
496173,422839
496173,537507
496186,507576
496190,409858
496192,750476
496192,562594
496197,366084
496204,839833
496212,400246
496217,597361
496217,760164
496222,452866
496225,564073
496226,524760
496235,845108
496235,415562
496237,393986
496239,416584
496245,802421
496251,569531
496259,740684
496262,749071
496266,565533
496274,322812
496275,777413
496279,801734
496280,447664
496307,390226
496309,449614
496310,338399
496312,443122
496319,399539
496326,440274
496328,447145
496329,783364
496330,782215
496332,176544
496335,587177
496347,404934
496380,459747
496394,526273
496398,448956
496401,447976
496405,460016
496423,421722
496428,512295
496431,483424
496436,515523
496441,558703
496444,824284
496448,434625
496450,416295
496453,315997
496454,412268
496459,754632
496466,803857
496470,586415
496473,784975
496484,398701
496485,159793
496495,445376
496510,377910
496511,460285
496514,793139
496516,481919
496517,569373
496517,431877
496518,784621
496524,439971
496526,466619
496526,464404
496531,410612
496534,413594
496544,417741
496551,373754
496551,403600
496556,450621
496579,415215
496600,211602
496608,419711
496609,515557
496637,793760
496648,368135
496649,784081
496661,409224
496668,224149
496676,750411
496678,409346
496680,748237
496688,427292
496689,417094
496689,892533
496691,760504
496691,394626
496708,524518
496722,829452
496725,290459
496725,409036
496731,785983
496759,436553
496766,454759
496779,810809
496789,784865
496801,418588
496805,774466
496805,405163
496806,761272
496807,412587
496807,552771
496809,393977
496823,506074
496841,442536
496844,406249
496846,435485
496851,468794
496852,873321
496854,809251
496856,407350
496860,409262
496862,345006
496867,422157
496870,229993
496873,465812
496882,429270
496893,513087
496902,417511
496905,403149
496917,526248
496919,794038
496923,279039
496929,402909
496931,479196
496931,416769
496941,418318
496945,430389
496960,727712
496977,496703
496984,505533
496986,782727
496988,553805
496996,446004
497007,821242
497014,432439
497014,783762
497021,576711
497024,447993
497031,574075
497031,449446
497033,406946
497036,421419
497038,448959
497038,554262
497042,403182
497046,434396
497049,466854
497060,430872
497061,847269
497062,431647
497090,895573
497091,579797
497097,417846
497100,218735
497116,412917
497119,495435
497122,774483
497127,440451
497147,441462
497160,393498
497167,409145
497168,490959
497182,609444
497185,782677
497190,423776
497192,428384
497195,921068
497200,910517
497216,763183
497220,408648
497220,461200
497220,461205
497226,309430
497252,442539
497255,409580
497258,401066
497268,432007
497272,416542
497275,759347
497281,435237
497298,817200
497301,500767
497303,539918
497307,397952
497310,789585
497326,835858
497333,452447
497334,797034
497346,403373
497357,818947
497366,443813
497375,516933
497391,798229
497402,428996
497407,526155
497409,398586
497409,387580
497413,400851
497414,403066
497417,504039
497422,470656
497423,438093
497433,414565
497449,799879
497454,442015
497461,789217
497474,462109
497476,414022
497477,749423
497480,420124
497483,445476
497505,861967
497522,774183
497538,399279
497572,593092
497580,443645
497586,412881
497589,434868
497593,451381
497617,294954
497631,423896
497640,517897
497656,231053
497666,769722
497671,902847
497675,145540
497693,910319
497708,804382
497714,798033
497719,447891
497730,532128
497732,414240
497736,800536
497752,403556
497764,405280
497777,415197
497779,542565
497789,587885
497791,458442
497795,408993
497799,439770
497799,424889
497808,466977
497811,446547
497821,342210
497822,420756
497827,762661
497829,410622
497832,583922
497842,828348
497850,907896
497852,871535
497857,944760
497861,424695
497866,443565
497888,595733
497893,475298
497896,309471
497897,541544
497901,444530
497923,537196
497926,517656
497927,417488
497936,508993
497937,410411
497944,422153
497951,407674
497951,727904
497961,882661
497966,869098
497967,555910
497973,776864
497984,554637
497985,334637
497987,429510
497988,752612
497992,434173
498000,748939
498033,765045
498034,413366
498043,904118
498048,398482
498049,454984
498050,173290
498054,438673
498054,511877
498080,834560
498085,408564
498095,330891
498100,410498
498110,577171
498112,459822
498113,412001
498119,482969
498124,453753
498134,423038
498141,478081
498143,540780
498144,438431
498146,558077
498147,399957
498153,546641
498153,509513
498156,341432
498157,782678
498173,783111
498177,550884
498181,491483
498181,505853
498187,431503
498196,458458
498196,408829
498205,426750
498210,405566
498223,320559
498225,416645
498227,456420
498236,302330
498236,465022
498248,602080
498248,432147
498250,195221
498274,788224
498282,413087
498293,914474
498297,296914
498309,801787
498314,443227
498316,411919
498316,457837
498327,427862
498335,381220
498354,760034
498376,413818
498382,462154
498385,885941
498388,405487
498392,409815
498398,760614
498400,468174
498401,526666
498402,889014
498406,444327
498407,546508
498411,417403
498417,423580
498421,440661
498422,541146
498432,560152
498436,766957
498437,445278
498444,466127
498449,455058
498455,469247
498471,526476
498475,830350
498477,418693
498486,469446
498490,528613
498495,529653
498502,382541
498516,414193
498517,422058
498518,422954
498523,413109
498527,867917
498530,427197
498533,225159
498534,486210
498543,507845
498545,412075
498552,450977
498555,506918
498558,435668
498564,796988
498570,391562
498572,440962
498578,853280
498586,460968
498587,215154
498588,416214
498597,538171
498603,522945
498607,539686
498619,420888
498621,407623
498622,431813
498623,432256
498624,416865
498633,370337
498633,416540
498645,442867
498647,411979
498648,443285
498658,440626
498665,418929
498667,604140
498668,786501
498670,404770
498676,533644
498683,819465
498698,498975
498702,402056
498708,517465
498713,436858
498714,564919
498722,516906
498723,439605
498725,451238
498750,803991
498757,394200
498763,424469
498778,305137
498781,765869
498782,771834
498782,321159
498794,910610
498804,865130
498821,414870
498822,412879
498834,753009
498836,426688
498839,219725
498844,788166
498852,738645
498862,581066
498863,796692
498867,446271
498872,877427
498872,536616
498883,752574
498887,449701
498909,415650
498916,688125
498918,442290
498941,407638
498945,560106
498945,386705
498961,438617
498963,460372
498966,514521
498971,412576
498984,400022
498985,412005
499005,791637
499010,815846
499015,410379
499021,701842
499031,543841
499038,199135
499040,185996
499046,403013
499056,740980
499059,441472
499075,556363
499079,447330
499087,875639
499092,225298
499094,519005
499105,444984
499109,510137
499112,441070
499116,451768
499116,782651
499129,439617
499134,163234
499139,459639
499143,537314
499145,568993
499151,513668
499157,432069
499166,816947
499170,456508
499183,474607
499184,536475
499189,389417
499192,422717
499194,412557
499194,751401
499201,482139
499203,370812
499211,405843
499229,531642
499232,430678
499241,410061
499254,418284
499254,449370
499254,399462
499255,555040
499259,205323
499269,339314
499274,180940
499274,420357
499276,435311
499276,439017
499278,755049
499286,402510
499287,408972
499289,885022
499289,383064
499292,425577
499297,394179
499303,434201
499305,924099
499314,763632
499316,434892
499330,441434
499337,853964
499344,528352
499344,510979
499354,299336
499357,500711
499365,497799
499376,424708
499387,435920
499392,417363
499392,449479
499394,597951
499400,388153
499416,410229
499418,439302
499420,447018
499434,398666
499436,445807
499438,407407
499447,529809
499456,458362
499457,389811
499461,422941
499464,404497
499470,386557
499477,423722
499478,424264
499480,484444
499485,432155
499505,523433
499512,438934
499515,422506
499515,438911
499523,416053
499524,475314
499526,546064
499529,745271
499530,796072
499531,494298
499534,425942
499536,433378
499547,435678
499550,576499
499556,405817
499558,505623
499559,550172
499564,794815
499568,858237
499571,774744
499572,406238
499572,393967
499579,198619
499582,817902
499592,440706
499597,742079
499604,445713
499609,499095
499610,391061
499610,322162
499622,559330
499624,786614
499624,511890
499629,404988
499630,784010
499641,452231
499645,471416
499647,523729
499648,465672
499686,812156
499691,524873
499694,450302
499698,374233
499701,443374
499714,776879
499718,471599
499723,398956
499725,416034
499725,598102
499729,860933
499729,445388
499731,813449
499732,771242
499733,418786
499734,413745
499736,522887
499761,303977
499772,417330
499772,452659
499797,468965
499820,413475
499823,439220
499827,793685
499832,572594
499850,498831
499853,516578
499855,403396
499864,414618
499867,455332
499877,416962
499885,585284
499903,572943
499909,438543
499911,432662
499912,295514
499919,431877
499923,451786
499931,204487
499933,456348
499934,449230
499938,428589
499946,780005
499956,442507
499973,521639
499976,406311
499978,446556
499994,402727
499995,346748
499996,571401
500016,400676
500021,553698
500021,432744
500024,417311
500027,842285
500031,779914
500042,418242
500050,436195
500065,418998
500066,537668
500079,423237
500082,445903
500083,885400
500086,192543
500097,442708
500097,452318
500104,420121
500105,448704
500107,413073
500110,423828
500116,547384
500121,361592
500121,448664
500123,469922
500124,501815
500130,364594
500139,819084
500150,247090
500152,530670
500162,399357
500189,299749
500190,356059
500193,338432
500199,833590
500206,506345
500211,847118
500211,547915
500213,769854
500222,314782
500226,410324
500232,516434
500242,400259
500250,487548
500252,416019
500254,555391
500255,806373
500263,429024
500267,843939
500268,418167
500271,115645
500272,807145
500274,709595
500286,422412
500288,436854
500288,227210
500296,207707
500299,796559
500301,433142
500316,164003
500317,569577
500321,398702
500333,564315
500335,408646
500344,439657
500345,423902
500345,224316
500348,440598
500353,416028
500367,921527
500375,802857
500389,404346
500412,382571
500415,546137
500426,410696
500452,442980
500457,449642
500461,397528
500472,426564
500484,427546
500496,308753
500503,818445
500506,766757
500511,443266
500514,425534
500519,523474
500527,459750
500537,410061
500540,395381
500556,354908
500558,405350
500563,396596
500567,910948
500579,514834
500583,411607
500587,828645
500598,416361
500603,502446
500603,414174
500616,134438
500617,464132
500622,491143
500622,578799
500624,792177
500629,563478
500635,443794
500638,218665
500645,865091
500645,915710
500652,449889
500661,903607
500674,538878
500675,500704
500676,442884
500680,402618
500684,519908
500688,583734
500694,829994
500695,442011
500719,415686
500722,404284
500723,907598
500726,455469
500728,465113
500730,332829
500737,502315
500739,523496
500740,441709
500753,773436
500766,742887
500770,758552
500771,325177
500783,413726
500803,435116
500804,391823
500824,400158
500834,371890
500851,415580
500873,436548
500875,379020
500879,230666
500887,439453
500893,415666
500912,502959
500913,374597
500921,411559
500921,401017
500928,421771
500930,472461
500937,442300
500941,438175
500948,430515
500953,720040
500956,842091
500961,416245
500962,301749
500969,449498
500979,434856
500980,583269
500985,818034
500991,471537
500998,462427
501009,416184
501013,836560
501016,795194
501018,409600
501026,422945
501031,420131
501033,515398
501042,553522
501049,735392
501054,394297
501054,440696
501054,420744
501055,383885
501069,213613
501071,310547
501076,497434
501092,455131
501102,418087
501108,377020
501111,410574
501118,770867
501118,410013
501129,399793
501131,753341
501134,434386
501137,454611
501138,441553
501143,395084
501156,451404
501163,423390
501164,417959
501168,428806
501172,548989
501187,787319
501188,462007
501195,443971
501196,811969
501199,566107
501200,322783
501203,517668
501205,583394
501211,412336
501213,398642
501214,811244
501219,447397
501219,412132
501222,819852
501231,609888
501232,404889
501232,414243
501235,415447
501240,838774
501242,907651
501244,415657
501251,556034
501253,914865
501258,581553
501261,455640
501262,733904
501263,429144
501275,837842
501282,472971
501283,503597
501287,407262
501290,434112
501292,422630
501295,380603
501299,432983
501302,587297
501314,879556
501318,418746
501321,401148
501323,587915
501323,207402
501327,438673
501337,764885
501346,396793
501350,430686
501351,508213
501353,829638
501353,410086
501360,793634
501373,510113
501374,561900
501374,368649
501391,771054
501393,750897
501394,890511
501410,234561
501410,462740
501412,229927
501417,496498
501417,451275
501419,406753
501432,452521
501432,709811
501436,443448
501445,457980
501462,520561
501476,465463
501496,601644
501503,390105
501504,450126
501509,405888
501526,874685
501533,438446
501535,749276
501544,429243
501550,430636
501550,905262
501571,423939
501572,581659
501573,488834
501579,447271
501582,405669
501585,418580
501589,447749
501589,334197
501592,440755
501600,894464
501603,451365
501611,735762
501612,596299
501614,398734
501617,556390
501635,781128
501636,584641
501638,786407
501638,516115
501658,439640
501659,347028
501665,790936
501667,420778
501687,569085
501691,449200
501696,414596
501698,403678
501707,540091
501709,383200
501719,445907
501730,407500
501731,796162
501735,404688
501736,319964
501741,403366
501748,767746
501756,739176
501759,819506
501776,555399
501784,461665
501786,451301
501786,460724
501799,767453
501799,409930
501799,595492
501807,521011
501808,541964
501810,413085
501817,438306
501831,401665
501834,505872
501836,363484
501839,903810
501846,501815
501851,553638
501852,889070
501862,577362
501866,399982
501867,442045
501871,798896
501872,402207
501879,493837
501884,286423
501886,533722
501887,575681
501890,438392
501898,795356
501910,900652
501912,445837
501914,750058
501914,391436
501918,436299
501920,882803
501931,864530
501936,363031
501954,556976
501960,858729
501966,363690
501970,426303
501980,579362
501993,522556
501995,556392
502006,440207
502007,284953
502008,825200
502008,403784
502010,716708
502038,433685
502046,446805
502047,458785
502060,344113
502079,306230
502084,481732
502088,462874
502093,322297
502114,433657
502116,472740
502124,847980
502128,462488
502128,819701
502141,452353
502148,400500
502150,507199
502150,209188
502153,759771
502186,906170
502186,408062
502188,387437
502189,419523
502193,821546
502198,511210
502216,381567
502227,727345
502231,444537
502238,770115
502241,748136
502242,616724
502252,376320
502257,396531
502265,455796
502269,785203
502271,600687
502281,504285
502282,447787
502287,514221
502290,538201
502293,432792
502294,454017
502301,455091
502308,887062
502313,787172
502322,546797
502325,916369
502328,555536
502328,430740
502328,430012
502335,461342
502342,454704
502346,511938
502354,451600
502356,764004
502371,414322
502389,463418
502390,552552
502390,465697
502416,400935
502452,431838
502461,461111
502469,434008
502486,387401
502491,516923
502497,318909
502497,427147
502506,448615
502507,445813
502507,506495
502539,515951
502540,446677
502558,445246
502575,416360
502578,376026
502581,588092
502587,773034
502587,470464
502588,381247
502589,453090
502597,416970
502614,410552
502616,434772
502620,790176
502632,452552
502636,449972
502647,415362
502648,920859
502648,503303
502651,407767
502661,581497
502665,600271
502675,439997
502685,513788
502687,423221
502688,290300
502697,396210
502701,744174
502709,417141
502710,780392
502711,722861
502714,806699
502719,430904
502743,920403
502751,405348
502754,421373
502757,783083
502763,398963
502763,426186
502773,366967
502780,562213
502782,495955
502784,444278
502796,423570
502797,346889
502799,525876
502813,420443
502817,793192
502819,424704
502827,311089
502829,133890
502830,928018
502833,409929
502847,550911
502852,410707
502857,405691
502886,349530
502899,444888
502902,538220
502918,516040
502919,516288
502931,577887
502948,304274
502955,442341
502964,759333
502986,438516
502988,510289
502992,457836
502995,459792
502996,424184
502999,567123
503004,297654
503005,333830
503011,758327
503022,454580
503026,430680
503035,432182
503039,407124
503041,412063
503049,439151
503054,329440
503065,554945
503097,517270
503101,428695
503102,461969
503103,534747
503108,417027
503110,910277
503118,811497
503120,455406
503122,545289
503124,296269
503126,506830
503130,441442
503135,406049
503143,417694
503149,464426
503150,451977
503162,895278
503167,456739
503167,418627
503169,576530
503169,434164
503171,447939
503176,192370
503176,447874
503177,799497
503187,210647
503200,409348
503203,447054
503203,413261
503205,432576
503212,455967
503221,823224
503224,575480
503224,458419
503239,325842
503241,566647
503266,369382
503272,468311
503280,743167
503288,488486
503288,407202
503291,447448
503297,863560
503301,420619
503305,898990
503309,436388
503313,814752
503317,425395
503328,438405
503344,428992
503347,435311
503355,589238
503356,586721
503360,776184
503374,441307
503387,446481
503389,741223
503391,425351
503392,439890
503400,313875
503402,409656
503415,781117
503419,592331
503431,505242
503449,815807
503450,415832
503453,499156
503456,416848
503466,912535
503468,457293
503472,389887
503477,214526
503487,313296
503489,889910
503500,414745
503506,450121
503510,847543
503512,771187
503514,444227
503523,796473
503533,361554
503541,389005
503543,412196
503543,483480
503551,444522
503552,422757
503567,909591
503571,458950
503591,419445
503598,327250
503601,436613
503607,217075
503620,446373
503621,553561
503622,403198
503630,762120
503631,550858
503634,458423
503644,571354
503654,441480
503669,398723
503679,324394
503681,457008
503682,337239
503690,409049
503693,450950
503701,564874
503702,410403
503707,549550
503708,448784
503709,753296
503714,458414
503716,410973
503718,431569
503718,430353
503732,401601
503738,792319
503744,719295
503749,493094
503754,310603
503758,732037
503766,576650
503776,514065
503776,395180
503779,751016
503779,443593
503794,409648
503802,789384
503806,450245
503816,411081
503839,446346
503842,405720
503854,445419
503856,827634
503862,222242
503867,432280
503867,407117
503882,437965
503885,386783
503887,810901
503888,454603
503897,536836
503898,510877
503903,456830
503914,563050
503921,461310
503925,574548
503933,845840
503936,869709
503940,371642
503941,799556
503943,549433
503946,824091
503956,181801
503964,467888
503967,389124
503967,452263
503979,459873
503990,727945
503991,200260
503993,359472
503993,435552
503997,726992
504019,437456
504021,815855
504022,448307
504023,764915
504028,765986
504035,577810
504037,455910
504094,459963
504098,411318
504106,789767
504108,448850
504119,776350
504131,528974
504133,430339
504138,415770
504148,408293
504151,432007
504161,770114
504168,334677
504171,426408
504187,583747
504189,440774
504194,139202
504201,468893
504203,585043
504204,406664
504208,758633
504218,381540
504236,570308
504238,448191
504248,406823
504256,727064
504257,776281
504264,454801
504270,422231
504293,551956
504302,543237
504305,377571
504309,364537
504310,841962
504330,558461
504334,443391
504344,564636
504356,412529
504356,212353
504357,572234
504363,443822
504363,450057
504365,474546
504379,451922
504389,791065
504400,818600
504415,398116
504417,321192
504417,455832
504424,406045
504428,406634
504428,927763
504428,531912
504431,543380
504432,452529
504436,740675
504436,509706
504437,751619
504438,541342
504439,838903
504450,450137
504459,529566
504460,448701
504464,424385
504467,424001
504476,310929
504477,407885
504516,448600
504533,388154
504549,570820
504553,388975
504555,399583
504557,414608
504572,445716
504575,404744
504576,464485
504589,447972
504591,563156
504593,869142
504594,177409
504596,936455
504596,440881
504597,458224
504605,404642
504605,771560
504608,794924
504635,393257
504638,622868
504642,755372
504667,427184
504667,213844
504670,428076
504679,406296
504680,438580
504700,613620
504709,808904
504717,430304
504719,443548
504724,855915
504736,395528
504747,400238
504763,851569
504774,431066
504791,405873
504802,903426
504806,411687
504807,479551
504808,468771
504813,407016
504816,413393
504821,583862
504822,413005
504833,426519
504842,442821
504842,567055
504858,448983
504864,578177
504864,430303
504880,391413
504884,477188
504886,581082
504893,457153
504895,627748
504897,751850
504904,548004
504915,429961
504932,384113
504938,437349
504939,409159
504941,750197
504960,806673
504965,469675
504987,360354
504988,930015
504998,441916
504999,431682
504999,444630
505000,876646
505008,538007
505009,411783
505012,904335
505014,421674
505035,342757
505040,355355
505042,445417
505042,931369
505051,907756
505058,419711
505070,412874
505089,435461
505093,439990
505095,772297
505098,443810
505099,489889
505105,748382
505118,873942
505126,519052
505131,743879
505133,394861
505138,503482
505143,476931
505143,357534
505144,437266
505153,819827
505154,814234
505165,922932
505172,440685
505179,457044
505182,876081
505188,571215
505191,407444
505195,454771
505196,391096
505197,444861
505199,366894
505205,525989
505209,854753
505219,739295
505227,836439
505227,433086
505229,559813
505232,792451
505233,410708
505237,234867
505246,489780
505248,516807
505249,439579
505261,364682
505266,452585
505282,790545
505291,874741
505295,384321
505298,892301
505302,206494
505307,866045
505318,457630
505318,587222
505324,805921
505325,892304
505326,761141
505327,798974
505327,413719
505330,577420
505334,299128
505339,733264
505352,391175
505354,270677
505357,499013
505358,415417
505358,911027
505374,475569
505380,432674
505385,882947
505395,196853
505405,476997
505406,433154
505415,300717
505419,141023
505420,428072
505426,342439
505427,322537
505428,386064
505432,546740
505436,381020
505439,443295
505447,560785
505459,751113
505461,386755
505474,329323
505480,892870
505499,320515
505507,450232
505513,442967
505517,435231
505527,548556
505528,451256
505532,464837
505533,796825
505538,800372
505542,452702
505548,453595
505557,558762
505560,379722
505561,438665
505567,450656
505570,434155
505577,441508
505580,403423
505591,424906
505600,451226
505615,559726
505619,457349
505623,534105
505629,397924
505639,340598
505648,451261
505666,479620
505667,386494
505672,374601
505676,434939
505688,454609
505690,439066
505701,754041
505708,406921
505710,566020
505711,318816
505719,438765
505729,442345
505732,819082
505732,428460
505734,947031
505736,824156
505750,450285
505764,449560
505769,440056
505771,177119
505774,761589
505775,471618
505782,487478
505793,883814
505802,535049
505805,455290
505809,594119
505815,372790
505822,331400
505824,822213
505825,309550
505845,429428
505848,808940
505857,446361
505864,441904
505870,408101
505880,436564
505886,589958
505890,444638
505896,913362
505898,456554
505901,442808
505907,788207
505909,521494
505910,399414
505915,829866
505927,418718
505935,382420
505944,437390
505957,444654
505963,773327
505968,434595
505971,419264
505976,316826
505978,891928
505981,220447
505997,764671
506009,458328
506011,449678
506020,449890
506027,778435
506027,505313
506038,603943
506044,381267
506061,470951
506061,427982
506083,556648
506085,415666
506088,586843
506090,442057
506092,431327
506099,734297
506102,448011
506103,469707
506107,181224
506113,920673
506118,814693
506119,840355
506142,447618
506143,443005
506149,438166
506153,424907
506197,920270
506197,742847
506201,356155
506204,549447
506210,457807
506211,625050
506225,791836
506250,407129
506254,545557
506261,433819
506262,433896
506267,463461
506269,801278
506276,330357
506278,937460
506286,786368
506288,453293
506291,324985
506295,409950
506310,445770
506313,452552
506317,530880
506324,440306
506329,392222
506331,407684
506338,439114
506339,422253
506341,432398
506352,777303
506354,294622
506362,413376
506381,615105
506397,411606
506417,391088
506419,446478
506423,428702
506423,318262
506424,764501
506434,440082
506434,453820
506444,902565
506446,406848
506453,416479
506456,878744
506459,549641
506466,396105
506467,404694
506469,257006
506470,435123
506478,416268
506486,542020
506500,426596
506501,177967
506505,610754
506508,442603
506510,456525
506514,275683
506515,387700
506519,401535
506521,402345
506524,572840
506539,457003
506540,845572
506568,447040
506574,903807
506574,437048
506581,437353
506584,555487
506585,411250
506588,919280
506596,233868
506600,453084
506607,464726
506609,453009
506613,554276
506616,344389
506621,460155
506629,759150
506629,837092
506632,305757
506641,787176
506641,460477
506642,427365
506646,421400
506647,708265
506648,761741
506651,434459
506652,797637
506652,403638
506663,453831
506665,816719
506672,504481
506679,474319
506684,447381
506690,427359
506697,450373
506702,468046
506712,220697
506717,795609
506718,467893
506726,923980
506748,427269
506751,513091
506753,565506
506763,454550
506764,383274
506765,310321
506768,399224
506773,379152
506776,794003
506781,521633
506782,371694
506795,464939
506796,331693
506797,540018
506810,459781
506813,425688
506820,497129
506829,771112
506838,745814
506852,399254
506852,356071
506853,447106
506858,436993
506859,399420
506876,458487
506881,455457
506887,448862
506890,891139
506891,491367
506892,388470
506899,387517
506920,419872
506927,735867
506936,523850
506937,852027
506940,575984
506961,532450
506968,798129
506969,416698
506974,401276
506984,476385
506991,450022
506997,796741
507006,379784
507016,896008
507032,450609
507035,459064
507048,415152
507052,401994
507056,372586
507058,777534
507061,369528
507066,448580
507097,512583
507119,348861
507124,765846
507126,419394
507132,514896
507140,437596
507142,901566
507158,332444
507159,516678
507174,315360
507175,409506
507176,438841
507181,432762
507197,854725
507210,317233
507212,208526
507233,443147
507235,381897
507235,535356
507239,423333
507240,445877
507244,576596
507245,340222
507249,391477
507254,439698
507255,307852
507256,487257
507261,893986
507270,352826
507271,439072
507277,897891
507284,614981
507290,424893
507293,302962
507307,423837
507314,435450
507331,496269
507332,334668
507353,929855
507360,402967
507364,804238
507373,734079
507381,924445
507383,408681
507392,434782
507393,438235
507406,474754
507414,410433
507420,448527
507435,441205
507436,444516
507438,569353
507442,402618
507450,598530
507460,783557
507467,569181
507468,818089
507478,521027
507508,848698
507531,421356
507547,480824
507554,443850
507556,318724
507557,743978
507558,448654
507561,607139
507567,909240
507569,881953
507581,452129
507599,579512
507602,434528
507605,449644
507608,773990
507610,452008
507622,475234
507635,425384
507639,419518
507654,451236
507658,406581
507660,159722
507681,536767
507684,904226
507685,446839
507687,440861
507698,447778
507698,214084
507714,454856
507718,434767
507729,451531
507729,414295
507730,524773
507733,436967
507744,497054
507745,439352
507745,418753
507749,282218
507760,415573
507761,388572
507764,301150
507765,813900
507768,430631
507780,436428
507783,437954
507786,579701
507801,416428
507816,402166
507826,442182
507827,505275
507829,400697
507845,437882
507857,435846
507858,453927
507868,325739
507870,416488
507872,453340
507876,851921
507880,447817
507880,324973
507882,270349
507887,855744
507897,428746
507901,409777
507903,752331
507908,186414
507914,453184
507927,452029
507935,418484
507943,348867
507951,519688
507962,907505
507971,355347
507974,503249
507979,826554
507999,409144
508000,372601
508003,376582
508012,442790
508015,448366
508019,473199
508026,340322
508060,330751
508073,373025
508073,463140
508083,405017
508083,747525
508089,570295
508092,412567
508104,523603
508115,445694
508116,451942
508121,780663
508124,435999
508128,520630
508135,818713
508135,427997
508140,424024
508142,413456
508148,305615
508154,405986
508165,479367
508167,458643
508178,419023
508185,486314
508185,441367
508192,416337
508193,375168
508195,571640
508196,433515
508200,437615
508202,830086
508209,448533
508223,162712
508246,493743
508249,446733
508253,428839
508254,491719
508263,412036
508270,455227
508281,454381
508300,952517
508306,869510
508318,418735
508324,459801
508354,420327
508358,454498
508362,568701
508365,439800
508372,446493
508374,438393
508389,315703
508393,448326
508397,425477
508414,485659
508422,375455
508438,420204
508452,445114
508465,450540
508477,837595
508483,444768
508486,437582
508487,527417
508490,438362
508492,431272
508492,559553
508514,517066
508530,412115
508532,503239
508543,503711
508547,463891
508549,374706
508557,195049
508558,188129
508561,445743
508566,452299
508568,573537
508569,767008
508602,455747
508602,521202
508604,770134
508614,322146
508615,431665
508619,449121
508619,128191
508623,467752
508624,326009
508626,446271
508633,883682
508649,227630
508650,835915
508659,923795
508661,287075
508661,315465
508669,442499
508675,918867
508683,594602
508698,583466
508705,740090
508707,364035
508726,455157
508730,439957
508745,192123
508750,435618
508750,841275
508752,483199
508753,434165
508754,904558
508762,522787
508762,410195
508764,423789
508773,435081
508783,180084
508793,771874
508799,741428
508813,784277
508817,444107
508822,405029
508831,444106
508842,589649
508844,331527
508845,202955
508848,386611
508853,449462
508857,891131
508866,454924
508869,452353
508876,320440
508877,347417
508892,535104
508899,131902
508901,803265
508904,437172
508909,747782
508910,406167
508921,435423
508926,402980
508936,466429
508946,434118
508947,456970
508960,375384
508961,727369
508961,433785
508963,813787
508968,374112
508970,440237
508974,392014
508980,374112
508988,439266
508991,320852
508992,444104
509000,447910
509013,402913
509014,542549
509020,303855
509025,782061
509029,492137
509031,442319
509049,761193
509050,398291
509062,436988
509068,439194
509072,793791
509075,414644
509078,405781
509080,409577
509090,752745
509097,368585
509103,795214
509107,866809
509107,352052
509116,406471
509116,387681
509118,465622
509137,425775
509153,891916
509170,499658
509173,453047
509193,440753
509202,577819
509208,514386
509213,444273
509221,447384
509234,329841
509245,436414
509255,198512
509258,441692
509259,319751
509263,454347
509266,432235
509268,439447
509270,781584
509288,911216
509297,456437
509302,452469
509315,473716
509315,451001
509317,450859
509333,396198
509342,447791
509344,588710
509354,865444
509354,596388
509355,446685
509355,337007
509360,375964
509362,444428
509365,162247
509370,434399
509375,419993
509380,448068
509387,871563
509393,532273
509393,377534
509399,344008
509405,432136
509417,572087
509417,919175
509419,517999
509441,245804
509448,468878
509452,429402
509453,237336
509454,444393
509456,426373
509460,423547
509464,879943
509469,434282
509477,589138
509480,405902
509484,325276
509491,371537
509491,539892
509492,457537
509495,448558
509495,375365
509499,478538
509499,590146
509499,429437
509501,430023
509502,473190
509506,433530
509506,499343
509510,429690
509512,386155
509517,770956
509522,328244
509538,441022
509557,400436
509557,342665
509578,451090
509579,374157
509582,439285
509584,580434
509590,376101
509598,511088
509603,373593
509611,543704
509617,432731
509629,437050
509639,452540
509649,315770
509658,401672
509658,466018
509675,322594
509683,445792
509686,419100
509689,189801
509690,496331
509694,411784
509694,799628
509697,447900
509697,401427
509701,749684
509713,455623
509713,431901
509720,577101
509721,768213
509727,223088
509734,413112
509737,437342
509740,895086
509741,451978
509747,782222
509749,412583
509754,442163
509758,820751
509763,442565
509776,440421
509780,415430
509781,403775
509793,937542
509797,383301
509804,928393
509813,426962
509817,463281
509819,413649
509823,320375
509823,566453
509823,501804
509824,344242
509824,725582
509829,443873
509830,440538
509834,604533
509839,308791
509841,441108
509843,495405
509843,430037
509857,230591
509859,346077
509861,767121
509866,179152
509868,904384
509874,797831
509882,421918
509885,387836
509890,454789
509891,425590
509895,542543
509895,321397
509899,410963
509901,437686
509908,936225
509932,411770
509939,306571
509940,402030
509960,443397
509961,449429
509973,544591
509974,796163
509990,418811
509993,406833
509997,391609
510004,834587
510005,384195
510008,403638
510010,851926
510020,459212
510026,530356
510038,369223
510051,434376
510070,220074
510076,291390
510078,432560
510087,581032
510087,458996
510091,422084
510092,541061
510093,510778
510095,388195
510097,369138
510116,445256
510123,417464
510126,369810
510137,461287
510137,288155
510137,389706
510144,456527
510157,325462
510169,461771
510174,439847
510181,448970
510182,354558
510187,483709
510187,443787
510199,363341
510200,337779
510201,435496
510207,777250
510210,465574
510215,478344
510233,443608
510236,228074
510236,439181
510237,911872
510238,574658
510243,342438
510250,427663
510261,534601
510264,811743
510289,469085
510300,609276
510312,561459
510315,406474
510317,497117
510322,418722
510326,500910
510328,444771
510342,350776
510349,418634
510351,441841
510363,498808
510368,467466
510378,363936
510390,479664
510391,740251
510401,435893
510411,339812
510411,446850
510414,318518
510427,534677
510457,483869
510459,360338
510469,433286
510469,250138
510472,541963
510480,459324
510498,201849
510506,766127
510507,463644
510511,771688
510512,429120
510518,179552
510536,907733
510537,456704
510543,312717
510545,545265
510548,512693
510548,534696
510558,228500
510559,508920
510562,521550
510565,330755
510571,927977
510573,451285
510599,231777
510602,459993
510609,845188
510611,859734
510616,394181
510622,427595
510635,443092
510641,463081
510643,449531
510643,448041
510648,453997
510653,548630
510653,367001
510670,897548
510671,426818
510673,890724
510674,387759
510675,392030
510677,506670
510696,593859
510699,446402
510702,456032
510704,761700
510708,376944
510708,822590
510709,480674
510713,442253
510720,306939
510722,785651
510722,439370
510734,440508
510737,444114
510738,430734
510739,446422
510747,174559
510749,317269
510749,358482
510767,392463
510778,430990
510781,794576
510791,403781
510792,457414
510793,445541
510794,506835
510795,386134
510796,754690
510811,505599
510821,371743
510826,420699
510832,454886
510842,849630
510844,738120
510849,327740
510854,800126
510854,901400
510862,898555
510885,568096
510886,451419
510898,447679
510916,586605
510921,459384
510936,901931
510936,402449
510940,438514
510942,455988
510945,815718
510946,441359
510946,800810
510960,909319
510961,931251
510968,449145
510970,461745
510978,372394
510988,758098
511000,326555
511006,439216
511006,567519
511010,515904
511026,312749
511031,450136
511033,441516
511041,454204
511041,279989
511043,894570
511050,440015
511051,889993
511052,443469
511061,531307
511061,440693
511069,341313
511081,455042
511083,427603
511084,478115
511094,567822
511097,434899
511098,414814
511100,453128
511102,314669
511103,722105
511106,404448
511108,441061
511114,408920
511118,222905
511128,418630
511130,439942
511131,414074
511133,430009
511138,275660
511139,431594
511161,482065
511163,838011
511165,854589
511174,241297
511175,456289
511177,460295
511185,330437
511192,457184
511195,593951
511210,432903
511221,444637
511260,446182
511263,428023
511268,903251
511269,561498
511276,906490
511286,450375
511286,447718
511289,453988
511292,459167
511293,480165
511311,827612
511317,437115
511331,774152
511333,910058
511345,410478
511351,396437
511359,145946
511368,402667
511369,533014
511370,719105
511371,376332
511379,440512
511379,815238
511385,886700
511388,421973
511396,833395
511396,417887
511401,456173
511407,401035
511410,397066
511425,458104
511432,833633
511434,428034
511436,765060
511438,429036
511438,860351
511441,767206
511442,476114
511447,427083
511454,319145
511457,356056
511471,442479
511474,446920
511479,377287
511481,883969
511492,528431
511501,315971
511516,448046
511517,363117
511522,483523
511536,360093
511538,766809
511547,192847
511551,514771
511552,541807
511560,449467
511568,456574
511568,317845
511575,385300
511581,491625
511587,490984
511599,316084
511601,423392
511610,378654
511620,325044
511623,384017
511624,565020
511625,835372
511626,446028
511626,447269
511630,393902
511633,892040
511640,452281
511651,415947
511652,917207
511655,903067
511662,469412
511669,388437
511687,866699
511687,439359
511689,460578
511689,443646
511709,325840
511712,434149
511717,587735
511718,325112
511720,418756
511720,767919
511732,448495
511735,914411
511737,215063
511738,881250
511744,194637
511745,422602
511748,432950
511763,401205
511773,307752
511775,316075
511777,202841
511794,927467
511795,458584
511801,415842
511808,786521
511821,833322
511834,770362
511841,854987
511843,416677
511843,429656
511852,357761
511861,298866
511873,405145
511874,413099
511874,830493
511877,399011
511881,491126
511884,408245
511884,462219
511885,323080
511892,811902
511898,421366
511905,437291
511919,773353
511923,429739
511926,325364
511930,431923
511930,430298
511939,451500
511947,457571
511964,442209
511965,370242
511972,473171
511974,437051
511974,358395
511987,798657
511990,423911
511993,442223
512002,568690
512003,193402
512012,454988
512015,919981
512016,723558
512017,519367
512024,440950
512026,458739
512031,440713
512035,291330
512037,434126
512038,367371
512040,469303
512044,416480
512060,467935
512073,588981
512098,448309
512102,788610
512116,438253
512127,448667
512146,919562
512146,765247
512156,877155
512169,838500
512170,301200
512173,451072
512175,493857
512176,451957
512180,386099
512201,440130
512218,435568
512219,788094
512220,465181
512226,211803
512226,885064
512226,856857
512249,320220
512256,320295
512262,435305
512263,405959
512267,453433
512286,542857
512292,442882
512307,409360
512309,217721
512311,444354
512322,441797
512324,463580
512324,470229
512337,572902
512344,438660
512347,444800
512354,429027
512356,448874
512363,736845
512363,350987
512380,741224
512381,763660
512382,452058
512384,436069
512412,328559
512417,916435
512426,415485
512428,907522
512430,792617
512431,428374
512454,474053
512464,446695
512476,452343
512478,308008
512485,776070
512491,322501
512491,746995
512497,450249
512503,791161
512515,787811
512524,754776
512529,884584
512530,453965
512545,468858
512557,454062
512561,504550
512570,464358
512575,483963
512582,901959
512584,880921
512596,419341
512598,447734
512600,471364
512612,314833
512614,432286
512622,455344
512628,433712
512637,789261
512642,498750
512644,318050
512650,443462
512651,868623
512660,405174
512661,507766
512665,549357
512669,805740
512673,455604
512674,469624
512678,445254
512680,413742
512680,405216
512680,367537
512684,902129
512697,440863
512700,900168
512705,540650
512707,849627
512707,192438
512713,413079
512715,503894
512733,293669
512735,377331
512736,405126
512743,451728
512759,449235
512767,508423
512776,441072
512777,433449
512785,808298
512793,379735
512799,318473
512800,438454
512803,438164
512811,438712
512812,558140
512814,569851
512821,307356
512823,462281
512826,432048
512826,314015
512834,747949
512849,459470
512866,844733
512866,314884
512875,446521
512885,555019
512886,453519
512886,380384
512895,898045
512898,365212
512902,462500
512905,561610
512911,318033
512923,449901
512942,585519
512949,208139
512958,444010
512958,818739
512971,446416
512979,740547
512987,446660
512997,398614
512998,385380
513001,460690
513005,413550
513015,485223
513027,294646
513027,879271
513032,413232
513041,369271
513052,447444
513055,468353
513058,509340
513071,423164
513074,428590
513087,386982
513089,365805
513089,415835
513090,923556
513096,967594
513101,468989
513101,809186
513103,451337
513110,448068
513111,737989
513118,319816
513136,293745
513137,393172
513137,424600
513141,513347
513143,391601
513144,316465
513146,384008
513151,870937
513154,454224
513156,246418
513161,746946
513165,453272
513168,323321
513173,531127
513176,446101
513185,312702
513188,311812
513206,437211
513206,727002
513213,558796
513227,384859
513231,913194
513233,429932
513235,396488
513237,447032
513238,438084
513238,452789
513253,313924
513259,914140
513267,782317
513268,883635
513287,401823
513295,311895
513300,211180
513300,444272
513306,429517
513308,503493
513322,436273
513322,428206
513324,349533
513350,511641
513352,396648
513354,849492
513356,358720
513368,459080
513380,446940
513386,450406
513389,581193
513395,518908
513397,457680
513398,447878
513406,797889
513424,915213
513438,317902
513447,390364
513451,443615
513460,320711
513463,171811
513463,445145
513464,456825
513465,923088
513473,315076
513474,471709
513476,465739
513486,349166
513489,169098
513490,190201
513495,468733
513510,503768
513524,425323
513530,502759
513531,460205
513536,561936
513540,386739
513544,603181
513544,390103
513545,208538
513559,320378
513566,171360
513569,924096
513570,459180
513573,892825
513584,404836
513588,404816
513606,444439
513617,867841
513623,910382
513640,423155
513642,911094
513643,909258
513644,454619
513645,796441
513700,181141
513700,561359
513707,367989
513709,451579
513711,524757
513716,848491
513716,938001
513723,447890
513724,426729
513727,453341
513733,387168
513734,320600
513735,409751
513738,536674
513748,436077
513765,788878
513775,891431
513780,913036
513822,601837
513833,723351
513833,845062
513835,441065
513848,457726
513848,446957
513854,459010
513855,564899
513859,440308
513862,346098
513867,451193
513867,381554
513874,318614
513881,834352
513881,461352
513900,324627
513901,481652
513902,297124
513906,520339
513908,433434
513915,407953
513922,296115
513932,454404
513937,286591
513942,582654
513978,419497
513984,313584
513991,907699
513992,314408
513997,451579
514011,190609
514012,455887
514034,506600
514049,707997
514058,468538
514071,486544
514079,379081
514087,888197
514088,848811
514090,428444
514113,400904
514115,446427
514115,802700
514121,178973
514135,863295
514140,762677
514141,427135
514141,309447
514145,881547
514150,451110
514160,173197
514162,433654
514163,439957
514173,431962
514176,324743
514181,412998
514188,311532
514198,883522
514204,449784
514206,453997
514212,457440
514214,906321
514223,191292
514226,181515
514226,405298
514232,442794
514234,549837
514237,457120
514251,447839
514263,432142
514266,395435
514285,829252
514288,863992
514289,919512
514295,446466
514306,227834
514308,312124
514312,434190
514324,889677
514340,767674
514341,886942
514352,434535
514356,851023
514360,417160
514380,387536
514382,362079
514393,167936
514393,464610
514394, 98026
514396,463782
514396,914912
514400,456752
514401,545397
514401,939684
514401,759071
514413,881226
514417,471415
514418,391602
514436,902098
514447,456038
514451,311114
514451,451138
514455,826101
514457,459535
514460,314396
514473,529690
514489,505685
514503,879352
514505,441648
514515,471294
514526,458180
514534,433392
514535,722499
514539,408539
514553,300537
514562,911739
514568,443695
514580,748357
514580,314544
514584,486009
514596,413842
514600,403594
514606,439624
514615,446076
514625,457738
514626,411280
514628,570922
514657,426170
514660,439620
514665,205603
514669,546348
514687,443391
514706,556571
514710,553609
514710,289475
514712,828630
514712,357570
514721,453937
514730,422638
514742,185521
514748,587110
514753,423874
514753,441937
514757,337619
514766,464489
514769,896624
514770,917117
514787,213895
514790,848299
514793,898052
514793,323342
514800,467188
514804,322464
514807,439533
514809,774093
514809,452899
514813,319572
514836,899344
514836,426069
514840,556797
514844,907439
514858,941316
514865,431801
514877,856795
514886,439013
514891,421719
514897,438085
514898,472343
514906,438186
514914,310259
514917,450195
514921,911607
514925,753780
514927,839916
514932,459367
514933,308162
514938,362050
514940,434955
514945,437856
514949,571058
514954,883336
514978,185866
514979,273447
514981,249746
514983,456089
514986,878827
514996,453538
514999,852491
515006,439739
515007,451459
515011,322582
515015,324713
515018,443490
515024,456477
515024,458551
515025,496345
515034,422239
515037,439814
515040,459463
515042,463172
515043,521923
515047,914137
515053,357443
515069,449087
515073,165228
515076,893026
515089,349171
515093,466541
515093,317313
515098,487037
515101,451615
515114,210828
515116,317064
515128,413715
515130,473120
515136,408894
515143,438215
515153,372531
515156,344982
515162,312714
515164,490007
515173,908049
515181,888099
515182,322010
515182,398314
515187,466845
515192,401962
515193,387290
515198,374035
515203,924143
515210,423942
515213,323476
515218,320517
515221,216752
515231,549140
515232,553771
515238,889859
515242,326086
515243,552854
515249,531954
515250,900895
515252,573353
515256,422367
515257,374301
515257,333357
515265,313857
515265,468194
515274,445022
515277,853622
515291,452011
515297,211188
515300,231536
515303,290616
515306,309168
515308,452059
515311,436230
515311,324366
515312,222889
515317,463004
515319,314984
515332,896153
515335,392535
515338,360069
515338,456206
515339,825791
515341,303514
515344,416698
515345,392074
515352,321132
515366,443739
515368,216786
515369,445915
515370,377231
515370,941440
515384,766251
515385,463361
515386,855530
515397,756631
515401,398915
515407,485180
515413,869783
515415,347598
515424,427403
515428,352490
515430,431993
515437,936896
515438,767165
515443,326081
515445,918149
515450,745519
515454,891452
515471,439639
515472,432005
515472,805690
515473,420654
515477,437101
515478,242647
515497,745239
515502,898634
515504,458836
515508,320782
515517,253754
515532,584500
515536,492733
515537,933550
515538,312669
515540,861520
515562,313719
515569,463067
515573,322887
515574,501387
515576,421801
515582,226252
515606,449934
515623,318379
515628,444607
515630,519875
515633,907945
515636,345333
515644,325312
515646,438927
515663,902533
515666,438465
515680,632129
515680,412345
515681,180587
515687,844308
515695,443831
515695,891196
515696,433455
515697,319071
515702,443230
515711,432564
515715,341205
515718,331006
515725,844816
515727,567464
515731,318468
515734,438614
515740,410112
515744,400313
515753,512636
515754,718053
515756,503311
515758,891960
515760,378644
515764,340040
515771,926222
515777,386699
515782,431975
515783,384425
515785,432361
515787,926087
515789,442807
515804,446240
515820,492118
515823,334409
515827,438579
515827,461636
515845,489962
515851,857465
515851,352551
515854,473803
515858,315032
515863,406757
515874,891080
515880,565928
515886,451286
515892,590853
515901,472115
515906,439010
515908,409259
515916,376809
515922,792137
515922,411383
515926,384883
515929,455562
515939,448468
515942,324227
515946,362876
515946,437764
515951,466123
515951,321943
515960,435012
515961,459951
515970,332797
515970,884509
515970,420903
515973,446809
515974,882723
515980,326417
515984,433007
515995,359912
515996,467129
515996,288409
516009,355300
516010,454804
516016,432584
516018,454535
516018,441251
516021,314174
516025,431101
516042,431527
516055,567186
516056,445220
516058,463317
516072,444383
516074,318782
516082,316094
516085,370102
516086,318903
516088,450312
516092,402878
516095,321524
516095,437883
516100,323362
516106,396875
516115,230493
516122,201229
516152,318388
516159,443218
516159,810009
516160,430999
516161,325361
516182,313004
516188,314003
516211,481976
516212,422074
516234,255051
516235,443134
516247,886798
516247,454003
516256,394828
516259,314571
516264,451435
516265,460530
516282,324525
516283,506957
516284,777337
516294,908129
516300,563886
516305,421782
516315,729811
516335,903533
516336,436486
516341,374556
516350,901323
516362,571560
516363,314689
516363,719504
516369,526195
516374,809887
516379,446483
516392,367140
516395,446606
516396,319740
516400,397249
516409,420341
516412,913872
516421,182595
516428,913516
516461,453632
516462,320545
516466,449372
516469,899229
516469,444187
516473,330960
516474,437685
516485,314555
516489,447879
516493,432928
516512,439555
516514,449825
516529,219299
516532,519189
516539,328812
516542,900915
516544,907573
516548,516213
516552,437112
516553,441159
516556,831111
516559,385354
516570,332569
516573,428778
516573,440461
516579,808155
516583,749825
516586,878544
516588,909550
516599,754536
516601,458587
516601,316084
516605,296829
516611,538989
516611,329259
516615,323323
516622,904485
516623,326013
516625,439134
516629,404162
516637,405029
516640,320117
516644,453410
516647,426686
516656,427920
516661,268714
516673,787761
516675,791678
516678,579144
516689,403042
516701,323223
516704,386028
516704,814801
516705,397335
516706,255404
516711,753146
516717,505957
516720,444765
516733,192027
516736,391062
516737,347150
516745,440576
516746,405478
516756,873351
516762,453337
516765,447036
516770,570368
516775,446478
516784,894070
516787,451202
516789,444479
516789,435117
516794,709081
516801,446208
516811,455266
516828,860871
516828,385834
516832,445442
516856,773915
516857,869289
516868,437125
516873,877396
516875,169885
516875,505859
516891,432311
516894,338824
516897,220938
516897,308095
516902,938972
516905,870522
516909,814168
516919,437838
516936,369761
516938,530790
516949,438973
516950,243645
516957,455612
516963,365589
516975,858041
516979,446292
517003,469266
517015,315636
517020,489760
517021,341258
517025,765627
517027,466419
517032,446106
517059,436751
517065,312666
517070,507429
517071,504364
517078,440211
517085,324890
517086,212928
517090,460421
517091,864547
517093,440544
517097,349914
517100,432174
517100,444796
517112,319262
517113,912754
517125,837891
517126,343684
517158,451988
517168,305539
517179,273363
517181,919636
517182,466023
517192,318208
517201,836586
517204,319246
517209,452553
517219,885306
517227,310919
517231,421867
517239,312976
517244,317253
517253,410172
517256,317586
517258,461896
517262,840784
517275,416379
517279,456691
517281,394443
517281,437067
517281,591207
517285,398384
517285,323870
517301,447734
517322,915919
517340,451050
517348,762726
517352,581617
517370,463243
517386,455696
517390,435133
517394,849531
517402,406228
517402,356938
517407,886922
517414,403437
517435,444674
517436,559038
517436,224967
517436,445966
517439,567488
517440,344081
517449,867257
517450,910254
517452,337920
517452,430022
517462,945640
517465,404475
517467,471158
517477,586467
517489,907644
517489,569157
517492,894985
517494,430579
517497,429749
517497,877956
517498,887381
517513,326384
517518,787542
517525,445940
517527,574753
517533,232664
517536,449627
517539,499664
517546,925285
517567,442060
517569,319926
517571,428792
517584,768606
517598,931340
517606,399519
517608,354095
517618,351736
517620,214034
517628,421713
517635,446894
517639,769079
517641,221640
517645,748731
517662,767259
517664,444575
517666,351343
517678,250387
517678,324496
517691,441481
517693,902736
517694,420492
517705,445362
517712,392182
517712,847413
517735,467184
517744,825324
517746,853861
517758,449502
517761,861597
517761,461950
517761,881650
517766,441033
517772,895264
517797,850622
517799,317483
517815,316702
517824,313347
517828,217080
517837,440016
517838,318645
517839,458112
517844,835269
517851,321363
517855,449171
159349,874495
159373,877288
159399,849735
159437,883366
159459,904614
159493,898794
159493,894976
159504,886850
159521,846243
159524,881588
159527,890094
159539,879229
159608,880875
159698,870659
159702,886612
159716,900632
159729,868847
159747,894173
159766,860628
159770,892034
159798,894270
159817,876146
159818,336643
159821,145628
159826,918810
159842,886139
159842,887776
159854,877518
159902,141524
159910,148017
159933,889373
159946,860615
159970,889185
159975,835318
159992,897753
159997,888742
160023,874626
160031,878281
160061,886057
160067,147498
160068,869801
160132,884176
160144,890144
160215,866682
160229,883343
160230,876832
160318,879207
160348,863100
160351,870701
160396,142933
160485,873214
160494,884540
160497,842386
160501,896265
160506,908166
160510,888557
160554,900140
160588,327425
160646,931744
160693,885335
160694,873486
160698,853674
160702,849219
160705,875880
160744,859637
160755,887187
160759,874024
160797,888938
160814,892334
160815,860970
160821,875895
160871,888922
160873,909957
160908,891240
160910,882510
160994,885942
161032,897959
161043,889261
161044,902523
161069,875750
161115,872731
161120,880663
161126,881438
161128,900837
161131,876009
161146,910641
161159,912588
161175,886912
161194,882304
161198,901806
161208,891911
161211,892926
161239,899727
161242,904513
161248,887066
161363,879888
161427,889857
161483,900128
161539,903053
161544,331327
161553,880303
161564,878317
161639,878184
161659,867743
161666,916468
161668,886165
161679,893016
161680,872796
161688,889874
161693,877775
161711,878591
161741,873471
161766,914789
161776,852257
161781,866943
161785,891189
161807,881352
161809,325839
161809,881990
161842,888042
161858,891786
161860,909022
161884,885820
161892,876506
161898,309656
161922,868748
161936,870295
161994,889789
162020,847703
162038,892298
162061,857362
162109,888436
162134,899546
162144,869253
162165,839159
162176,876267
162188,878873
162211,904052
162226,894475
162227,911073
162254,873415
162338,875010
162361,331782
162410,909899
162413,886014
162419,895117
162438,916824
162459,853888
162468,881782
162475,870062
162480,893443
162485,852321
162498,882124
162518,883856
162556,889635
162558,877329
162563,340302
162573,886050
162580,899318
162604,894905
162660,909966
162676,896816
162701,886056
162722,334032
162734,895963
162747,889105
162796,883988
162802,884778
162844,878453
162846,868427
162850,892813
162864,894959
162880,314848
162883,891870
162922,901134
162923,883176
162940,849584
162955,897055
162961,898053
162976,874548
162997,885117
163021,879983
163033,324300
163038,880002
163055,883756
163057,884778
163068,881740
163080,313029
163088,893844
163098,904234
163104,878630
163118,873300
163122,874901
163124,872449
163127,864343
163179,875447
163287,873128
163288,328648
163300,891070
163346,865447
163348,848303
163398,902316
163409,899932
163451,892747
163454,876153
163456,899220
163482,896141
163522,879171
163533,901191
163552,893202
163576,880183
163620,896466
163627,876762
163639,896091
163674,324442
163701,886813
163733,862501
163739,320037
163767,884885
163767,875346
163777,311476
163827,883708
163863,866270
163891,889105
164066,896384
164099,883477
164121,899478
164123,886286
164128,882674
164130,909235
164151,887341
164166,872600
164172,899759
164193,865179
164214,318607
164216,893084
164233,882071
164236,339755
164300,888104
164302,904165
164344,874004
164350,873639
164385,870366
164393,897508
164396,890378
164428,877175
164434,318162
164491,892901
164530,869507
164542,890854
164544,866366
164563,883891
164575,895633
164584,901667
164612,870412
164660,329478
164664,329615
164668,844500
164674,849286
164687,329430
164708,875510
164720,860214
164752,886640
164802,885311
164805,871302
164847,853778
164847,857540
164862,891201
164884,878060
164910,339406
164912,872716
164914,877291
164918,331245
164934,336314
164943,869062
164958,890472
164965,906337
165029,881661
165033,904807
165047,325949
165047,323547
165068,881226
165085,335754
165106,314090
165150,894670
165194,888248
165206,868441
165207,896411
165222,876599
165245,330514
165265,885159
165291,860598
165300,876987
165310,881727
165316,855294
165340,851559
165365,319711
165405,894928
165425,894284
165494,886184
165516,863313
165529,893578
165530,868153
165562,788966
165566,874213
165595,899253
165614,864675
165634,328733
165671,883539
165672,893534
165696,878803
165722,876133
165724,882900
165758,869826
165761,330275
165765,870562
165816,915212
165831,854558
165861,896916
165872,897772
165903,861971
165929,888098
165940,867022
165941,875003
165986,879971
165991,878772
165994,329485
166017,321403
166023,884796
166029,903962
166066,876640
166069,853425
166089,834301
166186,338535
166192,332273
166196,882323
166201,881819
166253,891687
166297,859423
166341,325333
166347,321734
166388,332784
166395,321471
166406,885298
166460,893740
166470,881501
166474,327109
166543,859523
166556,894451
166589,887909
166625,865287
166638,884420
166641,874268
166656,887426
166699,325998
166746,883280
166779,879650
166779,906802
166798,867346
166858,879378
166902,881987
166913,874138
166919,861033
166935,885381
166942,896957
166946,881591
166974,328670
166977,890654
167010,871260
167016,871710
167027,882192
167097,869122
167119,900273
167169,891909
167184,878768
167201,907233
167211,903526
167218,869682
167226,874319
517882,476303
517884,443871
517886,756463
517892,446260
517898,791139
517905,354445
517911,321714
517911,753928
517914,335742
517930,774557
517946,479517
517953,450700
517955,375476
517960,364595
517960,441297
517970,794008
517982,250135
517993,845217
518004,900458
518004,916335
518008,897618
518008,418962
518009,443933
518016,308503
518026,178456
518031,897142
518040,439911
518042,429217
518046,870269
518048,828794
518052,619083
518054,447443
518070,888459
518083,427112
518093,453803
518126,591605
518139,913081
518150,390546
518157,401323
518185,322622
518186,579791
518187,456331
518192,182909
518196,360367
518200,448071
518208,917535
518211,464336
518212,441639
518216,786106
518220,906332
518235,445770
518237,907451
518243,360754
518243,902462
518254,926881
518262,905978
518267,237699
518268,766552
518275,326335
518277,441399
518292,312833
518293,465483
518293,870205
518293,320931
518298,820269
518300,912655
518302,453576
518310,472060
518314,400228
518315,868483
518323,388107
518324,446725
518325,375804
518328,353625
518331,813049
518340,196718
518348,443236
518351,777840
518355,293511
518367,443919
518374,917136
518381,189246
518386,540276
518390,438774
518391,444240
518399,892913
518407,330623
518409,315419
518412,358484
518413,455077
518413,881838
518420,448531
518427,453214
518428,770743
518432,320548
518433,320656
518434,480525
518435,766121
518457,320941
518470,779969
518472,440185
518486,448892
518488,344767
518491,370590
518495,465707
518496,871743
518501,897871
518510,317104
518511,454814
518523,278885
518529,462337
518537,448450
518544,842677
518544,473924
518548,520437
518551,452024
518555,790571
518567,432284
518568,454415
518573,375180
518579,319019
518588,451369
518597,879505
518598,199163
518604,429252
518605,405478
518613,454581
518615,318502
518631,737210
518633,346547
518636,435392
518650,897052
518668,403852
518668,895394
518680,225380
518701,428582
518715,454390
518719,389577
518730,448799
518736,313352
518737,309710
518738,318809
518738,526969
518746,869818
518756,421132
518757,442229
518763,419229
518771,459323
518794,319162
518794,526048
518797,955070
518806,390406
518813,443284
518814,457937
518817,357240
518820,626766
518822,898612
518823,592302
518824,307447
518825,457328
518825,333587
518827,888976
518839,396206
518856,475579
518862,850535
518875,312906
518877,193275
518883,368738
518893,351462
518896,915534
518905,241211
518919,313337
518926,443199
518927,328785
518933,348687
518935,325660
518946,438532
518951,877246
518952,525563
518956,853641
518957,442758
518958,457904
518963,828361
518963,425892
518964,419125
518976,915148
518979,411309
518988,432677
518988,317837
518991,313488
519010,891970
519013,444715
519015,504935
519030,404584
519037,460487
519042,833233
519044,324299
519049,504754
519052,913982
519059,317719
519060,447016
519065,827786
519069,305571
519069,329211
519073,312428
519077,442817
519080,439192
519094,289528
519100,424277
519106,909673
519115,862232
519140,451018
519155,435724
519160,850906
519180,745301
519181,434430
519183,441472
519214,881352
519216,903702
519225,429784
519226,415103
519226,387595
519228,894942
519228,432932
519228,444554
519230,323837
519230,330988
519231,405823
519235,437439
519237,883482
519240,317791
519245,317622
519252,840361
519260,404758
519272,314433
519273,325313
519273,796150
519293,403541
519293,447808
519301,198702
519305,368282
519305,789585
519309,448459
519317,826898
519319,558550
519324,465816
519327,863793
519330,447445
519331,896505
519332,272632
519335,462882
519338,447335
519343,199661
519354,417171
519362,413318
519363,331086
519369,447832
519373,898580
519375,456047
519380,451205
519388,883962
519390,795822
519390,887476
519393,835930
519396,834443
519402,439137
519403,418151
519404,314852
519404,314980
519413,431892
519414,321417
519415,792549
519420,387644
519422,900456
519426,881530
519426,320608
519428,379034
519429,426984
519430,469152
519435,933354
519440,400571
519445,322598
519447,358520
519452,323878
519456,448099
519466,872011
519476,313306
519483,405166
519492,434466
519497,436924
519501,460710
519511,382901
519515,440193
519516,322987
519522,367481
519522,881570
519522,386796
519524,571527
519529,785949
519530,829076
519542,440056
519555,449846
519557,388729
519566,417180
519569,424379
519579,323705
519587,909948
519591,908070
519593,247081
519603,902969
519605,456870
519620,392374
519622,885470
519632,423949
519633,445216
519637,320353
519645,795334
519648,819357
519650,442314
519659,299625
519663,429790
519664,410999
519680,413962
519680,452223
519692,743265
519692,815308
519696,470727
519713,453363
519713,442807
519720,608550
519726,319514
519746,879463
519773,179377
519781,408041
519785,306865
519786,919972
519792,203333
519804,322454
519806,770317
519808,779283
519812,423624
519814,316416
519818,431228
519823,304210
519826,317313
519837,241582
519842,322582
519849,448289
519854,449770
519865,455429
519867,309741
519868,903830
519872,346343
519879,959098
519880,520614
519890,928854
519900,466511
519923,289073
519930,372840
519935,309684
519935,315036
519944,831100
519952,448214
519966,407156
519988,448036
520006,848908
520014,463797
520028,295491
520047,315643
520059,291082
520065,211786
520070,931107
520074,434967
520081,733679
520082,419860
520086,173346
520091,564411
520093,915144
520094,593350
520095,323809
520095,874434
520111,414693
520113,395444
520114,796839
520126,313525
520144,461442
520149,905069
520151,406194
520153,751900
520157,890638
520163,454214
520173,488357
520180,325309
520189,363660
520212,858331
520217,882260
520220,553986
520222,359211
520223,205023
520226,405932
520247,475408
520251,319358
520254,442292
520273,437176
520284,877533
520284,793807
520289,324703
520297,357727
520308,184802
520317,583773
520321,326907
520328,401060
520329,895164
520349,499281
520349,897356
520351,406853
520351,434681
520385,454150
520393,311877
520393,839807
520396,457968
520401,182148
520407,480596
520414,454548
520430,398419
520437,918290
520446,843077
520459,319962
520474,308315
520476,452211
520488,457864
520496,787830
520503,377620
520503,318297
520534,479456
520537,406046
520538,493788
520548,313557
520550,443534
520558,425878
520560,461481
520564,525933
520583,908286
520590,346383
520596,444602
520610,325628
520619,394893
520623,316243
520632,383405
520635,464411
520640,914524
520647,391762
520662,326767
520663,910618
520668,318026
520674,393364
520675,434579
520677,217547
520680,495208
520687,234379
520688,360411
520689,327415
520697,431929
520701,879510
520702,464566
520717,846390
520722,322527
520726,865272
520741,399329
520754,437841
520779,314918
520787,326043
520794,848627
520805,438073
520807,315912
520815,824250
520816,449968
520818,335023
520820,908959
520837,313594
520837,400113
520845,735358
520867,188854
520869,442542
520871,389765
520873,405695
520874,542370
520882,447416
520884,472915
520889,460958
520897,347745
520901,483165
520910,441222
520913,223464
520915,906653
520916,885548
520916,433662
520931,559413
520931,446864
520946,371197
520948,914837
520959,365888
520962,927520
520963,456048
520980,806243
520992,432272
521005,295574
521024,479121
521026,209200
521028,316484
521030,894557
521030,205501
521031,469528
521032,809257
521034,359878
521044,390913
521045,409249
521049,439937
521053,422732
521055,425170
521057,274681
521064,889942
521066,504731
521071,430855
521071,315537
521073,354479
521081,396417
521091,446008
521103,338008
521104,510901
521105,894376
521123,841007
521127,844249
521133,452019
521134,405117
521136,374352
521139,426990
521150,544283
521155,425955
521161,912176
521163,808195
521166,901501
521169,436055
521177,472171
521191,319209
521200,536691
521200,766691
521206,261104
521218,240637
521230,897547
521232,421714
521253,321662
521263,449996
521266,322172
521269,316160
521277,441195
521277,323462
521282,893547
521296,465774
521300,284748
521300,442447
521302,398142
521315,811836
521351,330569
521366,321166
521371,482890
521385,321551
521386,325574
521400,827484
521402,774944
521416,478024
521418,858361
521419,445569
521422,536126
521423,253942
521449,445805
521452,317212
521460,484566
521463,439878
521469,323340
521476,462549
521477,353111
521479,359959
521481,321702
521484,435398
521487,446336
521508,421612
521512,929251
521513,856908
521514,383604
521516,336115
521518,317304
521519,324161
521530,457145
521531,389383
521531,507747
521533,445057
521536,817999
521548,460278
521563,788668
521570,452776
521578,914966
521582,782640
521582,461266
521585,743211
521587,778404
521588,587473
521592,314235
521595,438069
521599,444439
521625,370477
521628,463023
521632,444444
521639,460724
521642,442919
521655,322595
521678,898853
521680,323050
521681,297860
521701,435250
521701,314810
521702,439355
521716,321516
521718,892334
521724,317105
521725,554567
521725,444186
521731,448212
521737,417172
521748,547016
521749,884182
521754,520807
521764,384100
521766,569553
521771,354635
521775,461084
521788,540289
521789,316559
521792,820438
521803,776435
521808,449567
521811,875329
521812,551993
521813,371718
521824,318446
521832,485294
521839,481231
521843,304890
521848,317309
521856,435728
521857,325419
521857,404131
521867,925981
521870,321384
521873,392877
521877,914806
521883,260341
521891,573251
521893,328455
521899,432110
521905,878720
521922,315437
521929,319885
521930,453316
521930,751210
521937,421757
521940,499835
521948,807414
521948,895841
521952,429219
521961,320179
521961,911941
521971,333376
521973,316850
521980,874461
521985,435292
521996,459964
522010,345408
522020,320719
522021,882185
522030,820630
522041,454315
522051,525668
522052,790120
522053,876068
522059,316822
522076,876475
522092,422005
522098,320494
522109,873894
522110,474104
522110,452888
522114,909954
522123,876127
522128,435511
522131,418402
522138,323853
522156,424027
522158,457359
522159,252157
522175,892688
522180,301751
522205,322063
522212,395279
522215,397866
522225,447878
522226,318777
522235,336674
522238,396806
522242,495201
522243,848116
522247,213485
522251,463271
522256,817912
522266,819041
522268,859540
522270,293153
522275,927228
522277,443470
522284,780404
522292,489637
522306,442518
522317,228236
522322,894426
522322,765505
522324,414486
522330,454296
522336,539246
522368,262706
522375,760383
522376,812350
522379,326105
522398,450773
522402,205109
522402,319907
522415,919818
522415,466000
522417,334769
522418,384273
522427,822127
522435,294924
522452,461781
522454,773514
522456,492840
522466,324353
522472,794936
522475,518084
522477,899330
522482,445786
522484,315577
522493,430075
522514,328463
522526,427782
522528,453113
522542,321256
522569,190489
522577,443648
522585,922911
522586,451126
522595,825311
522598,454637
522599,895478
522613,397836
522616,407253
522627,460069
522629,452226
522633,339304
522644,360823
522646,914711
522648,311359
522651,909126
522669,750358
522674,319743
522678,415637
522693,454898
522693,346246
522698,868474
522708,451008
522714,480549
522737,366313
522737,344224
522737,872529
522740,897780
522776,314010
522782,449223
522789,446864
522792,875953
522793,261008
522794,393673
522796,882499
522796,444955
522811,570257
522814,562758
522828,454621
522830,265719
522832,867841
522836,447633
522857,850993
522858,327307
522861,792887
522861,873877
522862,398279
522872,439011
522880,475831
522884,553796
522908,865064
522913,450891
522936,452535
522937,928747
522944,318184
522948,437934
522954,211939
522959,447985
522978,446046
522980,320115
522987,281391
522993,319530
522994,319704
522997,838491
523000,516573
523000,567194
523003,866640
523003,209796
523003,443581
523004,897194
523010,615688
523017,834579
523018,560324
523018,897459
523021,917053
523024,865473
523024,943557
523025,469867
523033,315998
523041,920697
523045,204296
523054,894232
523064,887226
523069,844193
523075,431254
523079,527560
523090,402502
523095,880307
523098,430893
523099,369376
523101,866578
523110,321081
523110,456349
523113,455038
523120,335291
523123,899620
523126,517013
523131,443479
523137,221734
523138,312665
523153,774078
523167,364831
523173,441021
523180,158886
523180,445579
523198,857173
523199,325674
523220,426703
523221,833786
523233,882926
523237,547034
523240,418303
523249,325954
523249,172655
523283,460244
523284,322707
523307,256313
523312,409594
523319,436259
523335,863733
523342,314316
523345,588009
523357,440193
523363,841705
523372,892252
523376,157124
523383,903869
523390,487692
523396,355884
523419,442198
523425,323134
523437,322538
523445,816277
523478,922164
523479,372441
523496,889454
523497,449644
523505,859740
523507,816877
523510,786400
523515,180301
523544,826239
523549,907108
523555,895568
523558,273873
523558,408665
523564,171908
523577,791564
523578,904475
523589,452513
523589,366652
523598,912175
523610,831960
523617,574016
523624,437623
523624,894195
523637,952110
523640,939056
523655,893920
523657,466235
523657,202351
523674,925863
523674,795109
523689,905843
523693,366808
523693,418800
523700,332036
523705,440153
523720,430180
523724,318925
523735,322033
523751,443845
523756,205350
523763,735129
523763,404807
523781,401468
523784,451244
523805,899362
523817,325577
523817,880053
523827,408852
523844,320287
523861,448365
523862,546331
523864,406616
523864,881796
523872,437821
523872,903240
523873,451501
523873,890044
523877,867552
523882,897981
523885,896679
523886,443470
523887,440165
523888,906717
523892,833554
523893,308441
523898,320312
523919,426333
523926,394587
523930,921819
523942,219232
523959,389299
523961,913165
523966,414060
523985,178341
523986,312661
523989,374518
524006,783462
524021,452423
524025,447026
524054,767240
524059,391498
524071,589479
524077,495827
524078,896155
524082,354093
524096,525462
524101,440929
524106,869238
524126,403358
524133,843943
524142,324111
524152,900756
524157,859494
524158,883221
524185,772800
524189,457946
524190,874807
524192,251330
524199,489595
524200,432350
524208,323728
524219,292717
524224,309607
524228,395501
524229,400860
524237,487669
524257,325634
524259,423324
524275,450767
524278,391286
524281,319719
524305,881671
524310,344739
524323,310584
524325,432952
524330,905274
524330,878404
524332,421120
524338,318996
524342,516498
524348,404818
524352,789423
524352,436075
524356,438511
524366,224147
524367,399983
524370,428321
524372,483592
524383,491601
524390,381534
524398,437576
524406,366965
524425,451727
524441,927174
524441,337091
524455,373890
524455,456842
524459,437769
524460,869382
524467,934360
524480,443963
524481,439303
524497,791078
524510,487306
524541,430947
524541,368919
524544,890022
524549,874251
524555,887249
524559,372404
524561,748975
524573,462117
524576,522969
524586,438339
524589,898429
524607,310299
524611,404036
524618,489029
524638,154439
524639,307145
524645,869879
524647,197168
524649,451894
524652,895170
524664,317785
524673,433683
524677,931813
524685,434844
524710,325420
524719,153414
524725,869178
524727,323169
524732,886024
524735,298992
524736,933002
524736,920189
524739,318817
524744,185589
524747,889656
524759,186359
524766,532135
524775,320205
524775,443975
524778,442420
524780,472396
524781,283502
524786,798486
524791,430713
524795,406730
524796,337032
524802,917164
524812,411760
524814,459799
524832,325375
524834,350908
524842,934995
524845,579048
524846,451188
524848,329111
524876,809823
524883,768871
524886,454033
524891,886599
524893,863395
524893,448956
524894,312269
524899,314857
524901,774724
524904,853934
524904,366951
524909,528141
524911,730334
524915,824691
524925,923258
524929,389516
524935,792479
524938,406122
524939,339304
524956,854292
524966,434183
524967,886345
524971,382489
524973,905935
524977,226643
524985,916311
524987,462307
525001,338806
525003,893484
525017,437772
525021,446870
525023,865479
525023,388142
525025,334217
525029,447728
525032,405981
525034,430940
525043,851273
525046,438155
525069,462756
525075,215169
525087,882888
525091,910931
525102,430416
525119,241806
525121,442842
525133,258879
525145,923848
525145,395199
525148,873872
525163,840468
525165,224030
525169,459257
525171,857150
525177,347177
525186,912835
525201,405448
525210,362622
525229,267257
525233,902637
525257,450503
525261,925579
525265,874360
525268,449854
525274,314582
525277,330297
525288,235198
525290,273817
525295,320044
525297,374170
525297,456029
525310,862940
525317,889423
525318,740202
525326,400034
525329,730754
525348,919068
525356,896641
525364,856833
525366,298243
525371,920551
525374,340797
525380,397040
525383,918075
525391,433869
525391,436608
525397,296010
525403,438243
525405,213704
525421,380522
525426,295036
525430,400689
525437,938366
525446,373217
525446,465001
525451,339036
525452,421357
525455,214493
525460,886793
525474,931331
525478,323466
525485,894606
525506,905976
525525,532454
525530,395494
525546,774789
525554,326072
525554,277202
525555,470422
525556,917574
525564,212877
525564,474208
525568,853052
525570,318382
525572,757978
525575,213329
525593,363645
525598,215428
525599,577721
525611,444340
525613,781932
525614,445980
525615,213641
525615,467057
525617,426400
525626,508783
525632,449779
525633,214025
525636,859470
525645,907058
525654,437854
525655,844631
525659,213466
525661,406238
525671,934648
525671,917059
525672,873851
525672,449802
525673,286692
525676,831705
525678,350110
525688,236709
525690,859928
525691,314400
525694,437542
525704,925467
525711,404341
525714,460200
525717,323357
525723,376406
525723,890466
525747,434358
525749,825632
525750,335177
525770,312857
525777,469260
525780,213903
525793,215865
525796,367102
525798,213476
525800,895879
525808,213718
525817,318704
525820,213816
525825,213460
525831,156494
525833,921616
525836,233838
525856,214024
525861,932991
525870,891443
525890,214297
525894,215123
525898,377475
525900,213566
525902,190965
525904,213934
525911,434825
525919,903338
525921,213258
525927,212805
525956,917926
525958,902991
525959,214077
525960,917658
525986,436941
525991,213733
525994,932726
526000,839063
526001,803121
526004,434558
526006,215815
526008,498789
526016,215474
526023,214262
526033,350417
526034,438875
526041,460387
526042,213061
526050,761078
526063,331076
526066,912601
526069,412295
526074,322808
526077,213582
526092,214704
526099,432486
526103,598157
526106,212829
526113,869556
526118,213449
526125,249107
526127,212510
526127,445238
526133,212601
526135,880253
526138,369095
526155,899344
526156,213212
526160,612710
526165,862785
526179,214048
526180,213157
526182,371947
526184,211347
526191,215797
526195,212644
526201,448673
526201,214243
526212,215671
526216,214830
526219,898937
526231,213425
526251,457635
526251,918724
526261,213844
526270,779330
526284,433183
526285,215459
526299,213009
526312,891370
526316,445992
526320,825877
526326,213952
526331,523301
526336,829406
526337,441769
526338,214958
526339,321635
526342,348497
526342,213265
526348,213909
526357,809132
526359,213692
526369,212361
526370,468118
526372,214494
526372,214285
526374,313324
526375,213299
526379,213708
526380,374827
526385,460892
526388,214693
526394,443374
526397,925672
526405,213136
526406,436933
526409,214047
526409,212926
526414,547565
526417,848503
526427,213935
526429,214120
526431,214214
526433,897627
526437,214031
526441,213231
526442,545591
526443,370625
526443,399859
526444,449074
526444,213044
526445,214601
526445,213487
526447,213326
526448,211789
526458,212956
526461,212277
526464,213265
526464,396887
526465,776981
526465,213729
526466,214537
526467,214698
526470,287085
526471,359915
526475,212433
526476,213667
526487,214314
526500,443702
526502,212678
526508,213539
526511,196418
526513,429049
526517,215079
526517,493556
526521,213146
526530,450251
526534,211392
526538,213062
526541,211094
526542,212355
526545,214116
526548,215438
526550,456952
526555,213139
526555,213060
526557,214621
526562,300792
526563,213359
526567,215115
526567,441726
526568,213453
526569,290676
526573,213459
526574,861508
526575,214182
526581,352859
526583,320457
526584,900371
526585,213203
526590,214705
526601,380930
526602,213448
526613,214026
526620,213964
526622,213795
526622,472115
526622,901316
526624,901064
526626,904557
526626,956917
526628,214246
526633,214560
526634,215518
526635,213324
526641,452342
526650,396107
526652,185109
526653,417380
526657,843702
526658,464364
526662,211820
526662,215492
526669,911272
526674,214921
526677,212329
526679,855038
526680,213844
526682,214376
526682,392344
526684,214494
526686,401169
526688,867900
526703,215184
526704,423147
526706,319928
526711,563383
526711,213325
526711,444802
526715,855307
526716,215569
526718,464278
526722,215283
526723,446146
526726,420022
526726,213541
526727,214630
526729,213316
526729,213764
526739,214507
526741,215989
526744,315650
526744,894248
526745,356780
526748,859001
526751,436626
526753,213236
526759,213921
526760,212534
526763,398093
526767,267837
526768,214324
526770,214418
526773,215143
526773,453201
526776,439596
526776,399580
526777,213397
526779,214160
526780,214191
526784,212210
526787,213774
526791,215248
526791,213631
526791,212950
526792,213882
526802,214273
526803,212119
526805,341918
526806,738289
526812,213010
526824,214907
526831,214723
526831,214650
526831,304036
526834,452140
526834,325114
526835,213986
526835,213049
526838,215193
526839,214381
526840,216197
526844,214138
526850,904115
526851,392516
526853,212520
526854,388418
526854,867993
526856,216331
526857,211772
526859,213087
526862,353264
526863,563333
526865,214355
526869,306395
526873,213516
526873,213785
526879,214032
526880,437942
526882,214144
526883,213426
526885,213568
526887,212506
526888,212763
526889,213025
526895,213535
526895,754724
526896,308907
526896,212982
526898,212702
526899,212771
526905,214470
526907,212401
526909,213545
526913,213395
526914,213117
526915,214126
526915,936573
526917,215195
526919,215355
526921,449545
526921,215339
526925,214673
526927,214028
526930,214142
526931,897802
526933,234807
526933,213428
526934,215521
526934,211618
526935,449958
526935,426734
526936,400888
526937,213751
526941,214679
526942,214625
526942,213173
526944,214438
526948,213264
526952,213567
526953,214047
526960,213728
526961,426226
526962,930635
526963,385562
526966,910399
526971,213394
526971,214654
526972,214111
526980,212681
526980,213299
526981,214086
526984,214773
526986,214534
526987,214058
526987,213641
526988,215285
526989,905679
526990,213417
526991,806783
526991,906808
526992,213794
526993,212554
526994,342459
526995,214678
526996,399687
527004,213200
527006,214567
527007,212886
527007,214553
527008,215228
527014,431935
527015,215846
527017,214104
527023,214218
527025,922992
527031,211496
527031,213776
527034,449256
527036,215055
527038,213595
527039,212512
527041,382709
527043,490700
527045,215257
527047,895784
527048,214294
527048,213040
527051,213190
527052,214601
527054,312832
527054,212433
527056,213715
527056,214588
527059,214242
527063,213617
527063,213665
527066,212959
527066,214570
527067,481048
527076,213316
527076,906586
527077,214572
527077,211980
527081,213732
527084,215054
527085,449591
527087,215888
527089,212683
527091,441940
527092,922034
527097,216103
527098,216268
527102,214351
527104,346449
527105,212146
527105,214836
527107,214326
527114,215020
527114,213225
527114,213303
527115,435131
527119,916649
527120,214895
527121,214967
527123,911720
527125,214534
527130,214326
527133,214801
527134,214535
527134,215622
527140,214053
527140,212905
527141,213906
527144,214447
527145,435322
527145,214525
527146,213497
527148,215046
527148,213588
527153,451597
527153,876831
527156,214254
527158,214677
527160,212772
527160,215340
527162,212573
527164,213769
527164,213893
527165,213468
527165,215233
527166,214374
527169,350332
527175,215080
527175,213725
527176,213220
527182,192022
527182,214486
527183,214130
527187,212933
527189,189421
527190,214430
527190,213553
527191,214310
527195,213178
527195,212922
527198,855369
527200,214009
527201,213466
527204,213216
527213,251876
527213,214270
527214,213013
527216,388859
527217,214860
527218,461432
527219,212546
527222,533487
527223,436674
527225,187708
527227,214155
527228,215133
527228,213547
527229,213819
527230,214883
527232,212178
527233,245390
527235,417176
527237,214990
527239,215492
527240,214600
527241,212903
527248,213959
527249,214001
527250,212410
527251,213043
527253,213425
527253,213920
527254,935729
527255,542466
527256,215073
527257,464420
527261,212887
527262,431154
527262,452794
527263,212856
527265,213661
527265,376448
527266,214451
527267,215099
527268,214095
527269,436977
527269,213716
527270,213048
527271,213144
527274,214100
527276,214293
527276,214337
527277,407223
527278,972785
527278,212948
527279,214347
527280,212889
527280,212360
527286,335634
527287,213096
527289,215148
527293,214512
527294,214591
527295,213068
527295,212706
527296,214168
527296,910467
527297,215400
527298,401463
527301,214883
527303,213088
527305,213520
527316,214643
527317,901115
527322,214227
527326,212952
527340,214301
527340,213500
527343,426319
527344,373661
527346,213593
527347,213776
527348,102584
527349,212883
527351,212536
527353,438718
527356,212546
527357,215839
527358,213890
527360,214367
527361,214841
527365,212671
527366,215562
527366,864409
527368,212809
527369,214654
527370,215530
527372,442095
527374,214757
527375,214401
527375,211898
527375,213721
527377,213288
527378,214891
527379,893794
527380,213562
527381,213167
527382,400347
527382,214119
527383,213946
527383,412950
527383,212892
527386,922499
527386,211629
527388,213981
527388,213172
527388,878004
527389,360321
527391,214109
527392,213631
527392,214135
527398,213136
527398,215148
527399,213607
527401,212853
527402,213172
527404,212786
527405,213235
527408,211274
527408,214368
527409,215225
527410,213255
527410,212729
527410,214654
527414,211859
527414,213680
527414,215179
527415,214451
527417,896245
527419,214046
527421,213572
527422,212062
527423,213748
527423,211975
527423,214099
527426,215441
527426,458626
527427,213491
527433,547913
527435,418017
527436,212831
527436,211825
527438,214868
527439,449657
527439,212635
527441,440571
527441,215053
527442,213812
527442,214889
527444,214893
527446,213731
527450,215766
527450,214708
527451,213663
527451,214644
527451,213849
527452,213406
527452,213712
527452,348846
527453,214929
527453,212421
527454,213634
527455,213370
527457,213862
527459,215313
527460,212142
527461,215459
527461,214049
527462,214185
527464,215089
527464,213959
527465,213916
527466,216306
527468,212776
527468,213758
527474,215343
527476,338710
527479,452555
527480,213921
527480,215055
527483,213266
527486,213507
527487,211932
527492,445558
527492,212931
527497,215078
527500,213411
527504,725513
527505,213960
527507,213264
527507,212748
527508,212294
527508,212527
527510,322640
527510,215338
527511,910674
527512,214370
527516,213846
527519,168345
527521,212704
527523,212859
527523,214283
527524,602262
527526,212798
527528,212287
527529,214162
527533,212996
527534,214557
527537,213717
527537,214118
527538,215352
527540,212671
527541,213904
527542,215082
527542,212760
527543,213705
527544,215016
527544,215334
527545,214837
527546,214728
527546,212998
527551,214987
527551,213120
527551,212901
527552,214370
527553,212363
527554,214457
527556,214740
527559,921746
527559,213280
527562,214268
527564,212686
527564,213658
527565,212701
527566,212131
527568,214582
527568,427592
527568,214050
527570,215153
527572,214757
527574,213288
527575,215509
527576,213607
527576,214054
527581,214651
527587,214407
527588,214786
527589,211863
527590,214753
527590,213573
527591,294849
527600,214984
527600,213856
527600,908341
527600,564940
527601,215479
527601,214013
527604,214372
527608,213763
527608,212530
527609,213328
527610,213636
527613,214849
527614,212344
527615,213287
527617,880867
527618,211393
527622,216187
527622,214128
527622,213111
527624,214314
527629,569374
527629,212637
527635,874780
527638,211853
527640,213780
527640,215363
527641,213577
527644,214522
527646,213227
527646,214928
527646,213492
527647,213172
527648,213030
527649,213277
527650,402590
527651,214672
527652,213137
527653,214484
527658,213625
527659,212861
527660,212322
527661,213629
527663,213504
527665,213181
527665,214219
527666,212473
527667,212668
527668,214779
527668,264197
527676,214896
527678,213238
527678,213536
527679,214847
527689,318131
527690,214074
527690,213827
527691,212163
527692,213566
527692,214746
527695,212975
527695,214071
527696,212983
527696,214648
527696,214248
527698,213680
527698,213289
527701,472935
527702,215245
527705,215378
527706,215196
527707,213610
527707,213384
527709,214412
527710,212759
527711,212962
527711,213785
527717,213473
527721,213983
527723,214602
527727,213493
527728,453676
527728,212797
527730,843448
527735,214423
527737,212236
527738,448102
527739,214069
527740,213575
527740,212388
527741,214583
527746,212634
527747,213038
527748,212922
527749,215931
527749,214609
527750,214210
527752,213125
527752,214129
527753,213270
527756,213252
527757,214789
527758,216399
527759,280936
527763,211477
527763,215177
527764,214190
527767,884681
527768,445113
527768,213050
527768,213410
527770,215792
527772,213588
527772,343142
527774,213621
527775,213630
527776,213737
527777,214570
527777,216007
527777,214263
527778,213658
527778,215049
527779,420636
527779,214032
527779,214072
527779,213282
527782,437398
527783,338431
527783,212656
527786,214386
527786,214489
527786,213415
527786,213302
527790,214360
527791,212768
527791,213124
527791,213926
527793,914453
527794,202648
527795,213725
527796,789578
527798,213925
527798,213220
527805,214227
527805,213775
527806,213441
527808,215895
527808,214450
527811,407016
527813,214358
527814,214078
527815,214633
527815,215239
527817,214947
527818,213315
527819,428409
527820,212073
527821,215488
527822,212740
527822,211890
527823,211562
527823,214622
527823,915386
527823,447757
527824,214525
527827,213400
527829,212803
527829,212808
527830,890403
527833,213710
527833,216038
527834,213509
527834,214284
527835,921468
527835,212581
527836,215152
527836,213792
527837,214560
527837,212611
527837,213254
527840,213818
527841,213323
527842,214728
527843,212510
527844,214617
527844,213959
527845,425776
527845,213582
527847,212964
527850,214902
527850,214132
527851,213100
527851,214139
527852,214445
527854,212292
527855,213043
527855,213855
527856,429810
527857,213828
527861,212965
527863,875037
527863,213449
527865,215991
527866,213851
527867,215288
527867,213705
527868,214382
527869,214447
527870,214138
527870,214389
527871,214123
527872,215169
527872,338754
527872,914202
527875,214012
527877,216300
527882,214448
527883,213265
527883,452369
527883,215975
527884,906394
527884,213548
527886,211890
527886,212924
527886,214922
527887,214199
527888,214214
527890,214804
527892,214511
527893,213664
527897,420528
527898,213600
527900,213505
527902,213561
527904,213174
527907,213241
527907,213741
527907,213817
527908,914191
527910,214813
527910,213822
527912,215489
527912,213302
527914,213974
527916,214666
527917,214243
527917,216567
527917,215999
527918,215013
527921,213214
527924,214645
527925,213432
527925,214126
527925,213067
527926,215864
527928,466045
527928,214436
527928,214203
527930,215219
527931,213200
527932,213746
527933,213704
527934,213258
527937,213126
527937,215290
527939,212767
527940,215458
527941,214401
527944,214898
527945,215982
527946,464106
527947,214053
527947,213135
527948,214088
527948,216126
527949,213138
527949,216170
527950,214414
527951,213980
527951,212751
527953,214580
527957,212829
527958,473744
527959,213628
527960,212652
527960,214053
527960,214520
527962,213256
527963,214464
527964,463685
527965,213704
527965,213162
527966,214585
527966,213653
527966,213035
527969,214014
527969,215254
527973,213368
527974,212973
527975,214184
527981,214014
527984,804577
527985,215626
527987,213602
527988,212484
527988,216084
527990,214206
527994,212810
527995,215641
527997,213902
527998,212698
527998,212963
527998,212741
527999,426920
528000,212731
528003,213442
528004,213711
528009,214628
528010,212292
528012,372405
528021,214992
528021,214177
528022,214051
528022,213392
528022,212953
528023,211789
528023,214826
528023,212794
528026,212893
528026,214760
528027,911957
528029,213838
528030,216151
528030,214975
528030,212176
528034,214434
528034,214901
528035,215564
528036,370705
528038,216333
528039,213812
528039,214198
528040,212958
528040,213380
528042,214715
528044,214772
528046,213353
528046,215216
528047,214704
528048,214351
528049,212826
528050,212416
528051,455296
528052,214552
528053,215027
528054,391987
528055,213875
528056,213437
528057,215143
528057,214499
528058,214329
528058,846141
528060,213904
528061,301666
528061,213380
528061,213577
528063,364686
528064,213538
528065,212818
528069,396121
528069,215755
528071,212881
528072,213037
528072,435497
528073,514963
528074,213949
528074,213422
528075,213680
528075,214540
528076,213544
528077,214446
528079,213870
528079,213926
528081,213829
528082,212656
528082,213759
528083,212800
528085,497343
528086,212932
528088,307983
528090,213539
528091,215021
528091,452821
528092,213046
528093,969912
528094,213435
528096,214749
528096,213166
528097,478601
528097,213762
528099,215079
528101,213054
528101,214610
528104,214968
528106,213701
528108,213461
528108,213181
528110,215871
528110,213760
528111,212933
528111,213659
528112,213158
528112,213705
528114,214444
528114,213187
528114,214268
528115,213548
528116,215160
528118,214151
528118,212528
528118,213944
528119,216136
528122,213889
528123,213336
528124,389780
528124,214640
528126,212891
528127,901160
528127,213836
528127,215053
528128,214492
528131,214307
528133,212545
528133,215487
528136,213289
528136,213563
528137,214329
528138,316424
528141,365183
528142,412876
528143,213901
528145,773588
528146,213103
528148,428149
528148,213719
528148,213722
528148,213693
528149,213552
528150,215371
528151,214200
528155,214073
528155,213948
528156,181322
528156,213867
528157,215996
528157,213545
528157,212246
528158,213833
528159,215038
528161,214574
528163,214923
528164,212057
528164,212114
528164,216298
528164,213598
528166,215136
528166,214517
528167,410580
528170,215078
528170,214256
528171,213910
528172,213885
528173,213695
528176,212202
528179,439702
528179,212931
528180,211350
528182,214203
528184,446239
528185,379898
528187,215018
528187,212708
528189,213509
528190,214080
528191,413373
528192,214227
528192,215211
528196,214802
528197,213334
528199,215352
528200,799131
528201,214556
528202,213325
528202,340014
528203,213693
528204,213742
528204,214226
528207,212715
528207,211359
528208,214098
528211,212313
528211,213090
528213,213902
528213,215455
528215,214714
528217,214406
528220,213879
528220,213604
528220,213760
528221,212291
528221,215118
528225,299965
528225,213664
528225,213742
528228,214040
528229,215214
528231,213961
528232,215377
528232,215254
528233,214696
528234,214503
528236,214685
528236,212851
528236,213109
528237,213979
528238,215366
528240,453266
528243,214575
528243,213487
528244,212215
528244,215062
528247,855278
528247,212312
528247,212765
528248,597578
528249,881369
528250,213171
528252,213184
528254,213385
528254,211512
528254,528846
528255,214952
528255,213861
528255,212136
528256,215840
528259,214084
528261,214141
528261,214124
528263,213439
528265,213097
528265,212482
528266,243408
528266,212297
528271,213161
528272,212683
528272,214407
528273,213363
528274,213790
528278,213928
528279,213844
528279,213951
528279,778799
528280,214851
528280,449993
528281,212861
528283,213202
528285,837832
528287,212370
528287,213081
528287,936268
528288,198425
528290,430021
528292,214889
528293,213615
528294,214054
528294,215235
528296,213798
528296,213634
528299,214684
528302,212852
528305,213805
528305,215851
528310,332459
528311,212810
528311,214407
528312,808822
528312,212648
528312,213854
528314,214071
528318,213955
528320,212405
528320,213923
528321,214032
528322,213197
528323,727170
528323,901373
528324,214945
528325,456900
528326,212691
528327,214619
528327,213170
528328,213933
528330,215327
528333,892029
528334,212904
528336,212220
528338,214513
528340,214984
528341,216121
528343,214785
528343,214457
528345,214634
528347,214722
528347,214594
528348,213459
528349,212703
528349,215128
528350,216592
528355,213773
528356,214034
528357,214114
528357,213992
528362,213256
528362,215440
528363,212721
528363,479348
528365,213441
528366,213874
528367,924469
528368,214999
528369,213552
528372,213628
528373,211956
528375,215091
528375,215061
528375,214831
528379,214566
528381,214997
528382,451303
528382,213956
528383,879366
528385,214186
528387,214935
528388,214924
528390,212909
528390,212404
528392,876326
528394,214727
528394,214876
528395,447672
528395,213412
528396,330189
528397,212453
528398,215132
528402,212079
528404,437702
528406,212667
528408,216088
528409,862150
528409,213143
528410,219368
528412,212387
528413,214393
528416,215057
528417,212259
528417,212951
528418,213652
528418,214229
528418,214091
528418,215441
528419,214520
528420,213940
528421,213173
528426,397541
528426,213455
528426,214081
528427,212838
528428,212524
528428,211879
528430,213719
528430,375727
528430,213026
528432,214883
528432,213757
528433,212586
528433,924325
528434,214208
528435,213525
528436,213962
528436,214546
528437,214179
528441,215163
528441,214378
528444,215159
528445,213052
528446,214765
528447,214312
528447,212422
528448,214022
528450,214532
528450,213707
528451,214517
528452,213423
528453,217111
528456,214728
528456,879581
528457,213534
528458,214538
528460,215221
528462,212534
528463,214799
528463,212508
528464,214058
528465,212900
528465,215163
528465,214079
528466,215278
528467,347037
528467,746715
528470,215372
528472,213468
528473,214246
528475,213248
528478,213386
528480,214650
528480,213636
528481,213683
528482,214468
528482,213726
528483,212608
528483,213074
528485,216236
528487,488808
528488,379353
528489,213144
528490,215097
528491,213765
528495,214512
528495,212849
528496,213938
528498,212810
528498,213769
528499,214018
528500,213074
528501,213413
528501,213289
528502,213267
528502,213093
528503,214974
528504,213146
528504,213757
528505,215217
528506,214042
528506,214392
528507,213513
528512,452127
528514,214355
528515,214815
528516,212817
528516,213569
528517,213358
528520,214644
528520,213878
528521,212831
528524,214865
528525,213828
528525,214192
528526,214393
528528,213777
528528,251194
528531,213611
528532,213893
528532,211685
528532,215014
528534,214118
528535,213613
528535,214852
528536,214693
528537,215351
528539,213590
528542,212331
528543,133512
528546,212577
528546,214327
528548,212992
528549,215741
528552,213656
528552,214567
528555,212917
528555,215425
528557,215256
528560,892888
528561,214849
528562,215815
528562,213752
528563,213810
528564,214369
528564,213213
528564,213687
528565,215014
528565,214584
528566,212947
528566,214617
528568,214024
528570,212440
528570,214554
528570,393616
528571,214436
528571,214208
528575,354083
528576,212659
528578,446731
528581,213288
528581,212747
528581,213749
528584,214587
528587,213530
528588,214364
528588,214996
528590,214552
528592,213594
528592,215751
528592,213175
528593,213823
528593,214251
528593,828690
528594,212563
528597,214718
528598,213782
528599,215252
528600,214528
528600,214009
528601,213744
528602,213646
528604,211647
528605,214427
528605,215253
528615,214143
528618,191187
528618,214568
528619,215302
528620,215146
528620,213983
528620,214837
528621,213437
528624,212807
528626,214363
528626,215718
528628,214272
528629,213517
528630,214548
528633,213820
528636,212090
528637,443890
528638,214377
528638,214303
528639,214526
528640,213021
528642,214415
528645,213280
528646,213064
528646,212829
528648,213094
528655,799372
528657,902867
528657,900274
528658,878843
528659,213229
528660,215217
528663,214283
528663,213920
528664,214708
528664,215267
528665,813759
528668,213290
528669,214615
528670,212824
528674,213518
528674,213039
528676,214095
528677,825925
528678,214487
528679,214195
528682,211954
528682,214417
528683,212827
528683,214748
528684,801382
528684,213903
528685,854579
528688,215905
528691,324177
528694,213789
528694,214388
528694,214904
528698,215091
528699,215689
528701,213754
528703,213232
528708,214031
528709,214863
528709,212039
528710,879462
528710,213689
528711,212666
528711,214111
528712,214797
528715,212103
528716,214178
528717,905243
528717,213614
528717,212207
528718,213228
528718,213606
528718,212973
528719,212564
528719,431569
528721,214194
528721,213305
528722,214584
528723,213420
528723,356105
528724,214519
528724,213607
528725,214282
528727,213939
528729,214952
528731,214165
528731,213550
528731,214155
528731,213223
528732,215018
528734,213715
528736,213626
528737,213636
528737,213170
528737,214804
528737,214800
528740,437830
528741,214324
528741,213383
528743,215087
528744,212470
528746,213525
528748,213371
528749,214506
528754,215637
528756,759475
528757,214007
528759,213440
528760,212902
528760,212518
528760,213659
528764,934968
528767,214090
528767,213685
528767,215094
528767,214709
528768,215899
528771,214283
528776,213704
528777,454323
528778,214401
528778,214902
528779,215104
528782,215016
528782,213512
528782,214929
528784,214628
528785,214579
528787,212710
528790,213205
528792,214980
528793,214730
528794,214088
528794,214540
528796,213810
528796,212792
528796,213839
528797,214974
528798,212693
528800,214646
528800,212786
528805,212621
528806,214392
528807,214201
528807,215156
528809,215183
528811,602618
528811,214254
528815,213677
528818,214321
528818,214202
528819,212867
528821,213163
528822,215253
528823,450357
528826,212870
528827,212134
528828,214123
528830,214142
528830,918856
528832,213554
528833,864609
528834,214614
528837,215448
528837,214091
528838,212835
528839,214400
528839,215478
528841,215107
528843,212350
528844,212895
528845,213566
528846,417953
528847,213965
528848,214044
528851,214087
528852,213147
528853,214335
528853,215270
528855,214506
528860,213958
528861,316994
528862,213760
528863,213393
528863,904605
528865,213560
528866,213703
528871,213460
528873,213217
528877,886364
528877,470951
528878,213207
528879,213631
528884,216338
528884,215056
528890,320105
528891,213709
528894,213082
528895,415900
528901,215069
528901,445251
528902,213512
528907,213108
528909,215106
528909,216012
528911,214754
528913,213202
528915,215117
528915,213621
528916,213777
528917,213772
528917,213339
528923,212897
528923,213986
528924,214373
528926,213690
528929,214118
528929,214352
528931,875039
528933,211471
528935,213504
528936,213071
528937,214022
528938,213019
528941,214220
528942,211715
528943,216083
528944,213853
528947,212176
528947,213769
528948,212730
528949,211313
528950,328913
528950,212790
528951,214637
528952,214397
528958,373477
528960,212408
528961,212636
528971,213297
528971,213502
528977,214490
528978,214082
528979,215377
528981,213243
528983,212370
528987,753241
528989,213791
528994,213919
528994,213359
528994,215473
528995,217022
529000,213115
529003,214765
529005,395258
529006,211050
529006,212023
529016,213317
529017,214444
529018,214993
529018,214319
529026,214791
529026,215450
529028,832355
529030,214210
529031,214295
529032,214276
529033,342254
529036,216341
529037,213156
529045,460009
529052,910756
529058,420744
529060,213604
529060,211358
529062,320921
529062,212722
529068,773855
529070,213072
529070,213494
529074,214315
529074,214445
529079,212397
529079,213570
529085,213759
529088,903000
529091,214903
529091,198952
529092,804838
529093,377309
529094,529092
529095,212748
529096,213648
529098,874304
529098,214343
529101,213815
529103,211507
529111,214164
529114,214182
529115,214172
529118,212095
529123,214294
529124,212807
529129,440890
529129,213749
529131,215009
529132,216138
529134,892368
529135,214777
529137,921824
529139,214458
529141,214494
529145,212747
529146,212302
529147,213835
529147,216122
529147,214634
529154,214612
529161,213120
529161,213508
529163,213121
529166,213728
529168,212297
529169,883736
529173,312057
529175,867559
529175,927934
529179,894031
529180,213104
529181,212234
529183,214667
529183,904406
529185,874920
529186,343124
529186,899048
529188,215106
529190,214360
529191,213598
529194,214549
529194,213741
529194,213727
529201,213506
529201,214020
529202,214000
529206,213265
529207,213824
529207,212371
529208,212383
529208,213387
529211,214862
529213,309324
529215,438353
529216,212895
529218,216632
529220,212708
529221,212424
529222,930282
529223,214021
529227,214220
529230,948756
529231,214776
529232,215705
529234,214915
529237,212791
529243,214265
529247,211766
529248,214265
529249,215568
529249,213088
529253,213529
529256,215511
529256,214997
529256,405174
529257,212986
529258,213345
529259,212273
529260,212580
529263,874590
529265,292235
529267,213318
529269,213849
529270,213322
529274,216592
529275,213296
529277,213588
529279,212675
529279,213842
529280,212043
529281,213990
529283,213650
529286,866769
529287,212961
529288,212689
529290,214596
529291,179871
529291,213321
529296,212374
529301,214811
529303,328503
529304,213488
529304,215006
529308,443993
529310,383193
529313,213929
529317,212080
529319,212033
529320,213141
529320,214510
529324,212337
529325,215000
529328,213150
529330,212686
529335,461110
529340,213456
529342,214919
529344,214096
529349,886392
529349,213258
529349,387336
529350,215176
529351,211534
529352,214710
529358,213513
529360,879410
529361,211824
529364,465741
529366,214226
529366,212607
529367,213687
529376,213295
529379,213448
529384,214778
529384,380403
529386,235172
529387,870864
529389,214405
529390,393083
529391,214740
529392,214710
529392,363575
529396,432951
529398,940278
529400,212313
529400,215339
529411,215539
529413,213849
529414,213962
529417,214804
529418,211548
529425,211791
529428,213797
529428,797086
529435,213016
529437,214044
529448,215756
529450,212904
529458,213934
529465,215284
529465,215055
529466,215180
529471,213834
529477,214308
529478,214483
529480,216056
529483,215305
529483,214102
529483,429638
529489,214389
529490,214347
529495,859541
529497,214613
529499,214534
529500,929160
529502,213051
529503,213768
529505,211999
529509,426838
529512,213612
529514,214049
529517,215436
529523,213179
529526,212586
529527,816062
529527,905654
529534,403702
529535,213263
529536,213214
529537,214576
529538,213637
529545,214902
529545,214500
529549,213124
529549,214596
529549,214275
529551,212162
529555,895896
529564,387996
529565,433991
529567,214719
529571,214868
529572,213109
529573,213029
529573,213063
529574,925704
529574,213518
529575,214029
529576,215396
529577,215126
529579,397171
529580,368534
529584,213120
529584,893638
529584,213890
529588,214127
529588,444220
529589,213998
529590,777006
529596,895548
529598,213417
529600,215893
529601,213610
529602,212929
529603,213513
529604,397880
529604,287872
529607,213752
529618,526612
529619,214789
529623,213935
529625,214977
529625,213612
529625,926964
529627,216369
529628,212692
529628,236784
529632,213037
529638,335027
529644,214663
529646,212575
529647,213535
529649,784527
529650,341980
529651,305227
529663,371894
529663,212226
529666,215242
529668,213471
529669,214104
529670,447061
529675,905302
529682,213599
529682,213546
529685,215888
529685,576206
529691,212478
529693,212448
529701,212497
529702,441430
529702,214944
529705,214838
529705,213974
529710,214341
529712,212382
529713,904147
529713,215178
529714,213139
529717,213275
529723,213327
529723,289698
529726,213642
529727,833684
529733,411092
529741,404291
529742,212142
529742,212555
529745,179093
529747,883572
529750,212945
529750,213200
529753,215044
529756,873134
529756,216048
529759,213472
529759,407562
529761,148036
529764,889920
529765,213940
529766,213327
529766,215135
529767,213079
529772,363455
529775,214020
529778,835108
529779,330976
529789,213667
529792,832947
529793,214024
529797,320843
529798,212267
529801,213339
529803,213884
529805,230522
529809,433569
529811,215133
529819,909544
529820,876582
529821,213839
529824,213309
529828,213547
529830,371193
529832,212927
529834,325914
529836,504729
529836,214131
529836,214186
529848,214770
529848,528843
529850,323910
529851,915588
529857,213749
529858,214239
529864,201264
529866,876571
529867,728041
529876,215167
529876,216174
529877,214376
529879,332778
529882,889438
529883,212898
529885,930310
529886,214962
529893,213137
529894,214936
529900,324257
529906,213819
529921,916344
529926,211752
529932,214571
529935,929986
529945,427320
529947,215982
529949,919106
529950,214059
529955,213776
529961,911351
529972,159419
529973,212885
529982,435457
529983,186197
529991,216032
529992,215111
529995,213472
530005,306662
530013,420321
530018,909156
530019,214293
530022,819305
530024,213010
530031,214531
530036,212739
530039,213341
530043,921108
530059,323038
530059,214092
530065,214174
530065,214520
530069,214841
530075,213289
530082,213686
530086,462899
530093,202638
530100,214044
530101,882501
530106,490563
530114,213657
530117,399852
530117,810064
530123,215765
530124,262129
530125,213644
530127,213487
530130,213428
530145,934439
530145,308154
530146,215596
530147,214773
530150,213854
530151,879217
530168,406664
530180,213864
530184,918359
530188,876253
530191,283000
530192,432398
530194,455587
530195,213001
530198,388772
530202,213352
530202,214631
530205,192234
530207,212758
530208,212482
530210,213372
530213,439173
530213,213355
530216,289573
530217,214584
530224,510829
530225,214913
530231,212597
530234,454245
530238,212563
530238,214070
530241,211428
530242,406047
530245,932817
530246,392150
530249,901597
530251,207929
530252,214478
530261,212819
530268,811683
530276,893346
530277,898364
530288,213224
530290,213377
530292,855909
530299,829353
530300,299812
530301,393724
530312,744847
530317,921049
530330,213642
530339,213786
530342,412303
530348,227205
530350,454901
530350,212781
530351,213969
530360,314351
530360,215654
530362,923489
530365,212087
530367,213264
530370,865155
530370,845877
530375,215851
530378,410981
530380,306756
530383,852708
530392,897710
530399,491490
530399,216248
530409,214329
530422,213029
530435,903438
530439,565683
530441,357487
530447,237963
530452,358078
530464,828927
530466,389653
530483,438103
530493,877843
530502,388072
530505,423809
530507,439213
530508,214117
530510,438861
530511,330327
530515,212580
530516,212698
530530,213917
530544,458589
530546,384128
530554,836245
530566,850422
530568,349338
530589,306887
530595,403055
530618,900954
530620,354905
530624,900424
530635,214570
530642,890875
530653,816235
530653,214321
530654,214757
530672,910229
530672,873928
530692,915508
530692,214282
530694,933775
530700,440795
530706,416276
530707,266278
530712,300595
530734,404942
530744,214464
530761,321165
530771,900803
530774,214679
530781,450168
530784,212800
530786,356367
530789,412819
530820,214820
530830,313953
530832,383489
530845,414571
530858,183347
530860,934062
530862,317638
530868,214311
530882,213788
530883,441389
530891,214491
530909,214223
530912,928286
530924,859700
530938,481315
530940,428362
530942,364468
530945,362934
530946,255722
530953,415920
530989,319557
530999,371392
531018,389128
531048,838177
531082,922644
531099,254864
531109,294197
531123,882955
531136,832203
531145,734378
531145,331163
531150,468546
531156,601079
531174,186659
531207,778445
531219,868742
531221,365170
531223,882265
531223,483201
531236,468953
531250,469277
531253,915944
531265,919519
531286,811837
531288,321572
531306,430196
531345,895512
531347,382564
531362,374147
531372,375483
531373,414140
531380,215130
531382,213421
531392,403085
531398,319774
531399,430193
531411,474024
531422,913522
531426,384450
531433,922855
531446,397197
531448,415943
531465,236161
531492,856888
531510,333360
531523,297458
531529,908493
531535,854947
531539,449764
531547,908215
531555,320620
531567,879426
531568,486615
531576,874936
531580,213960
531585,321177
531604,869706
531611,406371
531615,910243
531626,937362
531632,868695
531636,212137
531637,890794
531659,203010
531664,264795
531664,320767
531668,206934
531671,449360
531678,882729
531687,926313
531707,854900
531713,407382
531714,835254
531730,926288
531751,912503
531757,328435
531763,456731
531772,389956
531774,292588
531774,357930
531779,327031
531781,908615
531800,444563
531823,916287
531823,187462
531829,390543
531840,912040
531846,811585
531849,876472
531849,868327
531851,448954
531875,319635
531904,386220
531924,890342
531926,901641
531930,305280
531937,213967
531944,870720
531969,553063
531970,451824
531975,324773
531985,878849
531990,929069
531992,466300
531995,197103
531997,402517
532003,791408
532003,934675
532008,421337
532018,401190
532024,876049
532026,351515
532030,285743
532034,348076
532040,432249
532055,419632
532077,433947
532085,842360
532089,437693
532093,791126
532094,833716
532102,887131
532109,441088
532110,287021
532118,918327
532123,184688
532127,378156
532133,743587
532135,911954
532143,295861
532145,879150
532146,550041
532152,880850
532153,190698
532153,846178
532174,470794
532178,332914
532182,382792
532188,891600
532208,445818
532210,889520
532210,259521
532214,399342
532222,923298
532227,464379
532230,338456
532236,792321
532237,184100
532247,446190
532255,907419
532255,459450
532257,218817
532258,891722
532269,927916
532269,771610
532275,835780
532283,481558
532310,349830
532327,903459
532331,200082
532339,906842
532352,909989
532353,801084
532364,308839
532388,471885
532397,892324
532401,857555
532413,442006
532425,477117
532428,381461
532433,861341
532447,409533
532450,781530
532454,936683
532497,467887
532509,920227
532511,300758
532517,400252
532519,341238
532520,406445
532521,779568
532534,442017
532541,910620
532546,535258
532560,278808
532561,382723
532569,902640
532574,346529
532580,168293
532586,955577
532589,403887
532590,915280
532592,469455
532596,287007
532606,917549
532615,474232
532617,410778
532620,175543
532633,270087
532634,842882
532644,882513
532644,425879
532648,371215
532655,413771
532663,339634
532679,878586
532685,256936
532692,923526
532693,905554
532694,402228
532704,396971
532708,844338
532714,810612
532727,876398
532739,817326
532750,907590
532750,415861
532756,464806
532757,886838
532800,397705
532802,902843
532809,342860
532822,434852
532823,185017
532823,479122
532826,915704
532829,890478
532836,387364
532837,330030
532842,928737
532848,901811
532863,388227
532866,211857
532889,599824
532890,452396
532892,342873
532893,483679
532897,901305
532938,903591
532938,903769
532948,924642
532952,314351
532955,170664
532959,409763
532963,396054
532973,904441
532984,401446
532988,920466
532997,454456
533004,892764
533009,941215
533015,931791
533028,356358
533031,349010
533062,498429
533071,927648
533086,438691
533098,332657
533121,492615
533125,417099
533128,324101
533135,242354
533140,335630
533155,876651
533157,896504
533169,932678
533172,895888
533173,486833
533176,882526
533199,930018
533204,329369
533219,435701
533219,354350
533229,214813
533244,875973
533254,310810
533256,893041
533259,891553
533260,176409
533266,140604
533267,540907
533269,885772
533272,403605
533274,397246
533277,300665
533280,356977
533283,803816
533309,459150
533317,453280
533326,896124
533329,420955
533333,428003
533344,571897
533359,298008
533366,450074
533390,487700
533400,452800
533426,914763
533427,928428
533430,842187
533435,319749
533456,329066
533459,911429
533460,881130
533467,373542
533472,912215
533481,395810
533486,909662
533486,871296
533496,915508
533520,831030
533522,378523
533527,920262
533532,891267
533535,892200
533545,329620
533557,879642
533566,456899
533567,411933
533570,438383
533578,249117
533583,440640
533591,447540
533598,916529
533603,408822
533609,221671
533618,271908
533622,524169
533631,862910
533655,869795
533677,916818
533681,423872
533685,925905
533689,266686
533709,439811
533711,766550
533714,393206
533720,364696
533722,507403
533725,384295
533725,815180
533727,388960
533729,568398
533734,344044
533745,875461
533752,875161
533767,336570
533782,360129
533796,202020
533800,903879
533809,416327
533829,354899
533831,872261
533846,340274
533847,895968
533850,382392
533855,459942
533864,308763
533872,565837
533874,787423
533876,825239
533877,855974
533880,390308
533897,306069
533902,900040
533912,900558
533914,507072
533915,916512
533929,379300
533929,908307
533956,898382
533956,819633
533961,292338
533977,434692
534023,912564
534042,542169
534057,886984
534070,906901
534073,922042
534080,183415
534095,261305
534098,879894
534103,376050
534108,442319
534109,942542
534120,335857
534122,442096
534124,407609
534128,876526
534129,926151
534136,884179
534164,902775
534166,485428
534185,424046
534198,379201
534199,905812
534201,913105
534203,406012
534205,365002
534215,373391
534217,909560
534218,393477
534223,380738
534232,390211
534242,328430
534247,448573
534264,386562
534266,209934
534267,264290
534267,899088
534273,182545
534277,889162
534280,894674
534282,535060
534294,280132
534307,448337
534307,460623
534309,763257
534323,903701
534325,464260
534336,808577
534337,442866
534347,864186
534348,198481
534361,427197
534374,304221
534380,905949
534385,367056
534387,315546
534399,859638
534405,311920
534416,428764
534418,852919
534423,385732
534430,863112
534443,850628
534446,928375
534454,454750
534459,469668
534462,804549
534471,895377
534478,926073
534479,291060
534493,893248
534495,597675
534511,461586
534515,298309
534569,310276
534572,906553
534572,817483
534574,923444
534579,891316
534585,903333
534586,396631
534613,799116
534626,435805
534646,904608
534649,338536
534663,410033
534669,301837
534669,762295
534685,291907
534689,163685
534690,329677
534700,915509
534714,425511
534722,882781
534729,819353
534748,922461
534793,934029
534793,585586
534802,401653
534816,898125
534825,890945
534827,380004
534830,312037
534833,902467
534838,397899
534850,549214
534853,919377
534854,460605
534889,468528
534894,784109
534908,360797
534924,542073
534931,372790
534938,925860
534942,372230
534942,444495
534948,911982
534948,472500
534956,883748
534962,901816
534964,438024
534967,912056
534976,918324
534978,926636
534981,787158
534981,902214
534998,856830
535005,898080
535009,737567
535021,172639
535023,295637
535024,923812
535025,402765
535029,456232
535035,329590
535040,300259
535051,403726
535051,324824
535070,196133
535073,886490
535074,909829
535074,860991
535075,467930
535089,350402
535090,521864
535102,922504
535103,312893
535112,859003
535114,925754
535116,901764
535120,437541
535133,443918
535134,860288
535148,863460
535149,441643
535150,134862
535157,882881
535175,319165
535182,273018
535183,239745
535198,369841
535201,866417
535214,187018
535216,565561
535230,796508
535247,427198
535253,471283
535255,451870
535261,934507
535261,904237
535261,375512
535264,392699
535279,444029
535283,449840
535285,364990
535291,904964
535296,348449
535324,464360
535333,921779
535345,838921
535349,373137
535353,527419
535359,454589
535384,306169
535393,203099
535393,372300
535397,332419
535416,318697
535423,921621
535429,237356
535437,460658
535438,794476
535453,812696
535460,848980
535470,806865
535482,362561
535489,346402
535492,412444
535493,278645
535493,307186
535505,879948
535519,460647
535524,389724
535535,907143
535535,437374
535557,335628
535564,892819
535582,349607
535605,819063
535606,243964
535607,318943
535619,309248
535629,400778
535631,434976
535638,416106
535656,354609
535657,900540
535673,308565
535677,873202
535681,461080
535681,895234
535697,864521
535710,922712
535716,851390
535723,890689
535727,322464
535744,923323
535749,434136
535753,900965
535762,338364
535771,808813
535776,477482
535781,332831
535812,929253
535820,405329
535844,419455
535848,884313
535851,310368
535853,870136
535856,423439
535858,410724
535881,367928
535885,239477
535887,417907
535889,858244
535899,155990
535899,935280
535901,919153
535909,842273
535922,291618
535926,157239
535932,324646
535943,845934
535947,297941
535948,370391
535961,916480
535962,397450
535964,314810
535983,895354
535987,850705
536006,857932
536009,314742
536011,233311
536015,887656
536016,285091
536017,882615
536042,914516
536043,915062
536046,898884
536048,325304
536054,390610
536060,372111
536063,452801
536092,403913
536103,297692
536104,871324
536107,837698
536116,346994
536129,270671
536132,882195
536133,799767
536133,858804
536136,702948
536139,884320
536143,896213
536148,916668
536162,896067
536164,462469
536166,379262
536176,840968
536179,385537
536194,277787
536199,904794
536203,318344
536204,784591
536208,312888
536209,892305
536211,322761
536213,590303
536219,222630
536233,477246
536244,226490
536248,230540
536251,919853
536254,918678
536262,870990
536284,934591
536286,864714
536289,332433
536307,899710
536333,894481
536335,326389
536335,882231
536344,299402
536348,420907
536348,874212
536350,890017
536391,857136
536418,919767
536433,332838
536459,417361
536464,174208
536465,912231
536477,366159
536489,316490
536504,397433
536508,932792
536527,353410
536534,889102
536541,437047
536549,336458
536575,327724
536579,901851
536592,885156
536605,319625
536608,310384
536623,466616
536628,297490
536637,374209
536644,478989
536662,925269
536668,792579
536671,868114
536677,553468
536695,186166
536697,458423
536703,893463
536707,325992
536719,893629
536728,384847
536729,888901
536731,382777
536732,208623
536737,208823
536764,427591
536765,206139
536765,915293
536768,838661
536774,303992
536776,903116
536778,894999
536779,871785
536781,384432
536794,401752
536805,237434
536807,924713
536809,915918
536816,845073
536822,824472
536824,410865
536827,307309
536843,333622
536861,914247
536863,323300
536866,889686
536878,395405
536884,159223
536901,854304
536905,321115
536909,351648
536934,424873
536934,419650
536935,751425
536939,537152
536945,883048
536947,450500
536960,196053
536963,874295
536969,290340
536970,903458
536974,922473
536978,867680
536981,368135
537031,329982
537037,905313
537050,868539
537056,379602
537066,492380
537077,921126
537090,475223
537100,934507
537107,334603
537134,446886
537150,343526
537174,336309
537177,908671
537194,434576
537198,172103
537214,361824
537220,307035
537235,882627
537235,888414
537239,326463
537259,893603
537260,329646
537297,916268
537311,319533
537315,479787
537326,869316
537333,345801
537349,893226
537351,412812
537354,168023
537355,311462
537369,921354
537373,219155
537373,892525
537374,871737
537374,344064
537384,906754
537391,440007
537474,884762
537474,882137
537477,363913
537485,363226
537492,304327
537501,197421
537511,455930
537544,885581
537548,394588
537575,290577
537575,869615
537576,369711
537576,930338
537579,417573
537584,387923
537596,916469
537596,396015
537598,326477
537603,863378
537606,349020
537614,887041
537624,843358
537627,898530
537643,831587
537652,393287
537656,306021
537666,865199
537673,348351
537691,888383
537695,236912
537697,352383
537709,881967
537711,410491
537728,923045
537729,898135
537746,924594
537746,208425
537752,379771
537755,872768
537777,892676
537788,857352
537803,298252
537807,502560
537813,377855
537817,903156
537819,917004
537820,381316
537829,189290
537836,907392
537854,893840
537864,285523
537888,756059
537893,447854
537903,377239
537914,376439
537922,910041
537923,205229
537926,446897
537932,253216
537933,352816
537934,136467
537936,374310
537957,372444
537987,911734
537990,249363
537993,411420
537997,402354
538008,320910
538023,449107
538029,324262
538032,137944
538053,890565
538060,814566
538070,870757
538071,565722
538072,384247
538085,366825
538091,895957
538091,863790
538109,301574
538118,912186
538129,367739
538165,883412
538171,899174
538172,343362
538175,907191
538177,766246
538182,824140
538198,864251
538213,917937
538219,325086
538224,477796
538227,929120
538240,862955
538252,461500
538270,227012
538280,894422
538297,899248
538302,367242
538307,909191
538314,336312
538317,343521
538336,443017
538349,910315
538352,393505
538354,385881
538361,214038
538362,791836
538373,356544
538381,834162
538395,395493
538395,396043
538403,911469
538409,282966
538410,453178
538410,451323
538428,895592
538430,445823
538431,811641
538433,911169
538438,196491
538444,918610
538449,279328
538466,318622
538473,358893
538477,820285
538478,178230
538485,912532
538491,898660
538501,456831
538509,456517
538510,913039
538514,354387
538526,878039
538535,345087
538547,885506
538553,894928
538564,389537
538591,347345
538607,427123
538617,326657
538625,433573
538628,235058
538635,923131
538644,381210
538657,290531
538660,915427
538669,321642
538675,803139
538675,808419
538688,917964
538689,383234
538709,347160
538741,297599
538751,412016
538753,406025
538758,257305
538766,464694
538781,327510
538781,364055
538790,872031
538798,391237
538834,349577
538835,891565
538836,899159
538853,844838
538868,330328
538868,901391
538868,892988
538871,382690
538879,763546
538885,863445
538891,861096
538900,320126
538912,399291
538914,457154
538925,315581
538929,891522
538933,914133
538937,407815
538942,180349
538947,875277
538957,339641
538961,391097
538964,228944
538972,461657
538990,429283
538996,814990
538997,593895
539009,401755
539013,935398
539016,580179
539019,344365
539022,875884
539034,880282
539037,489090
539041,374362
539047,483207
539062,404314
539067,320015
539078,895451
539095,950330
539098,851846
539105,908055
539119,470321
539134,905904
539136,862502
539139,850717
539150,440132
539180,881747
539187,394996
539197,387756
539212,902625
539213,386829
539215,368659
539221,915127
539223,921865
539225,481030
539227,894146
539227,373500
539228,907218
539228,360862
539246,900928
539257,399397
539258,404491
539269,305752
539278,897833
539281,941798
539284,216721
539294,361894
539311,371644
539316,856475
539337,571584
539343,386199
539347,899123
539378,894958
539381,898058
539392,449748
539400,922328
539420,331973
539432,895002
539445,835196
539453,904021
539479,354148
539480,966458
539488,853937
539506,929762
539533,942365
539539,460315
539547,400579
539550,892441
539566,394316
539574,918544
539577,400013
539577,328181
539582,390045
539589,816733
539591,393397
539613,380389
539619,876954
539622,320085
539624,919910
539628,902644
539642,411102
539653,893346
539676,862975
539712,445787
539741,431856
539749,889261
539752,382443
539771,335646
539791,297126
539792,902944
539806,311339
539809,877321
539812,867139
539832,900597
539835,183371
539847,588315
539856,195638
539856,323883
539857,392215
539860,219737
539862,478943
539868,903624
539893,760596
539897,928508
539902,894208
539903,425707
539907,921787
539907,351468
539919,912073
539932,903181
539937,301033
539941,383641
539948,868505
539958,814336
539967,424654
539970,936406
539986,386779
539994,815837
540019,314092
540042,416149
540053,913133
540074,314673
540078,893637
540083,337529
540084,304464
540098,922522
540100,314118
540100,875415
540106,862801
540108,333529
540119,867249
540147,882835
540194,908671
540194,773717
540197,330484
540201,920172
540208,288462
540216,890967
540217,911985
540220,945910
540236,898962
540238,433449
540249,399998
540250,843093
540274,282156
540281,891652
540296,348638
540303,286850
540307,795026
540336,431232
540340,214862
540342,884210
540345,870355
540352,857179
540352,523886
540364,393607
540374,250848
540382,281643
540391,903709
540393,946344
540398,932615
540398,477448
540403,589518
540404,918011
540405,894492
540407,317161
540419,348260
540422,454668
540428,241008
540429,857403
540430,269952
540432,360346
540435,892222
540446,888511
540470,923580
540480,332616
540485,896494
540496,793802
540513,885369
540519,391007
540521,894882
540531,197184
540531,872079
540537,824333
540540,926155
540542,896017
540553,323853
540570,895441
540575,203154
540586,868286
540596,400960
540610,793662
540618,856660
540627,882999
540634,883448
540636,307269
540641,891650
540642,297474
540653,334767
540658,303522
540663,450486
540664,897184
540673,832283
540685,331519
540686,456190
540687,431122
540688,443304
540699,904470
540700,336329
540707,912344
540731,934494
540745,377829
540747,321762
540754,414983
540755,262105
540778,466263
540788,276204
540799,449526
540804,893433
540813,885068
540821,256367
540824,878761
540831,265923
540849,470279
540862,452144
540867,326808
540872,882408
540883,905285
540888,903866
540889,863263
540890,189446
540902,201291
540910,391520
540916,931698
540918,344419
540925,395767
540925,939716
540926,913278
540932,261132
540940,887703
540958,908399
540974,533547
540978,422692
540983,784782
540986,382030
540993,612504
541011,461362
541015,821404
541023,324188
541058,914184
541066,882338
541097,901873
541102,846165
541111,314468
541113,902474
541122,340204
541122,184276
541128,220900
541129,324852
541157,372931
541164,585616
541167,353991
541174,408163
541175,309434
541190,405297
541238,338715
541243,302097
541261,369142
541261,332140
541271,429045
541274,910771
541278,495571
541312,227561
541322,884038
541333,347996
541337,168450
541353,350149
541358,301393
541370,361414
541386,330300
541388,925051
541390,922212
541412,878822
541415,427286
541426,375695
541442,299074
541443,850642
541449,802814
541452,883926
541467,278156
541481,280067
541490,879730
541526,900953
541542,278949
541547,883593
541552,286944
541570,418856
541570,357895
541573,890875
541589,318384
541599,785111
541604,867991
541605,455495
541617,474068
541644,928250
541652,883761
541658,891987
541661,894574
541669,294545
541721,298585
541723,842236
541729,242833
541737,907160
541745,211330
541756,902869
541757,869824
541765,176259
541777,198361
541782,355600
541793,329634
541806,353235
541817,319913
541843,368842
541857,342574
541880,876150
541885,363767
541887,358636
541889,787641
541892,348077
541908,311773
541922,399345
541934,891608
541934,877480
541935,911136
541946,283271
541954,895270
541956,870945
541957,895043
541957,357168
541982,438508
541986,355213
541986,183942
542048,149408
542061,310583
542063,872258
542064,906747
542076,885882
542076,864090
542090,342472
542091,945105
542097,854488
542118,322435
542121,892024
542139,920306
542144,393590
542170,266723
542192,837933
542193,380530
542196,791769
542206,352558
542210,932155
542214,420281
542233,326375
542236,329372
542243,385338
542244,205891
542259,458359
542271,234094
542278,278107
542303,592338
542307,346258
542314,944068
542317,370501
542328,550298
542329,894186
542349,920308
542351,454258
542372,240345
542376,368787
542380,879309
542382,848435
542427,913789
542429,890500
542463,306192
542464,287558
542472,934053
542476,213576
542481,373531
542483,869750
542501,918548
542528,936873
542537,344404
542542,896337
542566,907789
542566,285249
542578,550140
542594,882269
542595,823151
542596,897217
542605,306852
542606,341630
542613,556653
542616,883567
542619,904231
542621,906221
542621,877732
542624,375689
542628,925197
542651,341057
542658,861950
542663,859869
542664,494967
542675,844261
542680,921256
542708,852712
542709,911320
542717,251528
542729,349282
542736,891097
542736,763541
542737,875604
542746,436817
542751,492916
542757,351625
542760,316781
542762,885116
542763,388923
542787,362662
542828,316192
542842,916136
542842,337978
542854,354646
542865,230106
542891,341164
542896,307603
542955,181085
542988,890065
543000,421824
543018,278811
543035,311779
543052,364487
543060,907740
543086,391022
543092,874471
543099,919903
543100,294442
543111,319687
543115,912636
543123,855923
543135,888496
543149,884605
543151,215886
543151,230987
543161,871829
543169,226788
543169,941375
543172,322938
543180,270026
543181,902790
543183,765173
543187,330639
543192,900101
543199,755646
543211,240440
543213,931814
543219,438910
543231,876468
543233,898259
543236,444619
543252,896739
543259,262758
543286,342555
543318,397794
543340,365009
543342,884836
543346,412024
543354,907507
543359,897598
543364,342622
543368,474536
543372,924262
543380,601133
543396,187405
543408,239138
543412,217977
543413,902412
543419,926852
543424,888945
543426,872537
543433,305810
543435,910763
543469,920546
543471,883555
543475,878331
543477,395814
543482,901252
543487,310626
543517,861463
543518,903772
543545,246041
543594,239223
543598,412115
543601,269711
543619,910345
543624,877258
543631,923095
543639,455628
543648,596647
543650,314434
543658,893604
543659,881616
543661,907579
543661,315265
543683,446828
543688,485233
543707,887116
543708,477643
543711,426597
543718,881047
543723,245254
543729,869244
543730,609452
543735,907067
543736,877732
543763,331005
543769,343069
543775,840040
543777,388017
543781,486487
543788,307060
543800,848427
543800,193204
543802,284124
543814,880623
543814,888391
543823,798297
543827,383541
543841,879808
543843,299231
543847,233208
543852,365238
543852,325531
543870,336251
543871,303407
543881,332433
543889,916374
543889,383524
543900,457045
543930,896732
543934,890786
543936,464622
543938,317414
543938,919013
543941,904572
543947,910540
543967,933393
543976,862524
543993,926632
544001,507502
544002,905605
544015,335488
544028,940553
544032,333845
544055,321142
544063,827495
544065,592104
544065,419761
544077,402477
544081,840116
544089,477197
544097,880198
544108,327271
544118,897521
544120,361762
544127,896915
544137,901734
544146,897345
544195,226123
544200,918758
544202,280783
544215,248304
544221,909694
544254,913322
544257,358869
544273,276544
544286,398585
544302,335797
544305,329051
544306,906475
544319,598596
544350,322254
544351,204756
544357,916640
544358,305476
544359,902431
544362,793712
544365,481211
544381,463070
544382,925465
544430,381063
544453,266244
544463,914244
544489,355732
544492,908091
544494,341305
544510,887197
544550,877586
544556,895990
544561,178218
544563,899446
544569,197223
544586,398939
544586,414995
544593,263375
544608,333234
544624,727138
544645,298936
544645,355992
544648,493252
544650,359173
544652,849936
544654,838281
544657,896239
544665,829101
544679,174216
544686,907373
544687,857741
544689,878127
544696,934540
544712,554183
544720,883935
544724,933048
544743,292658
544757,226125
544760,320797
544762,900786
544776,211542
544780,297987
544780,333837
544791,420081
544794,412216
544797,293418
544806,801359
544842,217578
544844,280345
544850,349183
544896,389445
544905,899103
544953,197571
544954,471231
544966,917265
544969,896958
544972,858916
544975,363014
544976,391036
544976,375258
544984,916609
544985,909458
544987,204417
544993,187539
544995,927912
544999,287639
545008,168682
545008,846352
545015,504269
545015,859631
545018,805900
545020,354388
545021,877893
545035,340869
545038,903108
545047,407056
545055,905058
545070,394816
545073,868770
545081,881459
545081,884856
545106,387578
545112,332321
545121,893556
545125,943706
545126,903186
545130,879847
545134,891682
545138,324559
545141,462983
545153,851275
545164,400503
545166,397260
545181,323917
545208,878483
545209,892847
545213,885665
545216,445781
545220,857889
545224,904538
545234,899785
545238,197321
545250,924270
545258,888330
545263,917883
545267,895903
545268,465813
545278,324134
545287,390982
545307,869622
545324,311656
545325,444363
545335,900045
545355,309263
545362,433520
545362,369127
545400,863783
545403,454224
545406,348445
545413,323406
545416,378920
545423,449151
545477,458580
545483,393049
545491,929325
545514,272851
545517,925411
545518,230622
545520,500002
545528,376856
545542,919190
545556,896955
545562,846871
545569,150872
545573,851723
545592,881382
545608,901701
545610,371945
545613,333216
545629,915988
545629,328775
545634,171338
545635,904243
545639,466340
545663,908691
545668,869908
545676,859600
545680,889639
545693,305319
545693,891356
545705,313388
545713,895531
545714,323252
545728,824551
545753,354998
545766,912557
545782,915256
545790,896694
545794,898316
545800,496161
545804,329964
545807,227798
545811,436935
545817,329314
545846,305536
545880,209619
545888,900165
545889,253404
545898,411753
545926,387959
545929,414408
545941,896180
545943,612375
545965,911566
545979,354789
545985,883548
546036,414164
546038,757740
546055,397936
546056,340090
546064,286652
546065,421618
546072,917815
546075,896218
546093,387034
546112,351212
546125,423148
546128,942243
546133,880659
546144,895913
546171,224865
546183,871280
546184,208497
546188,615205
546205,910139
546206,391812
546216,912509
546225,319142
546232,882958
546243,887410
546249,898170
546263,360246
546269,454144
546269,243034
546274,287530
546279,294556
546290,890130
546318,840980
546339,871083
546341,931551
546350,317590
546367,317921
546372,923811
546381,294319
546391,929001
546394,275450
546408,359282
546418,891384
546420,376982
546423,407594
546432,875043
546451,930845
546487,880156
546495,385788
546497,344344
546499,383206
546503,876540
546513,277226
546516,882083
546516,291229
546533,316246
546544,914918
546547,882543
546552,909848
546580,315680
546591,843857
546617,349614
546625,397931
546631,397369
546632,850013
546638,915805
546645,864673
546651,350059
546651,942939
546660,348124
546675,278625
546687,392027
546725,889351
546732,880272
546751,916694
546758,295432
546764,897024
546764,899264
546773,345115
546805,908561
546806,261945
546823,876582
546836,893447
546839,868125
546846,809058
546862,861282
546881,144992
546890,286506
546911,912436
546918,923236
546924,926056
546930,847456
546939,362359
546942,299619
546954,897751
546957,415638
546975,901106
546986,481410
546987,876967
547006,898994
547014,891184
547032,924144
547042,896608
547048,476935
547092,389641
547105,476051
547152,404758
547163,313872
547166,178510
547178,259416
547183,242517
547184,866358
547195,381090
547199,591078
547231,572266
547238,875343
547249,418816
547255,894468
547261,322276
547270,908608
547275,323561
547280,570188
547306,296405
547310,246189
547319,354660
547324,900588
547348,457640
547351,118388
547367,383585
547370,312279
547388,857871
547398,480689
547399,868578
547409,589599
547429,341291
547430,374041
547497,295526
547497,894899
547499,373963
547550,446565
547554,890961
547577,304405
547596,874783
547601,190505
547626,875798
547646,211358
547651,307518
547661,903241
547666,351006
547679,871086
547684,343203
547699,600716
547704,868618
547721,415964
547734,852894
547744,337195
547770,289519
547812,895971
547813,880042
547813,855705
547827,424916
547834,281630
547837,888053
547837,350243
547852,159609
547853,867869
547880,879030
547882,267892
547885,435022
547885,438361
547900,903797
547905,283205
547917,354443
547928,387242
547931,866822
547943,287011
547947,397049
547960,399316
547982,386710
547996,895625
548001,891474
548007,313846
548023,860990
548040,367066
548049,920244
548057,898785
548081,465443
548097,208910
548105,900598
548113,357090
548120,422063
548123,888230
548131,310742
548136,287282
548139,833863
548140,859207
548145,285747
548167,866567
548170,185020
548174,896926
548181,553103
548188,312367
548191,311123
548196,376126
548199,354517
548203,872093
548216,433761
548217,344022
548221,304693
548227,255988
548237,326247
548238,317505
548240,425236
548253,561250
548254,914256
548258,390790
548265,861264
548274,242266
548285,205448
548312,290905
548328,332259
548342,357721
548349,893799
548351,323251
548354,927371
548363,283260
548383,921590
548410,898083
548415,902869
548425,349633
548431,332126
548450,383356
548458,300667
548462,896292
548471,359903
548472,894328
548473,582116
548491,454600
548496,889367
548498,899107
548524,291097
548538,907833
548543,864403
548549,284717
548561,922126
548570,359141
548579,577755
548582,877101
548582,193559
548598,384100
548604,351821
548623,908077
548633,465325
548634,258058
548640,863047
548657,902758
548659,881382
548673,380835
548674,881797
548687,345069
548688,923991
548688,361132
548694,892822
548697,923006
548704,819382
548707,443843
548716,478923
548733,909178
548740,409104
548745,433782
548749,343040
548767,338362
548782,856881
548808,869769
548852,395311
548857,349195
548890,306114
548897,341932
548911,595260
548915,378886
548953,861781
548957,887964
548959,837364
548986,794465
548996,885914
549003,853974
549019,573726
549036,409807
549084,860821
549100,304091
549105,213968
549115,855574
549125,339523
549129,842197
549137,461891
549148,798276
549168,916886
549188,861618
549199,855734
549208,884237
549219,840274
549222,854646
549239,342378
549241,819968
549249,264886
549250,924391
549263,906808
549287,864620
549299,918966
549304,461501
549307,264095
549319,862304
549328,886504
549329,872824
549329,348961
549331,907127
549334,312771
549342,839432
549363,540254
549370,592857
549372,360520
549393,215387
549418,265816
549418,598205
549418,924112
549424,317884
549443,852295
549445,324390
549446,335619
549456,312405
549473,338689
549481,876095
549483,473392
549491,877593
549510,394066
549543,863746
549544,319208
549558,199366
549559,877209
549572,340287
549592,349619
549599,387789
549604,331299
549615,313444
549630,937961
549654,904018
549667,252005
549696,350152
549697,326475
549709,818384
549713,605188
549722,344873
549749,927060
549756,344329
549756,876297
549764,213992
549779,301255
549780,365782
549795,894069
549797,924423
549800,391318
549807,367272
549814,902977
549817,286831
549838,368773
549847,891943
549849,924810
549867,881744
549872,906295
549874,171104
549885,867519
549902,896156
549902,951969
549904,153932
549908,354251
549912,839085
549913,320918
549931,821670
549934,328913
549935,887052
549941,315105
549942,294335
549948,562672
549949,320471
549950,444908
549961,788382
549971,218186
549974,856795
549975,895993
549978,905805
549988,306464
549997,253465
549998,874728
549999,334235
550008,924172
550012,277062
550016,431289
550035,348007
550039,187583
550055,818597
550058,817234
550064,366118
550071,197331
550072,900424
550073,299204
550078,364683
550085,918934
550089,886132
550091,908425
550098,281730
550125,857471
550131,481526
550139,869206
550143,382952
550159,575558
550195,884875
550200,347266
550201,838986
550209,862010
550210,910640
550224,901409
550227,845721
550230,860678
550241,308032
550266,878583
550281,365843
550288,830331
550302,321586
550331,289415
550357,895671
550360,398969
550367,941213
550369,895910
550369,275083
550380,311536
550388,892888
550390,170633
550407,201090
550412,231825
550416,381109
550417,335303
550420,424131
550423,273923
550443,392360
550449,287773
550455,310106
550470,395351
550472,364708
550482,897635
550487,286990
550490,367168
550505,741196
550509,326800
550521,915517
550544,909410
550556,273555
550563,887280
550569,393364
550597,220718
550598,373714
550601,892357
550602,864245
550622,216622
550623,347445
550664,975713
550684,570875
550705,858575
550709,885296
550713,289835
550740,440775
550769,351044
550771,295985
550782,889048
550783,293400
550799,338595
550804,904102
550808,577852
550819,870392
550831,918945
550858,350666
550861,302543
550868,920556
550897,359393
550906,610412
550934,357384
550940,930281
550952,332668
550957,333039
550960,332687
550969,294974
550969,932430
550991,887326
550993,191181
551002,298335
551005,861053
551014,849841
551015,927058
551022,829193
551024,437631
551026,328830
551026,892080
551026,377171
551039,293553
551040,417377
551040,319922
551049,344279
551065,326098
551069,883418
551088,341624
551094,281069
551100,326759
551104,346499
551106,919058
551107,440995
551129,914328
551136,831598
551146,225133
551150,385734
551176,887593
551186,160587
551199,400103
551201,328771
551211,301433
551214,879265
551217,898307
551228,573221
551229,436095
551234,487509
551253,894035
551261,401702
551262,374097
551277,345644
551279,866119
551283,861128
551283,326161
551288,912842
551291,380185
551302,601900
551319,379647
551324,906889
551328,251844
551341,915160
551343,879521
551348,324985
551353,208545
551358,474681
551369,369933
551376,308642
551377,818134
551378,343763
551378,394645
551380,902289
551401,935580
551408,888837
551414,916819
551437,902716
551444,355993
551465,308706
551466,319992
551496,888800
551497,301645
551499,341781
551502,858485
551508,792105
551515,185648
551523,309664
551529,914536
551544,871128
551545,897004
551548,937479
551556,337399
551559,584241
551568,838352
551569,286845
551577,332267
551597,914305
551622,886143
551628,341685
551628,325023
551631,948552
551637,919416
551645,485111
551661,407026
551667,915342
551693,861222
551709,852241
551713,902124
551716,957937
551725,415722
551735,897828
551747,585663
551765,866590
551767,259412
551790,380732
551804,923335
551806,318923
551807,910933
551813,259900
551832,430624
551837,891003
551840,884443
551843,222647
551852,918808
551852,320056
551860,287697
551862,365764
551865,376852
551867,337076
551874,922119
551885,901889
551901,911531
551903,896144
551910,408125
551965,187104
551967,864410
551969,284261
551972,856983
551979,855169
552008,860383
552013,906331
552025,313788
552029,917487
552034,320258
552035,913520
552049,386575
552075,905932
552081,335830
552087,835703
552089,883314
552095,364074
552113,295091
552114,347641
552116,219470
552139,357715
552141,399597
552145,276560
552148,903470
552158,281336
552161,896902
552172,612472
552175,307184
552181,881169
552184,596338
552190,900536
552192,893317
552199,302050
552210,875882
552215,339613
552217,424572
552230,855762
552239,273219
552270,302501
552272,379056
552273,490016
552278,923715
552298,896828
552313,371073
552322,395803
552337,333068
552338,874802
552355,299034
552362,816315
552369,913092
552394,892823
552396,871750
552398,313155
552412,884234
552456,319239
552458,877547
552465,299176
552468,393034
552470,263469
552476,288361
552497,563612
552500,825864
552506,779528
552509,892059
552537,306547
552539,840657
552541,907213
552542,206709
552551,321429
552585,322678
552586,354590
552604,337895
552607,842409
552608,897482
552610,888895
552611,262338
552612,912680
552613,232660
552626,274344
552629,869099
552652,885080
552682,382837
552683,343680
552691,297085
552691,339238
552699,313020
552700,356258
552746,325610
552755,798844
552759,339328
552769,359031
552770,305482
552780,594303
552783,260804
552783,882845
552792,284104
552794,311536
552797,891149
552797,933984
552809,861832
552813,836761
552822,805106
552828,916063
552845,284984
552871,908494
552876,504119
552882,242080
552892,861741
552892,388473
552894,582354
552908,830421
552908,888554
552942,301732
552948,367201
552953,342187
552957,591160
552967,325697
552976,591751
552983,400932
552998,868846
553007,915127
553007,305124
553025,852980
553027,163046
553042,318839
553042,316968
553045,311187
553046,887181
553074,867085
553082,324126
553085,803758
553110,905736
553114,278980
553119,330994
553167,829556
553168,378774
553172,797140
553172,862316
553174,329960
553185,864779
553209,894659
553219,869701
553227,377985
553230,885626
553245,324174
553261,321274
553264,257724
553279,210209
553281,919819
553285,864346
553306,753533
553337,415851
553352,352348
553355,363332
553356,902227
553356,367245
553377,517073
553386,302587
553407,920018
553429,866526
553444,363274
553446,914472
553465,452340
553468,932190
553489,304927
553506,336119
553506,895382
553515,903539
553530,304900
553534,961156
553536,335497
553538,483702
553544,261506
553545,311748
553547,946236
553552,324999
553565,325446
553567,926247
553577,285472
553592,910393
553617,284892
553628,309466
553647,353744
553651,368470
553659,277538
553679,358156
553712,352428
553736,892916
553743,946694
553745,287912
553763,900426
553764,851467
553766,350667
553767,881683
553791,295445
553808,313388
553811,275915
553816,858793
553823,596760
553827,302633
553841,864611
553872,350739
553873,392787
553877,352178
553885,861214
553885,384991
553918,402569
553931,908961
553936,907584
553939,535899
553947,504674
553984,733023
553986,341916
553987,907320
553988,291949
553993,174468
554002,903738
554016,313825
554032,256074
554040,369427
554047,613100
554068,372897
554078,589733
554089,924425
554091,321725
554094,258843
554117,859198
554123,865161
554126,348754
554138,320382
554142,203912
554151,347583
554163,293523
554170,213888
554179,880509
554194,297344
554200,925094
554207,914256
554216,416729
554224,330077
554229,291866
554255,415071
554260,861307
554262,350831
554263,592438
554268,592490
554268,838365
554269,957506
554273,854197
554293,868529
554300,573858
554306,878480
554316,369983
554329,904428
554346,888151
554347,306463
554362,793009
554382,849388
554385,891347
554385,586593
554392,885284
554395,868118
554397,381865
554413,227564
554441,391723
554454,914995
554467,911262
554468,337027
554468,890490
554492,920386
554502,157947
554508,229089
554549,865607
554563,307636
554563,911378
554572,304538
554581,167174
554596,261636
554608,336783
554608,309553
554631,328429
554633,321909
554642,870380
554642,833391
554649,482103
554652,334449
554665,325064
554675,615531
554681,365540
554689,875949
554695,341863
554701,304678
554709,902131
554713,887517
554723,589154
554727,302699
554730,914975
554750,316764
554758,887895
554828,406606
554839,238003
554847,890802
554889,246407
554929,901925
554931,402819
554931,893471
554962,194977
554972,865135
554974,350234
554985,460801
554985,786781
554989,392638
554989,600641
554990,905376
554996,326501
555000,859472
555007,315961
555013,903782
555024,889384
555037,848496
555042,289966
555070,870105
555070,581333
555071,922840
555076,899207
555076,876626
555076,843873
555099,905214
555102,364134
555115,287540
555131,604063
555150,880539
555157,325077
555163,789041
555166,878440
555168,863430
555172,329557
555173,309608
555174,937254
555177,883088
555182,896943
555187,353995
555191,341100
555202,390296
555205,877547
555207,892280
555207,347486
555209,915062
555229,914782
555232,906762
555236,783339
555241,349559
555246,947531
555251,346983
555259,903033
555260,909256
555264,925065
555280,555294
555281,270091
555283,291388
555288,453321
555289,929801
555314,379030
555314,876187
555316,864534
555319,788528
555324,347123
555327,593961
555335,594907
555336,923873
555337,276246
555340,595162
555351,484424
555358,314258
555358,358547
555359,194250
555362,918317
555366,935574
555367,919030
555376,329962
555386,361143
555387,896466
555396,903466
555401,321739
555417,915353
555417,906954
555443,596650
555448,865548
555463,899298
555481,894830
555482,264245
555485,298625
555494,904352
555504,907145
555509,366910
555524,870549
555526,856652
555542,593296
555559,925514
555561,293372
555580,344564
555584,609238
555590,902566
555593,925746
555610,918509
555611,912709
555622,895959
555627,866769
555632,331469
555636,286354
555649,243732
555652,328508
555654,381824
555665,913275
555669,155147
555695,310658
555711,294022
555724,453412
555742,881362
555743,322090
555749,921343
555757,413573
555774,845205
555782,222348
555801,382694
555810,375211
555854,280703
555858,868498
555888,316632
555897,351122
555906,367139
555909,364540
555918,914618
555940,932053
555947,907932
555953,907861
555953,882566
555954,179774
555976,334493
555985,339978
556021,895287
556022,939253
556040,854513
556041,291635
556058,350890
556064,894562
556069,597414
556100,594421
556124,289677
556128,579115
556129,305648
556139,861513
556139,879312
556139,354263
556148,886164
556170,208782
556182,271496
556192,581037
556195,182207
556196,324285
556209,617453
556218,911405
556233,895103
556235,888660
556245,288769
556248,901173
556249,329673
556250,893440
556259,908026
556278,286515
556286,332953
556292,319980
556296,901407
556307,824572
556351,912742
556354,246699
556354,428949
556355,332595
556362,923259
556377,331348
556377,299828
556385,326372
556392,613147
556412,907319
556414,414174
556426,894781
556426,795636
556427,344242
556435,607939
556444,454955
556445,612145
556445,938342
556450,278196
556451,862007
556456,862960
556464,367804
556472,354566
556477,607714
556507,866726
556523,456375
556531,941877
556535,829342
556542,884496
556550,842581
556555,207718
556564,544767
556566,885142
556570,845902
556573,907426
556577,253776
556585,914114
556592,865041
556593,885741
556596,855691
556599,859845
556611,304110
556620,379334
556628,348188
556632,844186
556650,310213
556655,863260
556659,320904
556660,860446
556664,268734
556670,223972
556687,322107
556692,585634
556716,315820
556718,873808
556723,307090
556735,887482
556740,318206
556767,605497
556777,860207
556804,589595
556808,915144
556814,351800
556816,348441
556818,584206
556823,856925
556828,333890
556836,296710
556847,341668
556853,803019
556855,267828
556889,288080
556900,322969
556911,909207
556921,260369
556948,286217
556958,888031
556958,915857
556967,907083
556976,280320
556976,313445
556991,906433
556993,262713
557003,849634
557006,299830
557011,893489
557019,906845
557025,136869
557036,788636
557055,854996
557056,337311
557062,321727
557072,603364
557080,188450
557080,923076
557085,209914
557098,318055
557104,859259
557109,370159
557110,312368
557120,328789
557141,869046
557157,926844
557158,894538
557165,278306
557166,874209
557168,194247
557169,930352
557176,815939
557177,867416
557204,896726
557210,356489
557211,571944
557223,190786
557233,317186
557235,921506
557238,283842
557243,358941
557250,311855
557251,902949
557274,403875
557289,588475
557294,394090
557296,274081
557307,884295
557322,610763
557328,326044
557331,376542
557336,587602
557343,224592
557367,906912
557398,329054
557406,914253
557412,352367
557414,302127
557421,269746
557430,906131
557431,889195
557438,349743
557451,906047
557452,294052
557461,915488
557462,373142
557467,935358
557482,338827
557482,591570
557493,290953
557497,273704
557499,303387
557545,250017
557549,306866
557552,315904
557556,846074
557571,201195
557586,918419
557589,841023
557590,300759
557597,858298
557616,890709
557628,915204
557631,349754
557638,839973
557659,431543
557674,913719
557692,400915
557695,344605
557697,943810
557698,356778
557707,911332
557711,384772
557713,877267
557713,586984
557748,847212
557752,301537
557755,246777
557766,197874
557771,168458
557799,597668
557802,583307
557818,877189
557818,887568
557821,337449
557822,328686
557849,846104
557860,321555
557870,593412
557875,397571
557889,859498
557891,355807
557895,588739
557897,297466
557903,873034
557909,283897
557929,232008
557935,939767
557944,503668
557955,916071
557957,327682
557961,302352
557972,319364
557974,895458
557976,881813
557976,858546
557982,932379
557983,310595
557989,578180
558005,905020
558013,811340
558031,615752
558033,363927
558034,616294
558058,921803
558069,927906
558100,338506
558106,299330
558109,383110
558121,313608
558123,873954
558137,263049
558158,410416
558168,794836
558168,361906
558174,311878
558184,601033
558191,936355
558195,349363
558212,913685
558214,365201
558221,422561
558221,330095
558225,830911
558236,312359
558237,905372
558253,884211
558253,281955
558260,308744
558276,375250
558278,325625
558279,888669
558293,570484
558299,814048
558323,467781
558338,917406
558344,333132
558349,285205
558349,219667
558355,307429
558361,937235
558376,346138
558386,306122
558388,337717
558393,606819
558416,913302
558417,835364
558421,343806
558434,586339
558439,315260
558441,844087
558442,326211
558447,281583
558482,288578
558482,590223
558489,471280
558489,910796
558500,324741
558519,335857
558520,332058
558521,589854
558524,853699
558527,591722
558532,386606
558533,890257
558535,381063
558540,905637
558542,349052
558550,343617
558567,297062
558576,382375
558588,880228
558590,349052
558590,355544
558611,290169
558636,867877
558636,341727
558649,325938
558656,931895
558658,313524
558663,293134
558666,305042
558673,311715
558677,360282
558677,908358
558681,284208
558683,916611
558689,322526
558690,843183
558699,933609
558705,605238
558710,334660
558716,266416
558721,923748
558730,897311
558750,882398
558759,606711
558759,395187
558759,885827
558770,839016
558776,206056
558786,322586
558807,215458
558811,386635
558816,875838
558861,375850
558867,570898
558877,328755
558879,599162
558884,899676
558906,162871
558913,415279
558930,925033
558938,922519
558956,198432
558966,362232
558990,603488
558994,191698
558996,911628
559005,291561
559008,888819
559013,295804
559019,330225
559020,339464
559025,318211
559033,859969
559034,928186
559060,285139
559069,591687
559083,597224
559097,871255
559103,593726
559106,322055
559107,837413
559108,814747
559116,334945
559121,453552
559145,211968
559153,605356
559156,818457
559160,905341
559165,857738
559165,395797
559178,297766
559198,370754
559201,924790
559208,901520
559237,883954
559278,910284
559280,592558
559287,394674
559288,256256
559315,910843
559316,309869
559320,265730
559329,588241
559338,304704
559338,624451
559338,440894
559349,167084
559358,224840
559360,946012
559364,331465
559368,292336
559372,347555
559375,321612
559381,889074
559400,592706
559405,593519
559413,897669
559419,886598
559433,258997
559439,593576
559441,274160
559457,928565
559460,896900
559467,341917
559468,925244
559477,828347
559495,287305
559496,354264
559500,605077
559508,327370
559520,769391
559541,606387
559553,912715
559576,303495
559577,449451
559590,321596
559594,368697
559600,386871
559608,319090
559617,360309
559628,887727
559651,605769
559669,320674
559700,591528
559706,321648
559714,391505
559715,261708
559724,368255
559728,397319
559729,443338
559739,890883
559746,303683
559754,323368
559757,433118
559787,580263
559795,344604
559806,835259
559829,291906
559830,236446
559846,588232
559847,181379
559855,332868
559869,853956
559875,862343
559875,908550
559898,322000
559901,944953
559911,366277
559943,903472
559944,383960
559948,897532
559961,903524
559966,278286
559978,335890
559980,839730
559980,568779
559987,341882
560046,276027
560068,273692
560077,888285
560081,606507
560096,830145
560099,259250
560109,902344
560115,864007
560115,318446
560123,323111
560126,368696
560143,318364
560146,844781
560151,317671
560155,338920
560158,325617
560162,592238
560169,374767
560178,325559
560182,288954
560183,864959
560193,305035
560196,875208
560198,772209
560211,305511
560215,619558
560222,584430
560231,199072
560241,297780
560245,297455
560250,489299
560258,370397
560269,584745
560288,293122
560294,309034
560304,870223
560326,326530
560348,892185
560371,323580
560374,444643
560381,310481
560401,381867
560404,904274
560408,581286
560411,895949
560425,922845
560426,891942
560428,891105
560443,595969
560445,604675
560457,316030
560479,588024
560486,276108
560498,541562
560501,440751
560503,268815
560519,876186
560539,600966
560542,896317
560543,908784
560548,323367
560552,374621
560555,904891
560606,272852
560606,584678
560616,572499
560620,370928
560626,350756
560635,223673
560653,884162
560664,297205
560667,836198
560692,595508
560695,379365
560705,514456
560712,282300
560716,354381
560722,580834
560731,604829
560742,384978
560742,842429
560752,925970
560761,917220
560772,604563
560833,298565
560834,864741
560836,178767
560846,596985
560849,264313
560850,347472
560850,313308
560853,483262
560856,346592
560864,859308
560869,861180
560869,573938
560879,889930
560881,600554
560904,593329
560906,284169
560922,609073
560922,233887
560923,357293
560942,329880
560943,898317
560945,612582
560946,330846
560957,598392
560959,931767
560963,311219
560965,878914
560970,385148
560986,603477
560989,305686
560997,223730
561005,326227
561007,921063
561008,892745
561048,922913
561062,924055
561064,889018
561070,332755
561073,275567
561080,834843
561084,589800
561085,903473
561086,321344
561092,316750
561093,379539
561096,855775
561103,864954
561111,350815
561117,357687
561119,566059
561127,327140
561131,600901
561151,313668
561152,349656
561154,339358
561157,327054
561171,880943
561183,916281
561186,300343
561224,875162
561234,355524
561236,402589
561238,344808
561246,932255
561264,322695
561279,600703
561297,267133
561306,307820
561323,364236
561328,592568
561331,920241
561332,371512
561341,297302
561349,840766
561354,289012
561355,314108
561355,356636
561366,882024
561399,593047
561399,596360
561399,287776
561405,314186
561413,455327
561436,584135
561437,305969
561440,925292
561450,299261
561479,937603
561482,593627
561482,819466
561490,384920
561497,908783
561498,320663
561511,887431
561517,921077
561525,276917
561529,913252
561545,263458
561560,607441
561562,899385
561593,880549
561596,882928
561627,908619
561645,575173
561662,919136
561671,883574
561685,336326
561694,894548
561704,920196
561706,311520
561733,883161
561734,349461
561741,976858
561741,276860
561741,310352
561746,586445
561772,586725
561774,865246
561775,303276
561778,598493
561783,324675
561785,356470
561797,886912
561823,929257
561824,393087
561831,865483
561833,320568
561833,605677
561838,277388
561858,283263
561883,237672
561883,590464
561920,291241
561925,597722
561928,355216
561941,329136
561944,874985
561960,353276
561966,573593
561975,887295
561980,963345
561993,856418
562027,372543
562034,897213
562042,401530
562044,346517
562050,378653
562059,887854
562060,940685
562082,890100
562085,594495
562104,570018
562112,884029
562115,353132
562120,870363
562136,308177
562152,308377
562159,290816
562169,582738
562172,377664
562179,912425
562182,465296
562186,304432
562186,877638
562207,333628
562212,898559
562212,300809
562215,418167
562217,869047
562227,305128
562237,590620
562254,227308
562259,297322
562266,370210
562269,309636
562279,341082
562280,284893
562280,876640
562284,314022
562285,248924
562295,864867
562299,359693
562302,859022
562305,928841
562306,847155
562307,330143
562315,579482
562315,341475
562318,378236
562325,260125
562350,383157
562361,910836
562386,871044
562392,214937
562395,615710
562408,914832
562416,575016
562420,315421
562426,215720
562433,362332
562440,316952
562440,287259
562444,289292
562450,873074
562456,607963
562463,336362
562463,587985
562466,349632
562470,590883
562474,188493
562493,320591
562540,334550
562541,333051
562541,275582
562548,912788
562551,292790
562592,269974
562593,590376
562594,341468
562601,245827
562604,319792
562620,297997
562629,592351
562631,372515
562638,237359
562647,231702
562683,870618
562685,584135
562688,594028
562701,919658
562702,293904
562716,595690
562740,240831
562742,314947
562769,869894
562771,904727
562782,928100
562796,598559
562809,601467
562823,314724
562833,290652
562840,704294
562850,315923
562852,376796
562854,858881
562863,306461
562883,297786
562885,597862
562905,275502
562924,592001
562933,321952
562947,586762
562968,345448
562987,613800
562988,602974
563013,310205
563014,258459
563018,196379
563021,379857
563025,909643
563025,905979
563026,921249
563045,589366
563047,298934
563054,900833
563064,887004
563081,295279
563083,590218
563091,860878
563104,276977
563112,880565
563118,877781
563121,882743
563122,897781
563126,588892
563127,330436
563131,461988
563140,303498
563151,399151
563174,563838
563181,914754
563200,605394
563205,281375
563206,284183
563225,607977
563239,279898
563250,569607
563284,595063
563286,331778
563299,417915
563299,869264
563318,330933
563319,347560
563319,289254
563323,334897
563324,573080
563325,319720
563337,589207
563347,880847
563352,360287
563361,263508
563364,600507
563365,939264
563370,202293
563377,858412
563387,322647
563405,337265
563440,912585
563445,325572
563454,385500
563456,235435
563461,910005
563482,873131
563496,877198
563498,597851
563512,923171
563515,313663
563515,593853
563523,323971
563529,384852
563537,321891
563552,299150
563555,887723
563571,348021
563584,402146
563606,890405
563625,332884
563628,612058
563629,292940
563633,897076
563637,344188
563642,604638
563644,348883
563648,305633
563651,891915
563657,605758
563664,223528
563666,323151
563677,316064
563686,602734
563688,328498
563691,911758
563700,325462
563701,317289
563701,901548
563702,285809
563711,335925
563749,602637
563765,325343
563768,581531
563769,895513
563778,597697
563782,306275
563810,604106
563812,388881
563826,328694
563836,356049
563837,327386
563840,581052
563860,154746
563877,311269
563887,882766
563893,284865
563897,892397
563922,247323
563927,358097
563935,333146
563936,464373
563939,344232
563946,895486
563949,882435
563964,347939
563965,299156
563970,308190
563970,340598
563982,272031
563984,320858
563985,259011
563990,313634
563991,837743
564004,286888
564007,602018
564018,945398
564024,869648
564026,148497
564042,333896
564056,297289
564058,864839
564060,346187
564069,854495
564077,588826
564089,942294
564092,921922
564116,884215
564141,336114
564174,605320
564187,881413
564187,605100
564194,594076
564196,314432
564216,582144
564216,345972
564223,887290
564237,561107
564250,611545
564259,311175
564266,276375
564268,281451
564286,366613
564286,906795
564290,287641
564306,368305
564312,690956
564316,582920
564328,304115
564339,607859
564368,291514
564371,907484
564389,341976
564390,360699
564399,412347
564400,231645
564412,608383
564413,335850
564414,411860
564418,339060
564419,289191
564426,282781
564428,269114
564435,336724
564447,320100
564450,926697
564453,863007
564457,872878
564463,328873
564467,884684
564475,390848
564491,329574
564493,593980
564503,419035
564504,880035
564505,598962
564506,587721
564510,623508
564510,910987
564513,415932
564516,403241
564527,323412
564528,571933
564532,272222
564555,329705
564558,578605
564562,602498
564590,332290
564599,606606
564601,390443
564601,312917
564602,941807
564609,282802
564621,345611
564621,870382
564637,601343
564653,873081
564659,848546
564665,282466
564674,581484
564686,350888
564702,856546
564710,340478
564713,907575
564713,277325
564719,894014
564729,597013
564735,327290
564740,179656
564746,441897
564748,862138
564748,299881
564756,584450
564762,610912
564767,355702
564772,336117
564773,256448
564779,310232
564791,870244
564804,919509
564822,574203
564824,262249
564826,621184
564839,338776
564841,278168
564844,337301
564852,471645
564854,606081
564854,312037
564858,232711
564871,313261
564872,281720
564874,771190
564877,832059
564885,271839
564886,888277
564886,339773
564897,357884
564907,330932
564919,871841
564933,886538
564946,847731
564948,299183
564955,883205
564957,257459
564963,336361
564970,925793
564975,391861
564981,308718
564985,265613
564990,586091
564992,850257
564996,463408
564999,368003
565005,311357
565036,888086
565058,587470
565070,362045
565079,737271
565079,389184
565080,590395
565080,285496
565082,880842
565084,325973
565097,337400
565105,898464
565107,588073
565116,389938
565123,865621
565129,388755
565136,825638
565147,936670
565148,595987
565155,601503
565157,402789
565160,912640
565194,302120
565227,593888
565231,288281
565233,335900
565233,820315
565238,297711
565240,599202
565246,582035
565254,278293
565271,256964
565293,888150
565294,380907
565308,402341
565314,294466
565316,346450
565330,313858
565332,340999
565346,267079
565360,613103
565365,598329
565368,290201
565397,612823
565444,902959
565459,293888
565461,365245
565486,846319
565501,333470
565508,913858
565524,605362
565525,591207
565526,590917
565532,578370
565556,350523
565559,893234
565561,861521
565565,245019
565567,366242
565580,587502
565582,310890
565586,320905
565601,284334
565604,324436
565606,865984
565612,363776
565627,186574
565630,910938
565631,335264
565635,566219
565645,589790
565665,322548
565672,603097
565678,874751
565687,261134
565691,863624
565696,905944
565706,911395
565710,355133
565718,580624
565726,343783
565730,379510
565737,909308
565737,362586
565755,290896
565756,357230
565766,585689
565783,325232
565797,895146
565805,900311
565809,593159
565817,324796
565826,600194
565846,600115
565872,304061
565874,300661
565876,290881
565886,323519
565890,254227
565897,317731
565912,327776
565913,593331
565921,286970
565925,605856
565939,862346
565966,890565
565971,348473
565980,321871
566000,866813
566001,409843
566005,620244
566018,600256
566020,942837
566026,282132
566032,828579
566036,306764
566041,884821
566050,603158
566060,299958
566064,324780
566080,299632
566081,337925
566092,847502
566093,336004
566095,327324
566124,307978
566143,271351
566147,314280
566151,323307
566163,269197
566213,881197
566222,338454
566223,573523
566234,364252
566238,602285
566239,350708
566285,476729
566286,854338
566289,192757
566294,366303
566303,913657
566304,890774
566318,367457
566325,306389
566334,328216
566353,245349
566360,597191
566363,386330
566375,836147
566379,873545
566389,317985
566389,331830
566394,320119
566395,360113
566404,314199
566405,866314
566409,362182
566421,614270
566422,586272
566424,917143
566440,869511
566443,861501
566445,269871
566446,905540
566451,587704
566468,300189
566469,189902
566525,895557
566539,448916
566545,583386
566548,605291
566548,230010
566550,935028
566558,607086
566570,275874
566574,898214
566574,262049
566583,593376
566586,614417
566609,340518
566622,911117
566646,313580
566659,301567
566665,312301
566697,613266
566699,299543
566700,270506
566702,356238
566708,358024
566710,872633
566724,151175
566725,472444
566726,594520
566728,393081
566732,351472
566734,305818
566738,344436
566743,339491
566747,876721
566753,315789
566782,346251
566796,891770
566797,909274
566798,808276
566802,157969
566802,853211
566810,580495
566817,887849
566838,368961
566857,604243
566859,859416
566859,586001
566870,242625
566873,836276
566878,321906
566879,932686
566882,407376
566883,878823
566885,843980
566888,305459
566899,187999
566908,831484
566912,883343
566934,584996
566946,845571
566954,416447
566962,585016
566966,583890
566974,307109
566976,588043
566976,577187
566993,400338
566994,317769
567013,583804
567020,313746
567025,341727
567040,267660
567064,890036
567091,355820
567095,857829
567100,347414
567109,597052
567111,308748
567122,592121
567125,626121
567137,341746
567141,278990
567145,598169
567151,881995
567151,342142
567154,300534
567171,364489
567196,852184
567200,344185
567231,381436
567234,857219
567254,328184
567254,583688
567260,884873
567264,588223
567280,900744
567281,879814
567288,323515
567294,318108
567300,242736
567308,489255
567317,224139
567317,305973
567347,214092
567348,898472
567364,295136
567368,922729
567372,247975
567381,888241
567384,555791
567386,362880
567388,576156
567390,916899
567393,276621
567394,259821
567397,602660
567403,595683
567407,338567
567424,451721
567433,294483
567461,588758
567463,315890
567465,920769
567470,338710
567471,300710
567475,599270
567486,286003
567491,597414
567499,901505
567502,621501
567506,593316
567522,317648
567522,353937
567532,601263
567550,854610
567551,366988
567555,872626
567558,286583
567563,290071
567583,890041
567588,256713
567591,869794
567609,609366
567619,893987
567619,305030
567636,859111
567645,294302
567664,331522
567664,357863
567666,146127
567668,442193
567670,333946
567692,290865
567694,868097
567713,917352
567713,400961
567728,866114
567737,563346
567740,271430
567752,920050
567770,354379
567772,858509
567773,878581
567775,376130
567780,876294
567786,324368
567788,338584
567791,328253
567797,274011
567798,897800
567798,274138
567806,588140
567814,604028
567814,364019
567831,910724
567850,879671
567869,830670
567912,894493
567920,876203
567927,300017
567932,588223
567933,599214
567937,530695
567938,249933
567942,577979
567945,603303
567950,338923
567951,336326
567955,893620
567966,317060
567977,399123
567982,180651
567985,888934
567995,286307
567997,607306
568009,314377
568015,586363
568017,882343
568020,335701
568054,317145
568055,258793
568074,277348
568078,927743
568092,307159
568105,888314
568117,321142
568141,284950
568151,344693
568168,931663
568171,838029
568175,324095
568191,340224
568198,340389
568202,237219
568207,830494
568213,907346
568215,911164
568230,323985
568231,587766
568262,336507
568269,303655
568270,330065
568271,591336
568285,613293
568306,295716
568310,286819
568332,901455
568342,297354
568344,419901
568360,353297
568371,331057
568384,292244
568385,594851
568395,623203
568402,587854
568410,309267
568414,589695
568433,912081
568446,313989
568448,307381
568454,294546
568464,588511
568471,598348
568477,296624
568478,299899
568482,458219
568484,336958
568489,288942
568495,891654
568496,305580
568501,259218
568501,312290
568505,356604
568506,587655
568513,321958
568518,858971
568520,314091
568520,205620
568525,324297
568536,593083
568536,296089
568546,338926
568562,891961
568575,311804
568577,604181
568578,303943
568591,588805
568598,345568
568602,323822
568632,309056
568637,573622
568645,304929
568647,322532
568655,863688
568660,578967
568681,889116
568687,297681
568691,340208
568723,317175
568726,573296
568727,358531
568727,907154
568741,357330
568763,299235
568773,611655
568774,341431
568776,937183
568776,608584
568779,338379
568783,920510
568821,319704
568822,870856
568828,353319
568831,587798
568838,876907
568853,615792
568856,376551
568861,301615
568866,593951
568876,865641
568886,883651
568891,277542
568892,323978
568902,393575
568905,358262
568911,374782
568912,358036
568922,599915
568926,196893
568927,336345
568933,603459
568933,349591
568936,604155
568937,359218
568940,273247
568957,298355
568959,357720
568961,876679
568965,593834
568970,913674
568972,357172
568982,316440
568992,589438
569008,316044
569013,583103
569046,931920
569053,601147
569062,249786
569063,293264
569063,875718
569084,343552
569089,606344
569095,385385
569108,867565
569116,347317
569118,259207
569128,886590
569132,585319
569134,289675
569140,579237
569158,304483
569178,586151
569182,312664
569195,890138
569205,604508
569207,315490
569216,884612
569240,608086
569264,914248
569271,877084
569271,886945
569274,833324
569276,846358
569281,601550
569288,832858
569288,311780
569328,200038
569337,612591
569347,599998
569350,610827
569350,325341
569353,586490
569366,593282
569370,306788
569406,350478
569409,221235
569418,222158
569432,585678
569433,289431
569439,302633
569442,265834
569448,261849
569464,577675
569470,596939
569486,393833
569488,313252
569498,586521
569502,896670
569503,350893
569521,596066
569521,364506
569524,304266
569531,316855
569531,273850
569537,577888
569538,308520
569543,616294
569544,911282
569561,584749
569564,372095
569569,594452
569570,872033
569572,573012
569576,319148
569582,368138
569582,360227
569602,910690
569613,598334
569617,296425
569620,391393
569652,592164
569675,324505
569679,905792
569688,404857
569688,874476
569692,869089
569694,930411
569695,908867
569699,355373
569702,565286
569703,319857
569708,350550
569723,294195
569741,316749
569746,589532
569748,874822
569749,334247
569762,895582
569763,605393
569766,328265
569771,315563
569778,223018
569780,312840
569796,897724
569803,590221
569823,217000
569831,320599
569832,426765
569833,386619
569839,279328
569844,314055
569847,336214
569862,862441
569870,586466
569877,598713
569880,350072
569882,602893
569884,310956
569892,917969
569895,375743
569904,604443
569914,302348
569921,898220
569929,602913
569933,906534
569938,916236
569945,803250
569954,283248
569978,295995
569987,268722
569989,597724
569989,588912
569997,595141
570005,295007
570005,400804
570011,357172
570015,282903
570017,603537
570018,326280
570031,322875
570047,267540
570063,347820
570064,587917
570066,312408
570075,282503
570077,601504
570080,928655
570081,891959
570107,596223
570121,306087
570135,885692
570142,335265
570148,322368
570151,337125
570154,287554
570162,869704
570171,476817
570174,260159
570179,324131
570190,309448
570193,289105
570203,341873
570222,865160
570232,582937
570244,599684
570260,342415
570266,293449
570274,374321
570276,313910
570279,319128
570284,273919
570290,304146
570292,392578
570298,596044
570307,294924
570343,601440
570343,336259
570345,294034
570357,370244
570375,283385
570386,287455
570404,327544
570407,599504
570409,291370
570409,873764
570421,612718
570423,910953
570424,218078
570426,344279
570430,586809
570433,955343
570433,186183
570438,327365
570443,869698
570443,584085
570455,870142
570482,301895
570487,896453
570488,306781
570492,296482
570498,339856
570505,384165
570506,369212
570507,309585
570512,283558
570515,318088
570519,574268
570523,267821
570525,340104
570530,617021
570539,586731
570546,286876
570548,363477
570550,301158
570559,280797
570566,605115
570574,611051
570588,570581
570590,293795
570598,862143
570600,357802
570602,830134
570605,596484
570605,312430
570605,579532
570622,892161
570642,602053
570645,883282
570656,266442
570657,349390
570661,932304
570667,247530
570668,565685
570672,329153
570676,604308
570681,596435
570697,308247
570697,581485
570712,873220
570718,328100
570720,355873
570722,595045
570727,243525
570739,897589
570746,263820
570752,294500
570759,347425
570765,342707
570768,947600
570772,866420
570777,287239
570783,278055
570783,600733
570795,904579
570802,319472
570810,614336
570815,359970
570816,609067
570826,892929
570833,317573
570840,254393
570842,589130
570844,306088
570847,388063
570868,586143
570872,260354
570876,280828
570883,604553
570885,306777
570903,287214
570921,888483
570931,371485
570949,842937
570959,600743
570965,393317
570969,881171
570980,347228
570984,856230
570998,311551
571000,875058
571008,315391
571034,590425
571040,275274
571049,600256
571070,325761
571075,313206
571085,358598
571088,601009
571089,309922
571098,928927
571119,372977
571121,290973
571138,883650
571153,326440
571172,596152
571180,595309
571183,523632
571191,818932
571194,322589
571198,599720
571213,332542
571220,387406
571225,885876
571226,906818
571245,344337
571246,623381
571250,604550
571254,932683
571263,325760
571266,385587
571278,395738
571279,311724
571293,319367
571299,589499
571314,335660
571323,293846
571325,305350
571335,562178
571341,591536
571349,318696
571356,380970
571373,578449
571389,594744
571406,365291
571407,878625
571432,381538
571435,288627
571445,363363
571449,590168
571460,865132
571461,315976
571463,914467
571466,261486
571466,304313
571484,562857
571501,923659
571509,565791
571512,319372
571515,268941
571516,608575
571520,299558
571521,379254
571530,594677
571534,291003
571534,926346
571544,347630
571558,502560
571561,588802
571568,301676
571573,309114
571579,608351
571580,587465
571583,868602
571588,322356
571593,851499
571604,571342
571618,319707
571619,613034
571627,580054
571637,221023
571643,878842
571656,584676
571663,387756
571675,811029
571678,595706
571685,318206
571689,244302
571691,262022
571697,603172
571705,603075
571709,295273
571718,312170
571740,900797
571755,298942
571769,298580
571775,930049
571779,350738
571781,869559
571810,570971
571819,360713
571820,282590
571825,618094
571834,305179
571845,331297
571852,580800
571856,266066
571858,598115
571872,304729
571873,366071
571889,286568
571893,330492
571895,849808
571906,594872
571909,365489
571926,293126
571928,224672
571931,876507
571931,236517
571938,312019
571944,606523
571949,320757
571953,886676
571962,291191
571974,360532
571976,600071
572000,343092
572002,611296
572016,335105
572035,873982
572035,590899
572042,319625
572046,588231
572047,335613
572058,581678
572067,296175
572070,886580
572073,303446
572073,597560
572075,298384
572075,317933
572076,583321
572081,894039
572086,320874
572087,585687
572087,885111
572096,595065
572098,587024
572102,586806
572103,340632
572177,604795
572194,305411
572196,602525
572207,603697
572216,320061
572217,335801
572221,265921
572226,279857
572233,253623
572239,315159
572248,915578
572261,862935
572272,580169
572288,623593
572301,878478
572304,314006
572317,294226
572329,611314
572344,313090
572357,616721
572370,351922
572371,828718
572376,316600
572377,462239
572392,901614
572396,594143
572414,311280
572415,877512
572418,594382
572424,897293
572426,596020
572427,315677
572428,609488
572434,509025
572436,926695
572444,588983
572449,598516
572452,185592
572456,330371
572458,304673
572461,180101
572468,868579
572468,291324
572474,598439
572480,248030
572501,305621
572524,267415
572525,905900
572528,922440
572542,288365
572545,869161
572558,585571
572568,298533
572607,304682
572624,298825
572625,866114
572626,277715
572640,890160
572645,595983
572653,594521
572664,598948
572702,342818
572712,321006
572718,878445
572731,299429
572735,921350
572742,304020
572745,843487
572748,346390
572771,926898
572771,591233
572782,292872
572793,820225
572794,302531
572796,329234
572799,892737
572804,600765
572812,239500
572816,586358
572822,578958
572866,392488
572885,899870
572885,369365
572899,868843
572915,588152
572928,300153
572937,592853
572941,374298
572942,610363
572956,592813
572970,598778
572974,284898
572982,570410
572982,396497
573011,293288
573025,595519
573026,818144
573035,283291
573048,588565
573059,957735
573059,609271
573064,342938
573066,575729
573066,302006
573069,926157
573069,845718
573083,299707
573092,284694
573114,411612
573129,341771
573130,387598
573133,879811
573142,922205
573166,282800
573182,505707
573182,353586
573187,590161
573190,575151
573192,578317
573198,898680
573201,897230
573209,414487
573209,336881
573213,583582
573215,236247
573216,357715
573225,459900
573233,895969
573240,305849
573253,592112
573257,335360
573258,876115
573264,322068
573266,127876
573280,271921
573281,294618
573281,588771
573286,449812
573297,271164
573303,902309
573304,320409
573308,626686
573317,593990
573333,402182
573335,368605
573360,294790
573371,891934
573402,304529
573415,264119
573417,596137
573417,345730
573439,602396
573446,602070
573448,379328
573454,620992
573455,356137
573462,372595
573463,351839
573468,226704
573470,607478
573474,233296
573475,297186
573475,328422
573480,845355
573487,402945
573505,306087
573517,287403
573522,843522
573523,283853
573525,873615
573527,363912
573530,509733
573534,607011
573552,920258
573556,287746
573559,341300
573564,601388
573564,263374
573579,284945
573580,914660
573583,333380
573584,611049
573585,595749
573591,314173
573604,339353
573606,892809
573618,341998
573625,325760
573628,866284
573648,859555
573658,301763
573670,902258
573701,884848
573721,878839
573729,360892
573730,284217
573736,266168
573747,920435
573768,331100
573771,275443
573773,914408
573782,881883
573789,286113
573789,285442
573792,343819
573820,600118
573827,350101
573835,603394
573846,262171
573886,312668
573906,610883
573908,590376
573917,308301
573919,843307
573929,279722
573952,345940
573961,587943
573964,596693
573969,296180
573974,276526
573976,346918
573976,862482
573977,597165
573980,610121
574000,599598
574018,901451
574021,358244
574026,309665
574027,349050
574050,328420
574056,589003
574071,898230
574081,852035
574094,846740
574109,294115
574113,463653
574119,302318
574121,290598
574124,287524
574135,845456
574137,596249
574164,503606
574173,595213
574189,794073
574189,157157
574195,298705
574196,895613
574198,592286
574201,370569
574214,330548
574220,345290
574231,565907
574248,601742
574255,604615
574258,855740
574267,349312
574275,263476
574277,580632
574283,382602
574293,336963
574299,860963
574325,583503
574327,337998
574329,311648
574332,604363
574344,372323
574366,201747
574375,283225
574381,276620
574384,300602
574386,284663
574396,298230
574397,289806
574407,307794
574409,900215
574418,882522
574425,385807
574435,200887
574435,338470
574451,339701
574456,291513
574458,582634
574474,324767
574482,706065
574489,606632
574494,598343
574505,836154
574549,288883
574568,360217
574576,307306
574583,360036
574588,267082
574598,324794
574611,305200
574624,293042
574634,271604
574639,289314
574650,291263
574651,885444
574655,361496
574657,600252
574657,584977
574658,835400
574677,852663
574680,330130
574681,356371
574687,375181
574688,348452
574689,269561
574694,348572
574695,302687
574697,596666
574708,332170
574709,575907
574716,583953
574728,935192
574731,620290
574740,866831
574745,177868
574748,345551
574750,320780
574753,590521
574757,353999
574761,249986
574770,882635
574774,576451
574782,861172
574792,325834
574797,276038
574803,352880
574811,594116
574816,840697
574849,277319
574857,594157
574859,621941
574864,588416
574874,319764
574884,884188
574887,588696
574891,598223
574902,910745
574909,594402
574909,337166
574918,359913
574923,342146
574927,590866
574930,197391
574948,313249
574950,280879
574960,595795
574960,323961
574960,311864
574962,576376
574964,360963
574970,354200
574993,582280
574998,598028
575003,607344
575005,596457
575005,600447
575014,368568
575020,325917
575029,378493
575037,915067
575044,588877
575048,592938
575052,235439
575052,915732
575078,919113
575088,864466
575089,359799
575103,338432
575105,579976
575113,840082
575122,145788
575126,293138
575139,593478
575140,603818
575152,287363
575161,304529
575177,866708
575183,584225
575195,341035
575201,606543
575204,609259
575204,598895
575205,408386
575207,597838
575218,279042
575236,594495
575240,916757
575242,250054
575256,880865
575266,326236
575271,479333
575278,321967
575280,265292
575286,313515
575286,916525
575297,907981
575299,277298
575301,289773
575304,596679
575304,297204
575305,279709
575306,595897
575310,603637
575315,584967
575317,288666
575324,592402
575326,848141
575354,370939
575366,849359
575368,853720
575369,333063
575380,586564
575400,310819
575403,306884
575417,302806
575430,483200
575431,587917
575437,608509
575438,283006
575440,862308
575448,324676
575449,850185
575457,305883
575463,603942
575468,630943
575473,223349
575490,245899
575499,304738
575507,898250
575507,349693
575512,568361
575524,293627
575542,287110
575580,442901
575582,312613
575600,587753
575602,328429
575606,882370
575608,279689
575608,424176
575651,317831
575651,595068
575662,609163
575669,596179
575670,599704
575676,344395
575679,321196
575696,281515
575702,317591
575705,879930
575708,289675
575716,288212
575725,602171
575726,874298
575736,317046
575738,267933
575739,306332
575756,608040
575761,834297
575766,594910
575775,291403
575777,265278
575791,608251
575797,243848
575798,576286
575800,591673
575808,596475
575812,589306
575815,853129
575819,324997
575828,307849
575829,285504
575830,578524
575834,603712
575843,604278
575848,278471
575853,934963
575862,331444
575867,335968
575868,266338
575881,852773
575887,135798
575898,327426
575906,337347
575915,300138
575919,603869
575920,568484
575929,875477
575929,246132
575933,278855
575943,298136
575947,273950
575950,319235
575962,583678
575969,313504
575969,575902
575985,331245
575989,904155
575996,137065
576017,262057
576019,237685
576030,590693
576031,583999
576049,319480
576064,605453
576075,583443
576075,289489
576076,581383
576081,269345
576083,291052
576096,912197
576100,288108
576111,601236
576112,606449
576126,580123
576138,329087
576141,328622
576144,889308
576145,305562
576168,360945
576169,289016
576170,595741
576203,567951
576216,402720
576216,583273
576236,293335
576249,589654
576252,597247
576257,292386
576258,253298
576264,896794
576266,893495
576282,583111
576296,410867
576315,321164
576327,285581
576331,597142
576335,932425
576345,604901
576350,604621
576354,219971
576369,296799
576376,282717
576395,322723
576402,275562
576414,896190
576416,340292
576419,278439
576431,332908
576437,902008
576439,876901
576440,381897
576440,362888
576455,851168
576459,601400
576461,209665
576479,899816
576483,328923
576485,355434
576488,627941
576492,846474
576495,872840
576503,303354
576512,606983
576523,403486
576529,603989
576532,253032
576539,333580
576563,893571
576563,327008
576568,661564
576569,432997
576573,255267
576574,340368
576591,354764
576591,276955
576599,588974
576613,336969
576613,289355
576618,311724
576625,290713
576651,492997
576652,357762
576665,575183
576669,894882
576674,608163
576676,396086
576685,917439
576709,307274
576714,585631
576714,326259
576719,411361
576722,327002
576733,921629
576740,381637
576742,271653
576744,867016
576757,265819
576767,357261
576775,367197
576780,267934
576797,296306
576799,610702
576807,608234
576814,278085
576827,346354
576827,371995
576836,317912
576839,313692
576850,315925
576850,614326
576867,276005
576869,590925
576871,598746
576873,377956
576885,295390
576885,251323
576895,614731
576902,229137
576920,289426
576928,316724
576933,308217
576941,602921
576943,598165
576944,288028
576947,339651
576962,260371
576963,420197
576966,850878
576979,286584
577007,352676
577012,880887
577012,304357
577019,349092
577032,301024
577036,609056
577037,597629
577041,256554
577041,607903
577046,318144
577053,583053
577060,880633
577068,329191
577076,614244
577080,292489
577081,327669
577082,183918
577086,356361
577088,591908
577092,855280
577100,572352
577102,298187
577113,174508
577120,584138
577140,571160
577143,287553
577147,360796
577191,592435
577199,327974
577201,388578
577204,889311
577208,593211
577211,597353
577216,368000
577225,593680
577236,310835
577243,851422
577251,586944
577260,314491
577264,859284
577265,592843
577276,311945
577280,585130
577282,919448
577298,850362
577299,303953
577302,315406
577303,297122
577347,375359
577350,878625
577361,362824
577369,290629
577369,599627
577370,306800
577380,283821
577383,296968
577384,331179
577386,280354
577389,367486
577401,349881
577402,327932
577404,323458
577405,680086
577407,595175
577408,578402
577415,319922
577431,590109
577436,326144
577437,319326
577439,278355
577441,912212
577442,579194
577455,571586
577465,326025
577465,227428
577479,303552
577480,610479
577482,290808
577484,328170
577509,311256
577516,860491
577522,607585
577532,299563
577551,371637
577552,277883
577583,574889
577589,619355
577602,395864
577604,616431
577617,617182
577617,340703
577660,283974
577676,343529
577686,591712
577694,210648
577710,894713
577715,393757
577719,877835
577720,269351
577722,241274
577734,321934
577742,900297
577761,269655
577761,262844
577775,335048
577787,321127
577791,582920
577807,862667
577808,374419
577821,294257
577829,580341
577832,587634
577837,336165
577852,599000
577856,575922
577861,611912
577866,380438
577871,274352
577875,598487
577884,365977
577888,583545
577904,589371
577923,789303
577926,893905
577932,607946
577935,581736
577950,392481
577960,581405
577962,590126
577965,593186
577966,359416
577968,314500
577971,589678
577975,228862
577994,317725
577997,285712
577998,349019
578000,378278
578010,839396
578015,877375
578018,286410
578022,579220
578023,864831
578039,227772
578041,338940
578043,311951
578045,580657
578046,349201
578054,293893
578060,155050
578071,306132
578077,380726
578082,395725
578085,283379
578089,310186
578090,582348
578094,353039
578096,607039
578102,326956
578110,284067
578114,586129
578117,331105
578130,366338
578139,606291
578140,285302
578149,923659
578154,277957
578155,384011
578163,292999
578173,238750
578176,315199
578177,329010
578183,843786
578204,587397
578208,858075
578230,612253
578239,592209
578241,288100
578249,587913
578251,609149
578251,594937
578264,926537
578266,599900
578284,279680
578284,382516
578285,605613
578286,882173
578289,263590
578294,363282
578308,592026
578313,869134
578321,856442
578325,600236
578334,875662
578334,324778
578339,584451
578340,266539
578345,344380
578350,575372
578352,335720
578366,292357
578368,316968
578370,288419
578376,874242
578381,605339
578400,273533
578401,309309
578405,190404
578414,360009
578427,374504
578429,306108
578439,291470
578445,175578
578449,899387
578450,333769
578493,588346
578507,585802
578519,314357
578522,882300
578532,312305
578533,157429
578540,288242
578557,296894
578559,374610
578571,276837
578584,918148
578591,280143
578595,353930
578606,336417
578606,350391
578611,857810
578622,349879
578624,598326
578627,603999
578629,352619
578633,337210
578648,277658
578655,583049
578659,594004
578666,595524
578667,604175
578676,284020
578689,464122
578692,897784
578694,311167
578697,293192
578707,313660
578710,284990
578713,339368
578721,791058
578756,593023
578758,604839
578793,269717
578795,127471
578797,304144
578797,601844
578804,342540
578819,578459
578833,608456
578833,587050
578858,585343
578858,309458
578872,354817
578873,275502
578874,840094
578883,586423
578896,265040
578899,207054
578907,601099
578911,845635
578916,902503
578918,606818
578920,604459
578928,322131
578931,630564
578934,845028
578937,604749
578946,599680
578949,302993
578951,308846
578957,623469
578964,601826
578969,282285
578975,253251
578988,123725
578990,901993
578994,300299
578997,340492
579004,587519
579005,348500
579007,351472
579014,247322
579033,597344
579038,567538
579044,598514
579045,602453
579067,331982
579071,616469
579076,599006
579090,162110
579093,391055
579094,579599
579100,870762
579101,378234
579111,614776
579125,599002
579135,264659
579149,881160
579156,612506
579159,302039
579172,606069
579176,596342
579178,347235
579188,598261
579196,619257
579200,297515
579201,283971
579219,352879
579258,945662
579281,325167
579290,333504
579291,595735
579295,330145
579300,344628
579307,308551
579308,323393
579310,375658
579317,903624
579319,328915
579325,305803
579335,608543
579345,592893
579351,571375
579361,609361
579364,337173
579371,595871
579376,297542
579384,318551
579387,298841
579388,306559
579389,600265
579391,860644
579395,276398
579401,269617
579402,198755
579406,598782
579411,399340
579412,324923
579423,290116
579428,335218
579432,263392
579446,150397
579472,299345
579474,578792
579480,295011
579485,341817
579495,234056
579509,340035
579512,298765
579533,383888
579533,291738
579533,321446
579538,369827
579554,259266
579557,289004
579561,595638
579564,295648
579567,842584
579570,340161
579582,612929
579589,596735
579590,274424
579600,349214
579631,322565
579632,629306
579639,158718
579649,593293
579652,301609
579671,190384
579696,291278
579703,617693
579710,317154
579712,586919
579737,377533
579740,585325
579745,150002
579752,341499
579754,344459
579757,298593
579757,598249
579772,604756
579777,622278
579799,342832
579804,604478
579814,878820
579828,364588
579849,906959
579858,892204
579874,602993
579875,311031
579876,588121
579891,919068
579896,125536
579924,877715
579926,604053
579936,272740
579938,610846
579939,301403
579952,340623
579955,287838
579956,332370
579958,595185
579964,593581
579969,911304
579976,353978
579977,304560
579989,271461
579990,294530
579994,883640
579995,135033
579996,355226
579997,150835
580009,587928
580025,276665
580032,326712
580038,906843
580039,390812
580043,601742
580051,582788
580056,388672
580060,301908
580071,372526
580080,332622
580088,246988
580088,291379
580101,604252
580105,595631
580113,296780
580117,324923
580122,257845
580126,333231
580129,887384
580145,311462
580150,590202
580155,584643
580156,584395
580156,595458
580171,341810
580208,585284
580212,288979
580215,578880
580217,266731
580229,329987
580231,836007
580240,377095
580250,335775
580255,563469
580261,319115
580263,340765
580276,275836
580277,610667
580284,165886
580291,883792
580296,591247
580300,871776
580307,316374
580309,870667
580313,320457
580319,886772
580333,610846
580334,287759
580351,276080
580356,597875
580356,600273
580365,597663
580371,601506
580372,866981
580375,321298
580388,330408
580389,359114
580395,586205
580396,284690
580396,320265
580398,594407
580402,733748
580403,313392
580406,886642
580409,326911
580422,856335
580433,170817
580438,588783
580441,595900
580447,616961
580451,894201
580456,355029
580456,279562
580462,352734
580470,350498
580480,266812
580495,851913
580496,365450
580499,319272
580505,316722
580520,847559
580527,595942
580532,441359
580543,306529
580544,604307
580563,420160
580583,335719
580587,587943
580594,294113
580605,161573
580605,405927
580611,268251
580612,606349
580626,846562
580646,309989
580652,605962
580657,384656
580663,198747
580665,915663
580668,266617
580670,342395
580685,245319
580685,604903
580692,218057
580694,302571
580697,316048
580702,859161
580711,608127
580711,270812
580719,568915
580720,885838
580741,335360
580741,398559
580756,341729
580765,615150
580771,863799
580772,304263
580791,602181
580810,303155
580811,376079
580819,595359
580820,321762
580821,275721
580832,602076
580858,592296
580859,268235
580867,296374
580870,336397
580884,271165
580896,155887
580909,364877
580914,575583
580920,330508
580922,338739
580923,280978
580927,608437
580929,286730
580930,583158
580938,153407
580939,243160
580942,287051
580944,597649
580968,242364
580971,347151
580980,583999
580989,164416
581003,148131
581013,588849
581018,297682
581028,606622
581028,864821
581053,613675
581054,882041
581082,328298
581082,334380
581084,570138
581084,283717
581106,340639
581107,588581
581108,614373
581109,334689
581111,160357
581115,309211
581119,292602
581124,250845
581126,132640
581127,324149
581139,344114
581139,901771
581160,891999
581167,275972
581180,309658
581181,291075
581198,361443
581200,583911
581201,258623
581232,288498
581238,241070
581239,841191
581249,291630
581249,586699
581258,588468
581260,145928
581269,349717
581281,325034
581284,870413
581284,349971
581288,482519
581290,337555
581308,879762
581313,586092
581322,295279
581323,486559
581330,278803
581340,135981
581344,200648
581363,153022
581369,354093
581372,146105
581377,295723
581388,586892
581389,135241
581401,385168
581404,859621
581413,267085
581417,872919
581420,588811
581425,353244
581427,277846
581436,589478
581440,605138
581445,318939
581451,519904
581452,862570
581472,317563
581482,898950
581494,620638
581507,308878
581512,323244
581523,892715
581526,350669
581528,853094
581533,328055
581539,585509
581547,581653
581549,596421
581551,306533
581553,582585
581568,292881
581575,331321
581578,605764
581584,279202
581588,317751
581591,917328
581593,297968
581602,152019
581608,425309
581608,345989
581632,294958
581633,603971
581645,590340
581674,878126
581678,251789
581679,601449
581684,531115
581687,608280
581694,361937
581706,612267
581708,341741
581712,838924
581715,273458
581715,598092
581728,599797
581731,338919
581743,378665
581750,307894
581751,328921
581762,610131
581780,309873
581792,572813
581803,371668
581805,291935
581814,239295
581815,266959
581824,873866
581832,581592
581839,302459
581839,609286
581840,904895
581844,581582
581844,332428
581847,318155
581852,376168
581873,582360
581876,349113
581883,269388
581888,579773
581892,346596
581894,341884
581899,589490
581900,256952
581909,358020
581913,340547
581913,322611
581923,291720
581924,604753
581924,348050
581928,304691
581950,317868
581957,221945
581979,333465
581999,329642
582032,335712
582040,315462
582045,831923
582052,602976
582056,383722
582063,376757
582065,391126
582070,603165
582071,292027
582076,137714
582076,320976
582077,296914
582079,341520
582083,604213
582094,577015
582098,294836
582101,305958
582108,586076
582108,352545
582109,336089
582120,574268
582120,347218
582127,343057
582133,342954
582135,353856
582138,310396
582145,264756
582145,601928
582151,336391
582158,277190
582167,399273
582175,343100
582179,229341
582184,305701
582187,342076
582189,580144
582205,578941
582206,376406
582214,355853
582218,314439
582220,255134
582247,593568
582264,346870
582267,457644
582269,320978
582269,154065
582277,344195
582303,279576
582309,592837
582311,142060
582313,849699
582313,341554
582320,254790
582339,307766
582342,266696
582350,610273
582375,356532
582383,297144
582389,580939
582428,585666
582442,297849
582457,266803
582458,605022
582471,520015
582486,596931
582488,350679
582495,299566
582498,146526
582500,364737
582505,336012
582525,866181
582542,594222
582557,916855
582559,271293
582560,297605
582568,273127
582577,627129
582592,307540
582601,602033
582608,271328
582618,303949
582620,305174
582620,163438
582621,281996
582633,591584
582637,606632
582641,378370
582663,324714
582664,589083
582675,600095
582675,876358
582694,877741
582694,597314
582698,584825
582700,870558
582707,284863
582719,301802
582721,319264
582721,292227
582726,271455
582731,263707
582743,334360
582744,151322
582753,292121
582753,326369
582755,309111
582765,263268
582772,335286
582776,882825
582780,331932
582787,857405
582796,586535
582806,294843
582807,359414
582826,333006
582826,315783
582834,611392
582835,300840
582836,302686
582848,589370
582852,607957
582858,920792
582861,450361
582862,317829
582867,310248
582868,334929
582889,601332
582890,212300
582890,584111
582890,276382
582893,309453
582898,590834
582903,272537
582910,882517
582919,589148
582921,249475
582925,613608
582929,274783
582941,583120
582947,295325
582954,341702
582960,593128
582961,344871
582973,263863
582977,304089
582982,313844
582983,904247
582987,284318
583003,887182
583008,289321
583020,317276
583036,303915
583049,578865
583060,282144
583062,581429
583063,326271
583065,356564
583074,323477
583097,355526
583103,599846
583119,332335
583123,322236
583131,591695
583146,343052
583154,604934
583161,840350
583171,285175
583192,557034
583196,579147
583199,163811
583204,399214
583220,304343
583221,359235
583228,572553
583251,325781
583258,384524
583262,589930
583264,322494
583277,336182
583284,350755
583285,342484
583285,350971
583291,590929
583303,592280
583321,277092
583326,267742
583330,855209
583330,826991
583368,587957
583373,230973
583374,531468
583385,325660
583390,397534
583396,297008
583408,263437
583426,597279
583434,603838
583439,159757
583442,602504
583442,595205
583455,311853
583466,366685
583483,593080
583505,872577
583509,596340
583510,296817
583513,296869
583524,896629
583539,615001
583545,295446
583551,300379
583552,294213
583557,593191
583559,287192
583602,344887
583611,340670
583643,343070
583644,587801
583673,289978
583682,378459
583708,588013
583715,372820
583715,603556
583740,310544
583756,891582
583763,350337
583769,283917
583769,403848
583775,263151
583795,861270
583812,870105
583813,596747
583815,362742
583838,575823
583848,306666
583852,618928
583854,318129
583859,318106
583860,291691
583869,327894
583878,260531
583881,324275
583886,320542
583889,901860
583889,244336
583898,869424
583907,847728
583911,909338
583915,146339
583933,310891
583940,926080
583944,385909
583953,867315
583958,286807
583960,343312
583962,277945
584011,887826
584038,147800
584055,280686
584057,279349
584067,314930
584073,164449
584079,317170
584102,351298
584108,275067
584111,602836
584111,581841
584113,939226
584126,272006
584135,589759
584136,909985
584139,585356
584142,337739
584155,148671
584158,374648
584160,858826
584161,360595
584162,288056
584163,348194
584172,299455
584174,579549
584186,584899
584186,872975
584187,364382
584189,613994
584189,344479
584190,127303
584198,304844
584206,154799
584212,310393
584214,584218
584227,278647
584238,584310
584252,166963
584276,346319
584291,311012
584295,142043
584303,138847
584319,304623
584327,587215
584336,374081
584339,286793
584342,307425
584354,580558
584364,593844
584365,313621
584366,386343
584368,883586
584372,357242
584393,357824
584399,311020
584403,604135
584407,216681
584410,338668
584413,289944
584423,333123
584434,879838
584436,232110
584437,338776
584455,281314
584460,581238
584465,278622
584476,319808
584487,151423
584505,289935
584510,325539
584513,591562
584514,862964
584514,157885
584516,156340
584517,880413
584522,234031
584528,603777
584540,354003
584542,336897
584553,324554
584557,588084
584568,322822
584570,324157
584581,352858
584584,883948
584599,325780
584610,258798
584641,711512
584657,348642
584663,162277
584673,277412
584690,909214
584699,870751
584701,150855
584704,597637
584709,300934
584722,299790
584726,313395
584747,318606
584750,869925
584753,296934
584760,596004
584760,570892
584763,619962
584766,288110
584777,682525
584785,913407
584786,610206
584794,305184
584807,268803
584814,291333
584817,587803
584827,158094
584834,603089
584839,324855
584840,354295
584847,278923
584851,595351
584857,608483
584861,498371
584881,302856
584882,244216
584883,493463
584884,868895
584884,571688
584889,581922
584895,294258
584898,288920
584903,288467
584909,313421
584937,329248
584938,588601
584938,293001
584958,613270
584964,611161
584970,338171
584975,159845
584978,388356
584984,265335
584991,523083
585013,607028
585015,586429
585021,386167
585024,313066
585046,587477
585057,343719
585057,343704
585084,325895
585085,337924
585096,143728
585119,306905
585120,280942
585123,297632
585127,606159
585129,128456
585129,810269
585136,300370
585158,598841
585160,327139
585161,334241
585174,370118
585174,339658
585178,290798
585187,588232
585190,310718
585195,892700
585197,302541
585211,607081
585212,576581
585221,168754
585231,600800
585245,586322
585246,374866
585247,276882
585257,315183
585265,257057
585266,889681
585268,253047
585270,380771
585286,161989
585307,349841
585317,611285
585321,262184
585334,275054
585349,220661
585350,299433
585360,351530
585364,578745
585364,253874
585366,339958
585367,860575
585369,308568
585374,762947
585384,318189
585389,372988
585400,251745
585402,339754
585417,287839
585429,611276
585432,865387
585470,602924
585472,282534
585474,908965
585475,842153
585481,619892
585490,583761
585491,882661
585492,308902
585509,366595
585514,585214
585517,690416
585530,594248
585537,172595
585540,593394
585543,302741
585572,286062
585572,636353
585579,323465
585587,341278
585588,553797
585592,299471
585599,294610
585602,308658
585603,315800
585603,319804
585604,310172
585607,270147
585612,495824
585616,816120
585624,402459
585635,596289
585636,303195
585639,327690
585659,290300
585660,873719
585670,327060
585671,279106
585693,835778
585707,581136
585710,300968
585710,859039
585724,329638
585730,302465
585737,351912
585737,275011
585744,592517
585746,585154
585749,878100
585769,244696
585769,177565
585779,586013
585787,297882
585793,308841
585799,608323
585805,138560
585809,350403
585834,303782
585839,604197
585842,851444
585853,900227
585862,148951
585864,595426
585869,357924
585877,156135
585882,312857
585886,573642
585890,906883
585893,338759
585894,306777
585908,571770
585909,273966
585912,836440
585924,588341
585937,319708
585943,296772
585944,276800
585970,203051
585984,326690
585985,292872
585995,335103
586006,365451
586049,305307
586049,332258
586050,297779
586053,300470
586055,893990
586069,313253
586092,590638
586096,307393
586105,365302
586108,594685
586108,308075
586111,334985
586121,585371
586130,315300
586146,598707
586151,589277
586180,277872
586186,272280
586197,310904
586202,269563
586213,620622
586234,898427
586241,295192
586246,269475
586269,596199
586270,320672
586273,307248
586326,281460
586333,585976
586341,398981
586347,309083
586362,520263
586363,883119
586376,863180
586383,380154
586411,612797
586412,280119
586415,316230
586421,313194
586425,599419
586427,371110
586431,377336
586445,287981
586449,914625
586455,647146
586461,467260
586462,602944
586467,418846
586474,283505
586477,348532
586479,603922
586485,586107
586509,600675
586531,593905
586554,580095
586562,159234
586567,275093
586569,318675
586574,911568
586575,244741
586575,907792
586597,374145
586606,582812
586621,583170
586623,298770
586643,592672
586658,359147
586674,335623
586678,321004
586680,309473
586680,370592
586682,319074
586687,587996
586689,266591
586692,578973
586695,379977
586715,312425
586734,598587
586735,864793
586736,342465
586746,610160
586776,291587
586785,158462
586801,160166
586807,302154
586810,316840
586811,291325
586815,893485
586820,343380
586831,230092
586834,592822
586838,152600
586853,908397
586863,916707
586876,327185
586880,279351
586890,331939
586891,210726
586897,148493
586925,311966
586936,247300
586961,296552
586961,325026
586962,597301
586976,137280
587008,334337
587009,303821
587015,222330
587027,318015
587050,294391
587052,326891
587053,319631
587060,421254
587062,603297
587063,598311
587079,619542
587117,416277
587127,601369
587128,274436
587144,359347
587153,338171
587157,336692
587161,151618
587166,333926
587167,313660
587175,302296
587180,254364
587184,284757
587188,146604
587202,267163
587203,699732
587203,156190
587204,603457
587228,153928
587233,299791
587236,318250
587236,602837
587242,282790
587244,260384
587252,146474
587260,598684
587262,288251
587295,595953
587299,349142
587314,903857
587315,596840
587316,149684
587318,292098
587323,595249
587341,607510
587351,144932
587352,123468
587358,610824
587361,325355
587379,591789
587384,279186
587389,316905
587389,148070
587395,293175
587407,609363
587411,612290
587412,594707
587426,349195
587427,894729
587428,282127
587431,284997
587435,303158
587440,305174
587441,593665
587449,576455
587458,292831
587465,901047
587467,319180
587469,166588
587469,302896
587473,289840
587476,303594
587483,323679
587516,576048
587528,883853
587529,330567
587530,140354
587541,916180
587543,264203
587552,310852
587552,337960
587554,262739
587566,165547
587580,316402
587589,283175
587620,340582
587632,588653
587634,580229
587653,146740
587655,141815
587657,299114
587662,144968
587676,353867
587676,372184
587685,136112
587700,241513
587700,307495
587710,882717
587737,335100
587742,702334
587755,300038
587759,331926
587763,578259
587768,335779
587769,161301
587770,589233
587776,588980
587782,575045
587790,293996
587792,139028
587795,594774
587797,155243
587803,310132
587807,150691
587817,500223
587821,300315
587829,300663
587836,583764
587854,321906
587870,164113
587885,162588
587887,258748
587891,589201
587908,394738
587923,310698
587941,156986
587941,357930
587942,800052
587951,323902
587970,308323
587972,155213
587981,130762
587982,279291
588025,327407
588031,910277
588038,341042
588041,132549
588041,154903
588045,298999
588046,210744
588047,327752
588052,359825
588070,339373
588073,376160
588075,591458
588085,414551
588095,283285
588100,358806
588118,268887
588125,263716
588129,590336
588130,592265
588134,869539
588151,591805
588155,590354
588158,348813
588173,368888
588174,913870
588185,325587
588198,315284
588216,304836
588228,905206
588252,314921
588257,311180
588263,300941
588270,351763
588278,238843
588282,142121
588283,569850
588320,595377
588321,275787
588330,286134
588339,306981
588341,156299
588346,324743
588356,311514
588387,360769
588388,261210
588394,602134
588395,325514
588397,475975
588400,339235
588404,188044
588421,493709
588429,605352
588434,248003
588441,614007
588456,578571
588473,582837
588476,255553
588477,911627
588483,595037
588488,359198
588489,248737
588490,291118
588493,372452
588499,268810
588502,890835
588512,308627
588517,606881
588541,317820
588552,270783
588554,322762
588562,326758
588584,285490
588602,310543
588621,856934
588626,297517
588631,299638
588632,154201
588632,843208
588634,299273
588647,904483
588672,163194
588694,337292
588696,334857
588697,593836
588705,899897
588712,879956
588719,587980
588727,607784
588761,332323
588782,339762
588785,580141
588785,295611
588796,307508
588815,247085
588824,283389
588828,155082
588830,857669
588836,296821
588842,163297
588845,336969
588849,279551
588855,273916
588858,145864
588861,591550
588863,307730
588872,346013
588880,161999
588882,254782
588883,296670
588895,611689
588896,303815
588898,593321
588911,598435
588915,871644
588917,277362
588929,916130
588937,311895
588937,156370
588944,612430
588947,389044
588948,261624
588951,290605
588957,351848
588968,326889
588985,681975
588990,149744
589000,783398
589004,337796
589005,150433
589007,353904
589007,906264
589010,270880
589018,892734
589038,309989
589039,300195
589042,325073
589053,600583
589066,283946
589070,305584
589091,290686
589115,237628
589118,596021
589121,862276
589125,330422
589138,238581
589141,611037
589143,367464
589148,210256
589160,156842
589163,370126
589165,350166
589165,310402
589170,575907
589172,300032
589178,306334
589194,372476
589206,584436
589208,249522
589214,265356
589214,687548
589226,582732
589236,280262
589248,304905
589249,333841
589249,851942
589249,851589
589253,288066
589273,327193
589277,332465
589280,300674
589281,596028
589289,313420
589289,836850
589297,143477
589300,926963
589303,327849
589306,335238
589313,277203
589315,352126
589330,294744
589353,156458
589354,150305
589359,273514
589361,692739
589367,904981
589374,300773
589381,585641
589421,355125
589424,380040
589448,166835
589455,590151
589459,282143
589466,310071
589480,314571
589494,492919
589496,281553
589507,256400
589517,334841
589519,334474
589525,592575
589539,301963
589544,280558
589566,604310
589569,276156
589572,128654
589582,595625
589611,878912
589613,880138
589613,245283
589616,255600
589621,170219
589636,298623
589638,880356
589659,282819
589664,917546
589665,334186
589666,172444
589667,294694
589670,879698
589684,875675
589684,595344
589685,333126
589688,373166
589703,144112
589708,893311
589711,892224
589727,318530
589754,397694
589756,312657
589756,307915
589758,289836
589769,258486
589769,280414
589777,283890
589792,152389
589806,170697
589814,286291
589818,315171
589821,296959
589824,311920
589826,342215
589860,345488
589861,168213
589862,587245
589884,259839
589885,344395
589886,869457
589888,487357
589889,391707
589896,884663
589898,325690
589919,602804
589925,167321
589926,498891
589928,588330
589934,307819
589938,311609
589942,240096
589943,327646
589946,266433
589948,276951
589959,339106
589961,288215
589966,159539
589971,293372
589977,288743
589982,586619
589987,156404
589994,799960
589995,302710
590014,328607
590018,597513
590025,328585
590025,299183
590032,176176
590034,287225
590035,260240
590042,580075
590046,597488
590051,331743
590056,259952
590059,333441
590061,151822
590064,341747
590065,310654
590068,931388
590068,288894
590076,885368
590112,140887
590113,591943
590135,156489
590137,314671
590141,272859
590143,335808
590146,277030
590156,279228
590165,300026
590168,662248
590181,271680
590184,612442
590201,265773
590210,160502
590216,159985
590221,312995
590222,858688
590226,616453
590238,153814
590238,857375
590242,862613
590244,304100
590263,273434
590263,158777
590269,316072
590280,138464
590282,339553
590285,318641
590287,838780
590288,602798
590291,161650
590292,332278
590319,298729
590319,325724
590321,143992
590328,151228
590338,255573
590351,567440
590351,227899
590355,161088
590369,255685
590369,278103
590370,381674
590405,266039
590409,148689
590424,584705
590432,604484
590439,331614
590450,288718
590452,281566
590453,302222
590456,585399
590475,583013
590479,281419
590483,838686
590484,283290
590489,310506
590491,701829
590495,321789
590512,882277
590524,158085
590528,379418
590530,274748
590531,287599
590534,319971
590537,245657
590542,585176
590543,353905
590550,312322
590550,158715
590556,486334
590557,134825
590591,292230
590607,153120
590608,157843
590608,253833
590610,160886
590612,287287
590619,309009
590628,878192
590630,627761
590641,866370
590643,594461
590650,152780
590654,303690
590663,143954
590666,152514
590678,289701
590708,124404
590729,238364
590735,161805
590740,140336
590741,296419
590748,340588
590749,152401
590757,151396
590757,258370
590764,268078
590767,303066
590772,285418
590798,161811
590800,276376
590802,162880
590805,283142
590823,163575
590838,153096
590848,333622
590858,318830
590865,293447
590879,891965
590895,299714
590902,361426
590905,340789
590908,278885
590910,887232
590918,169816
590928,150595
590929,322415
590930,856420
590938,603969
590948,305374
590952,908743
590964,297960
590972,897836
590978,346464
590993,308476
591007,151713
591024,594468
591035,289089
591036,307060
591041,158322
591043,311220
591056,158113
591099,858813
591109,167334
591114,593344
591134,163120
591140,851730
591147,608103
591151,209810
591152,609809
591161,271151
591165,297910
591169,297288
591179,275923
591182,329541
591191,175901
591192,519883
591199,315613
591215,298676
591220,870651
591228,312561
591234,311969
591235,337770
591248,459992
591251,314820
591254,583678
591262,608883
591267,315825
591269,601461
591280,384145
591281,904643
591282,599437
591284,579793
591285,314080
591289,344961
591305,130677
591325,154918
591331,419421
591333,320089
591341,140236
591342,296592
591345,316165
591356,612061
591366,155443
591378,290608
591397,885230
591399,275146
591417,595977
591423,298126
591423,161037
591428,587393
591449,328829
591456,169147
591462,594513
591480,267454
591481,301797
591481,144763
591487,871353
591492,133727
591498,159852
591509,312713
591524,270418
591525,313369
591531,304585
591533,498142
591536,160526
591556,318808
591559,307760
591565,260665
591579,316154
591586,154345
591591,272328
591594,143841
591596,303807
591600,578566
591605,164931
591610,297733
591610,884614
591630,291548
591633,868191
591651,266152
591671,145208
591671,308106
591675,588085
591679,151179
591680,593062
591690,289488
591707,154161
591708,232620
591708,340035
591710,597483
591718,178366
591729,289839
591734,276733
591742,340659
591758,105498
591761,601906
591764,581141
591784,344887
591790,265741
591810,277257
591816,852500
591819,844216
591831,579854
591835,142921
591836,247886
591838,592439
591858,315914
591876,144987
591888,360039
591898,388884
591904,302690
591906,597162
591922,357742
591930,153745
591931,142840
591932,162425
591950,338911
591952,149841
591953,155112
591955,316821
591957,350190
591958,159421
591962,605872
591968,692062
591969,277032
591981,290271
591983,312451
591999,342651
591999,303664
592014,317393
592015,347501
592018,331719
592021,326516
592031,172820
592032,251795
592043,850924
592045,162428
592054,325320
592062,265551
592074,289868
592074,170264
592084,231767
592110,409919
592111,320241
592114,912161
592129,294054
592130,287244
592133,357687
592143,279788
592144,158450
592145,602368
592146,162717
592153,362411
592165,140286
592171,159972
592171,315961
592185,879514
592191,864874
592195,346746
592196,335430
592200,602897
592204,579723
592208,384650
592211,145765
592217,294433
592220,147027
592252,359132
592263,302406
592263,265940
592268,346266
592269,886399
592280,160513
592280,317648
592284,169552
592288,169145
592309,311030
592314,120442
592328,175042
592336,342060
592340,153515
592343,367461
592348,161255
592349,383182
592369,588707
592370,174124
592380,592432
592389,403248
592407,158063
592409,682230
592411,599570
592424,154914
592438,289535
592463,879535
592480,310106
592488,307996
592489,348557
592496,267079
592498,601357
592500,592056
592507,329746
592508,309042
592524,897054
592527,138937
592528,316590
592531,295224
592534,328205
592545,141025
592546,336847
592547,148501
592549,324956
592551,283101
592555,239252
592562,300079
592562,852279
592565,271941
592576,159797
592578,155195
592587,490443
592589,342074
592595,276065
592596,151599
592600,710324
592602,143991
592613,857089
592614,351621
592648,882591
592648,154323
592650,376170
592664,850126
592666,396407
592675,326079
592685,346984
592695,593724
592698,168680
592704,143236
592729,303054
592731,303257
592734,328503
592734,881524
592735,906387
592740,316605
592748,150183
592765,885541
592772,526931
592776,362220
592776,319454
592777,903284
592778,826375
592796,288930
592807,294121
592816,583609
592818,797508
592819,360368
592819,298477
592838,309685
592839,310555
592863,161140
592863,132175
592877,271241
592882,284263
592883,119033
592889,275160
592895,155422
592901,293255
592903,288547
592910,340640
592914,141128
592929,260846
592938,321318
592948,847338
592952,143419
592953,289129
592955,917862
592959,324359
592967,352999
592968,196881
592969,302255
592971,301016
592975,580993
592978,154697
592983,152525
592987,316844
593002,143269
593011,128524
593016,193247
593021,592743
593031,594627
593069,900212
593085,156755
593088,287258
593090,285713
593092,484147
593094,310084
593105,303331
593117,141302
593118,236161
593130,673532
593138,287539
593146,122653
593150,326316
593153,294327
593170,304492
593178,364714
593197,144700
593204,365679
593207,165944
593222,606972
593229,229386
593232,341395
593234,286599
593259,169466
593263,339510
593270,599081
593270,866576
593276,696813
593287,371204
593289,312059
593291,152137
593303,290936
593305,151777
593307,330412
593311,270093
593312,297925
593324,330903
593340,159295
593348,318164
593351,326658
593361,580542
593366,344886
593377,123020
593390,613306
593399,144127
593416,588041
593421,270271
593427,155716
593427,189978
593429,191520
593442,155289
593456,318282
593458,588644
593460,602517
593465,582157
593466,303211
593466,272561
593469,155999
593471,600529
593479,267609
593490,149738
593498,163225
593513,313631
593516,302996
593517,288111
593518,146147
593532,612022
593551,158740
593563,317470
593568,312738
593570,150125
593582,361150
593591,320525
593594,381340
593604,846763
593608,155786
593634,340961
593636,150354
593643,291808
593657,140354
593665,160793
593678,907050
593686,375154
593688,348985
593710,290377
593717,327418
593719,604262
593738,150328
593743,273788
593743,294309
593765,231438
593768,283948
593777,315753
593790,146956
593796,312984
593803,325829
593803,856188
593830,154100
593833,593949
593840,598435
593842,895212
593842,304966
593843,154616
593855,158977
593862,322049
593867,896222
593881,372334
593883,146164
593888,289093
593902,578460
593903,169202
593921,148839
593928,376488
593930,406034
593945,278840
593945,297452
593946,911546
593952,140582
593956,154291
593959,590940
593962,318105
593962,398815
593970,323812
593980,844645
594004,312882
594009,365600
594011,262660
594012,317459
594013,275540
594014,344455
594034,169584
594036,150394
594045,292753
594047,399643
594051,276825
594054,587611
594054,157778
594066,157545
594069,298147
594074,143745
594080,150825
594083,314117
594093,812620
594098,132017
594104,864469
594110,282113
594125,161742
594128,340285
594130,161296
594140,286808
594150,906566
594151,363727
594151,313553
594154,867554
594155,292987
594162,138520
594171,588200
594174,363850
594177,149391
594179,309131
594190,149722
594192,348871
594218,295560
594221,893533
594233,159714
594234,154319
594243,312803
594251,310646
594262,317912
594266,120167
594266,157294
594270,319547
594276,323255
594276,271550
594290,577629
594295,708150
594297,142518
594298,864337
594301,149092
594304,152075
594315,313948
594316,144793
594317,282495
594319,889508
594323,166542
594326,139837
594341,589604
594345,310142
594350,369920
594355,158588
594362,580034
594366,165983
594370,411326
594371,314523
594394,851942
594395,301647
594423,147720
594436,163767
594444,134221
594455,937831
594456,152072
594472,331948
594474,151977
594475,154677
594492,288311
594507,345101
594510,230384
594513,539683
594518,262496
594530,149339
594540,606882
594546,155497
594557,163982
594560,309581
594561,147971
594567,147437
594567,141254
594576,356367
594588,315806
594596,327595
594598,279821
594604,292068
594605,153457
594605,888054
594607,602295
594618,141973
594623,151970
594629,711333
594631,157842
594632,326250
594638,316775
594639,159103
594663,255363
594670,150460
594680,170040
594681,150698
594681,336761
594686,570695
594691,906071
594693,326898
594694,470627
594700,145258
594703,462084
594711,334705
594714,161550
594718,293463
594719,281400
594732,191098
594735,362098
594739,277874
594740,333945
594751,191837
594757,341037
594759,107613
594784,259122
594791,308261
594800,619190
594804,281239
594810,147776
594822,318379
594848,329800
594858,303378
594866,359285
594869,291432
594875,136159
594876,286488
594893,314210
594896,329897
594898,154200
594908,153312
594912,178588
594916,348833
594923,160855
594925,358964
594927,333167
594932,140321
594933,282639
594943,603492
594952,272702
594953,311236
594955,319112
594956,347063
594963,150987
594966,691531
594976,902756
594984,308054
594985,341003
594990,139782
594994,298543
595008,166002
595028,160325
595031,323100
595039,143288
595043,143891
595046,173347
595062,237626
595065,354711
595072,290504
595075,267455
595083,239531
595085,376984
595086,149510
595098,891984
595106,161915
595110,146227
595112,160615
595116,161668
595118,281523
595124,570642
595129,911853
595161,270423
595165,155074
595171,306980
595181,160998
595186,178054
595206,260525
595207,314781
595215,480758
595225,161004
595227,702447
595230,138278
595234,318093
595234,328196
595236,150492
595245,591520
595248,288007
595250,272091
595292,146591
595296,601623
595297,315309
595301,167066
595309,399381
595310,219979
595312,145271
595315,157139
595319,882572
595327,139998
595329,309324
595331,299349
595334,135804
595337,315366
595342,155787
595352,293613
595360,315347
595362,253774
595365,157142
595368,149570
595370,298432
595388,305025
595402,135579
595415,625815
595426,291698
595455,357630
595462,322081
595464,291403
595472,245135
595489,147292
595509,295142
595510,375621
595511,332479
595513,144502
595518,614640
595521,294398
595523,307204
595527,618882
595537,608908
595543,157991
595544,314019
595574,147950
595575,156995
595578,253277
595583,149302
595585,346815
595587,605345
595595,155830
595601,268935
595605,126376
595608,292294
595609,597483
595610,299030
595611,949067
595613,591376
595626,145533
595633,304656
595633,350852
595643,257511
595657,491574
595660,149577
595661,268913
595668,143227
595686,301543
595689,319847
595708,304680
595712,299023
595716,148909
595725,386289
595769,303309
595771,587241
595771,301351
595777,159080
595783,141085
595786,354688
595823,321643
595824,292582
595829,579916
595831,156257
595844,133645
595846,574312
595858,596134
595867,141713
595870,375534
595879,158010
595887,157950
595887,152771
595891,333920
595910,720227
595910,217824
595913,357449
595913,163140
595916,303154
595925,138733
595925,155047
595929,340151
595929,607086
595930,154554
595930,148829
595933,304998
595946,164140
595954,280388
595955,352711
595955,151452
595958,367441
595959,838470
595961,125174
595966,336662
595972,148221
595974,166186
596020,151039
596022,159624
596024,161270
596039,162633
596045,363597
596056,489255
596057,387182
596059,143648
596071,300742
596083,154448
596086,328969
596090,280610
596091,340926
596094,287590
596097,596167
596100,156315
596103,311444
596106,144502
596107,149463
596124,141440
596125,151511
596128,169390
596138,302235
596140,307767
596141,148099
596149,431330
596150,296166
596152,860373
596161,329039
596171,162176
596171,151144
596176,154173
596181,274975
596195,321467
596212,141618
596224,610602
596228,280944
596228,320570
596229,146889
596233,299348
596238,890488
596254,152949
596254,265460
596257,362325
596260,145911
596270,267372
596278,242912
596279,155212
596281,318903
596293,157009
596295,146779
596298,339750
596301,160147
596306,269910
596314,278099
596315,280355
596317,153260
596320,159569
596321,243282
596330,350673
596335,291817
596337,120282
596341,324544
596345,383837
596346,338983
596347,299103
596350,274292
596363,158642
596365,153754
596376,872593
596391,287090
596391,159901
596394,715269
596397,160484
596412,314128
596433,305984
596438,309822
596440,313970
596450,153211
596458,157695
596460,340790
596460,600411
596464,268256
596469,594552
596471,302708
596476,284723
596492,328089
596497,146251
596518,271519
596519,289490
596521,158448
596532,154034
596535,335653
596538,202795
596540,128017
596549,318516
596554,153173
596560,677319
596563,325242
596571,574388
596571,260451
596576,253447
596601,679885
596603,159869
596605,303923
596613,160773
596615,146499
596619,167289
596620,853342
596622,294401
596623,131486
596623,162560
596629,596357
596631,148083
596639,130505
596647,135178
596651,152010
596655,138171
596660,271537
596664,147524
596667,899316
596671,366684
596672,598830
596673,301276
596673,150809
596676,153797
596690,305623
596690,287441
596692,301154
596695,136799
596700,300494
596703,140854
596706,313457
596709,330721
596715,324937
596736,311393
596743,309080
596745,936468
596748,248805
596759,264217
596763,325791
596764,334823
596774,145329
596775,342102
596779,310790
596779,906384
596786,292733
596791,281367
596801,158193
596803,163377
596808,351475
596817,164267
596827,264947
596830,148657
596835,319010
596841,585320
596843,870884
596872,147992
596877,306226
596880,151914
596882,917060
596886,160131
596889,267490
596890,595385
596909,338429
596910,312947
596916,298689
596929,281848
596932,149957
596932,884672
596964,158508
596982,159034
596982,150430
596993,915923
597000,160891
597002,153638
597003,155614
597010,157194
597011,152242
597015,331252
597018,313018
597018,260114
597020,246654
597026,151144
597052,312159
597053,325573
597055,276498
597067,896895
597068,297914
597071,158346
597088,154443
597090,371052
597098,287527
597099,148891
597108,302647
597111,151729
597114,125758
597118,141118
597127,142835
597132,171933
597136,837509
597147,243085
597148,890433
597153,289803
597165,321575
597170,313315
597172,165896
597174,151419
597176,303220
597194,298322
597197,597196
597209,160973
597212,322622
597214,159107
597216,328250
597217,161788
597219,310993
597220,285122
597233,144358
597234,920737
597245,305941
597250,148528
597252,266229
597254,602460
597258,328523
597263,160649
597277,310592
597278,308703
597279,320124
597282,332728
597286,257267
597294,316048
597302,596758
597306,154189
597313,144330
597313,285776
597317,155927
597323,589721
597327,166221
597330,149349
597342,274921
597344,876689
597356,152938
597361,322744
597372,151580
597406,161527
597406,276326
597408,148493
597411,708963
597415,154242
597420,900942
597438,290432
597442,598380
597447,289606
597460,290104
597461,154959
597463,151709
597469,303281
597469,155192
597476,599082
597478,309283
597479,279984
597484,573605
597489,294940
597490,259288
597495,704911
597499,295431
597507,150898
597510,288141
597511,310098
597526,358007
597535,156025
167293,883433
167306,312643
167381,900844
167391,858990
167392,840016
167402,901857
167403,856877
167413,330136
167415,846965
167420,890640
167420,910897
167421,327951
167433,875727
167452,875889
167467,876905
167470,325290
167477,328359
167507,887543
167606,885094
167637,884194
167642,893561
167680,911579
167697,880981
167698,902664
167731,875553
167732,329607
167736,858575
167761,887422
167775,882116
167781,867354
167789,880929
167815,338152
167818,866971
167831,868293
167837,870998
167860,314864
167888,885016
167900,887103
167945,887181
167947,336857
167950,844774
167968,325975
167978,859915
167995,879313
168011,331799
168029,889855
168037,891719
168045,325641
168052,876512
168067,897708
168074,878568
168079,326337
168129,330408
168132,899847
168133,328639
168160,874934
168168,865526
168239,312453
168275,907837
168281,333901
168288,828573
168313,331728
168316,888590
168341,848830
168346,311479
168373,887318
168397,898056
168414,329158
168451,337174
168457,876459
168459,870252
168498,325712
168506,316351
168513,867895
168544,876855
168571,340000
168572,874191
168582,888129
168592,316823
168648,919547
168678,851173
168688,881700
168690,893893
168698,910446
168723,869857
168786,322629
168806,843845
168842,327245
168857,864783
168894,904166
168894,889568
168898,882642
168900,336797
168911,905807
168926,902877
168930,877000
168935,878984
168938,335590
168953,874008
168971,326468
168982,886497
169001,880870
169047,866193
169056,915592
169067,889383
169095,324566
169110,321568
169135,846721
169143,869611
169148,905875
169149,903902
169156,332661
169183,890541
169191,869821
169249,868258
169279,331832
169286,323765
169298,894959
169301,350765
169324,880327
169327,841596
169337,880031
169342,343363
169382,318883
169409,891679
169413,878873
169422,880776
169424,911679
169468,860194
169489,891888
169491,874442
169532,322437
169545,867033
169545,901268
169550,884970
169578,872814
169591,336238
169640,888497
169661,871411
169666,882916
169685,862760
169697,316785
169735,317976
169768,884297
169772,862422
169773,903839
169800,851039
169862,875106
169874,897622
169973,861748
169973,884173
169978,329296
169980,865485
169987,862083
170001,901070
170015,894768
170016,321383
170017,866744
170036,335337
170039,888528
170106,335190
170112,862572
170115,888306
170118,881134
170124,310989
170168,881874
170188,865785
170193,324216
170207,872730
170215,317454
170251,892395
170265,332984
170279,893922
170327,866528
170346,875163
170374,871525
170380,810729
170439,873906
170443,888643
170450,330912
170453,332341
170459,871028
170495,317406
170498,859194
170554,884217
170583,872910
170587,321272
170589,820074
170608,329568
170618,886094
170623,313140
170626,341564
170649,854625
170658,322335
170673,870602
170680,869908
170688,888560
170693,877481
170716,907687
170717,860786
170722,882730
170725,905073
170757,879504
170759,342913
170789,873693
170825,882129
170840,315084
170855,326374
170873,322388
170876,313679
170924,333284
170927,899393
170947,905609
170949,327767
170955,326329
170976,895154
170986,863654
170991,874765
171021,902814
171039,876361
171065,321687
171067,874353
171067,883183
171095,875923
171095,332202
171116,862023
171172,328914
171178,896924
171234,874319
171268,888861
171277,320071
171278,314381
171288,874799
171326,857298
171336,316397
171338,901940
171341,866801
171342,313563
171343,893274
171377,323188
171402,882637
171413,338686
171417,871646
171421,874235
171427,334824
171435,876014
171441,884731
171456,313806
171456,878573
171465,884001
171482,917193
171516,889054
171517,864791
171551,877378
171565,336014
171569,896526
171569,912747
171571,876560
171587,872213
171632,324896
171664,334626
171670,886512
171692,345634
171694,325341
171704,870602
171758,882563
171766,894622
171785,324650
171796,325884
171803,861250
171811,882054
171845,784991
171849,856567
171865,893088
171868,874277
171868,885465
171887,895731
171911,331806
171926,870757
171939,889337
171963,880282
171994,862563
172038,908690
172072,873051
172078,862049
172093,893601
172127,331004
172151,840162
172190,892239
172203,865498
172209,863816
172220,895783
172238,333591
172273,898198
172279,881191
172286,859406
172329,339633
172330,326738
172347,323443
172376,331636
172400,315412
172426,886169
172434,324424
172435,855499
172436,340998
172448,864195
172451,877997
172469,850032
172479,876139
172485,902209
172501,884878
172502,327422
172509,336816
172526,879649
172546,872776
172592,882160
172616,894307
172619,324458
172625,900652
172636,882886
172642,855103
172653,874415
172653,327769
172705,886580
172715,893557
172741,874978
172744,885814
172773,880492
172785,898670
172790,326189
172794,321992
172796,314326
172806,322624
172808,896873
172812,898871
172827,324598
172828,337061
172839,889870
172864,324100
172871,866185
172916,869874
172932,873715
172952,319166
172955,323167
172991,870059
173041,337759
173060,885458
173065,326331
173065,335821
173096,335847
173096,322530
173130,882432
173146,870515
173146,878820
173171,867705
173176,870183
173199,905380
173261,320037
173336,894639
173346,868390
173359,871210
173396,326442
173396,840920
173408,326057
173412,871933
173415,322132
173426,906420
173453,898297
173454,880485
173455,856655
173461,311244
173474,801793
173495,893203
173506,341095
173509,873984
173514,846532
173524,883554
173535,865862
173540,332968
173542,858827
173549,908193
173577,345790
173583,889364
173602,326718
173602,336329
173606,324528
173635,865873
173635,339568
173641,339634
173653,880255
173664,880605
173671,330858
173694,885242
173713,861588
173725,890637
173750,870513
173756,867766
173758,889100
173776,892818
173799,329253
173820,898699
173853,905902
173863,314099
173887,860307
173898,878660
173900,891078
173918,880951
173932,319850
173983,883933
173985,825824
174006,917398
174010,870550
174027,874104
174042,875084
174047,326511
174070,322047
174074,874877
174083,899309
174085,880852
174092,320392
174106,330399
174112,326520
174132,864826
174162,877134
174179,329409
174180,326091
174212,866582
174224,332857
174229,326884
174254,878817
174256,338834
174263,322354
174263,321439
174278,332781
174284,883444
174290,886475
174306,332379
174333,346597
174340,836130
174351,323796
174360,318588
174384,325527
174384,885359
174400,870687
174402,890296
174422,790418
174441,324504
174443,913483
174455,330843
174459,882795
174460,873583
174460,853422
174483,883635
174486,324086
174497,884989
174498,883973
174500,325277
174518,888188
174523,855775
174547,876092
174567,880617
174599,322429
174608,334561
174609,342532
174626,880297
174649,876854
174663,319347
174667,905048
174678,880665
174689,876097
174713,882722
174716,878177
174720,880350
174727,317791
174730,884821
174744,862751
174761,342797
174761,898897
174771,330722
174772,874175
174781,326064
174783,870692
174785,875525
174796,913856
174799,897898
174821,900287
174826,889640
174829,874419
174830,839360
174838,882134
174841,327334
174847,335032
174853,877680
174869,775933
174891,866118
174892,319482
174903,883771
174904,308291
174906,336133
174909,881552
174918,325256
174925,881964
174955,880074
174983,859742
174994,874851
175010,310642
175013,871690
175023,322633
175029,877447
175039,857245
175046,333519
175064,876213
175070,885181
175076,341755
175081,327351
175095,317947
175108,879849
175114,893197
175140,901534
175142,333407
175143,886493
175145,871464
175146,320160
175148,318020
175168,333493
175201,329297
175215,338620
597543,165257
597550,143826
597551,398997
597557,164896
597569,169752
597574,149293
597578,143312
597588,860795
597592,296279
597594,303370
597597,217492
597600,753654
597601,147592
597611,323428
597615,315121
597619,297427
597626,301719
597627,308793
597631,162680
597632,129329
597632,597292
597634,299416
597654,851523
597658,156944
597658,158184
597660,333160
597671,156052
597678,583668
597680,150065
597681,171923
597696,682268
597699,146097
597702,310031
597726,282272
597737,147774
597739,134606
597742,268128
597746,296022
597749,293766
597749,236552
597757,320532
597759,152066
597770,159628
597774,147500
597777,601266
597782,228320
597782,364000
597785,156062
597805,295687
597811,155560
597815,158037
597822,575496
597845,156910
597855,348263
597855,355140
597856,505280
597866,154444
597867,589881
597868,305606
597869,284746
597869,151458
597879,698800
597881,265028
597903,151707
597911,158844
597915,337963
597923,905255
597931,604060
597933,144045
597934,248027
597946,150651
597951,263537
597957,155399
597960,865224
597973,161977
597983,340905
597983,278155
597987,168160
597989,160561
597991,309770
597996,333978
597999,255922
598007,616186
598012,292616
598024,165661
598025,683446
598028,141495
598031,244612
598031,307837
598034,159408
598036,290454
598045,142396
598057,303266
598064,327639
598066,146226
598067,315735
598067,712161
598068,308962
598071,377154
598073,262598
598073,582260
598090,170442
598102,353081
598105,291287
598106,110814
598107,335104
598111,171921
598128,296982
598129,276771
598131,255017
598138,153991
598138,299038
598145,301935
598146,351599
598146,603836
598159,160418
598166,344164
598169,315602
598174,157248
598180,326920
598182,158238
598190,157920
598193,305559
598197,702098
598206,679268
598207,243745
598212,154422
598213,149539
598224,171994
598252,324934
598258,690321
598259,148965
598260,387754
598267,313697
598267,133669
598273,285178
598285,155454
598291,149490
598298,159524
598298,148021
598303,329643
598307,136679
598328,157238
598331,447245
598341,149048
598352,160093
598352,160271
598356,157562
598366,369043
598366,147658
598373,248740
598384,298527
598384,145228
598394,323796
598425,155054
598429,315806
598441,345016
598450,157623
598453,290884
598463,303598
598464,599657
598467,697616
598473,285913
598474,309308
598476,152114
598492,138991
598493,150105
598493,274055
598498,582234
598500,154815
598504,500620
598514,148712
598517,345006
598521,149233
598525,487500
598525,163565
598540,907211
598543,852704
598547,905945
598552,617836
598568,304024
598570,156975
598571,152161
598582,156601
598584,603729
598586,164460
598587,333881
598588,150551
598592,279934
598597,149874
598607,315971
598623,315503
598626,150943
598629,854560
598636,351755
598645,284431
598645,148088
598652,155616
598654,161792
598655,293710
598663,155918
598664,156700
598671,287044
598675,171277
598678,160575
598681,278687
598688,132614
598690,582133
598697,525330
598715,152816
598726,156409
598727,272609
598730,156814
598730,366306
598754,142372
598759,329041
598765,337423
598768,163313
598771,284923
598771,467725
598779,311131
598782,144379
598793,165253
598810,339919
598811,162898
598817,294780
598817,674994
598817,150134
598817,275667
598818,175456
598821,297562
598821,337255
598822,153840
598823,167114
598842,290110
598844,161440
598845,601725
598855,299230
598867,159725
598870,703660
598872,143001
598879,857376
598879,299103
598883,152865
598885,153137
598891,299181
598897,160700
598900,320600
598907,135721
598912,157482
598918,329062
598922,337278
598935,151182
598939,598762
598942,268180
598944,153494
598949,191053
598949,153335
598964,137481
598967,147609
598981,141856
598996,770172
599010,158945
599016,154614
599021,172842
599030,297420
599032,296046
599033,153010
599034,269816
599048,157274
599052,145444
599054,169151
599054,160510
599057,323982
599057,392832
599058,156090
599061,310495
599070,272957
599071,686321
599078,152806
599082,158671
599084,161011
599085,146667
599086,145960
599088,156073
599095,831149
599102,146001
599103,148767
599108,305571
599109,261189
599112,290144
599116,142897
599131,142480
599133,164243
599143,156030
599163,157562
599185,323701
599186,332393
599199,147009
599202,496959
599207,160753
599211,154694
599223,348373
599234,334885
599239,138698
599243,762466
599284,297675
599289,281363
599307,587305
599308,150323
599311,154672
599314,295100
599317,137676
599321,157048
599321,141206
599326,348305
599333,143847
599342,159493
599343,143566
599345,305011
599346,161716
599359,324493
599372,152140
599379,171400
599389,348035
599396,165869
599405,306475
599407,154530
599407,138644
599413,173925
599420,152539
599425,340590
599431,282000
599432,296613
599435,299759
599438,358705
599444,894243
599447,154655
599449,349668
599464,296159
599473,862204
599476,263282
599480,146448
599494,321188
599502,313042
599502,152347
599509,297528
599512,165284
599523,589190
599525,166319
599528,391541
599537,145570
599552,153890
599558,153298
599560,576430
599564,138399
599564,284762
599565,141370
599565,889562
599572,150733
599576,355421
599577,159298
599579,593718
599588,143939
599589,481258
599592,151867
599597,613432
599621,483185
599623,146493
599630,610526
599630,149559
599630,271209
599632,170799
599637,150782
599649,146738
599650,162406
599653,689107
599662,153940
599664,601593
599667,152511
599704,149174
599708,161207
599712,145650
599713,271228
599716,265626
599732,152468
599738,302091
599742,151756
599742,609040
599743,150055
599758,149919
599775,137059
599783,152566
599789,778551
599803,135990
599824,856858
599825,153478
599845,159599
599849,293522
599853,131086
599862,149354
599867,270058
599875,292598
599875,166748
599879,145730
599889,520648
599892,160283
599900,227535
599912,164472
599913,140383
599919,594480
599929,278030
599933,593812
599933,338238
599939,287306
599942,381212
599943,148692
599945,120982
599947,286391
599954,162671
599964,239521
599971,147715
599972,338741
599975,320438
599977,758994
599994,270431
600009,148310
600010,314318
600011,341662
600015,294477
600022,284539
600025,289344
600032,295731
600036,290898
600039,537624
600039,170018
600047,346380
600048,151404
600055,156708
600066,588296
600074,150637
600075,393224
600079,166177
600086,149528
600086,160239
600093,153025
600105,171367
600109,530659
600117,849492
600120,298587
600124,156930
600127,148833
600128,159284
600133,578268
600135,143482
600137,414311
600138,162101
600140,149468
600145,142133
600153,159806
600167,334251
600167,167332
600169,884410
600174,296128
600183,151180
600185,338773
600186,342619
600191,148170
600192,153612
600195,283686
600211,139752
600214,160144
600228,474694
600233,311787
600234,282179
600261,284981
600261,302292
600266,145983
600267,275808
600269,303151
600274,149932
600284,285295
600289,152752
600292,380089
600293,167113
600298,167611
600313,159302
600317,535085
600317,175201
600318,253764
600337,164455
600338,302838
600339,155023
600341,582461
600344,301833
600349,140770
600350,152297
600353,151067
600361,310242
600369,256318
600382,161673
600383,584305
600383,313402
600385,684883
600391,459392
600396,298160
600396,318814
600398,281589
600410,330329
600411,150565
600413,175114
600422,272893
600422,161490
600425,159128
600430,136956
600430,165770
600436,144872
600454,321646
600454,367866
600465,158348
600472,154387
600475,164415
600479,273690
600480,282215
600484,256532
600489,316613
600491,275845
600492,146505
600493,140288
600500,155970
600503,155039
600515,138415
600516,165323
600517,355071
600522,276889
600540,162243
600543,308386
600546,303783
600558,309644
600564,592836
600564,145817
600566,152960
600571,143881
600573,160359
600576,140635
600582,302484
600595,526126
600612,161560
600620,271131
600621,164547
600629,162984
600634,306431
600637,145642
600645,319169
600654,325461
600659,155579
600662,123970
600672,373208
600672,156971
600673,327698
600691,157226
600696,153440
600701,153818
600712,335218
600713,145320
600715,159204
600717,277617
600729,298552
600736,290908
600740,223479
600744,155268
600751,346070
600757,695477
600759,316615
600770,145902
600781,155590
600789,293569
600797,270955
600808,246007
600812,249267
600814,160519
600821,154795
600835,283233
600838,143537
600841,311244
600845,139358
600845,163409
600848,158493
600852,286986
600856,276831
600865,331620
600867,136745
600875,146959
600876,356285
600883,323723
600884,163425
600887,578676
600889,394407
600892,157088
600895,333020
600897,148863
600898,150703
600901,323425
600901,161005
600906,167983
600908,149071
600911,159863
600926,168578
600926,242653
600936,145601
600940,160254
600946,150388
600948,141469
600950,260802
600951,157722
600951,316853
600954,376952
600955,332982
600956,149233
600958,346659
600960,146754
600962,134968
600982,159302
600986,163097
600987,148725
600991,267118
601001,662409
601006,144316
601018,143066
601019,319158
601022,159636
601025,292311
601031,148507
601046,161132
601054,295661
601056,138448
601059,174642
601067,248460
601069,315781
601077,158381
601084,156152
601085,183440
601089,317217
601102,163841
601106,287209
601118,146887
601121,293141
601123,161778
601126,146890
601132,248584
601138,149762
601144,153210
601157,285782
601165,157114
601167,302147
601176,154735
601177,152904
601178,286421
601183,147891
601187,334576
601199,291313
601202,169749
601206,160446
601208,148110
601216,151881
601217,241584
601220,585056
601221,145122
601231,573070
601234,268529
601238,269907
601241,138651
601249,164242
601252,308746
601268,168653
601283,259769
601289,300307
601298,159231
601311,161959
601322,292372
601329,148958
601331,152895
601333,387572
601341,152117
601343,304341
601353,153901
601358,129343
601369,152749
601369,277153
601383,345572
601397,163492
601399,157471
601400,157661
601403,172772
601404,299721
601407,159683
601429,152556
601432,169061
601433,145679
601434,149657
601441,150127
601445,171717
601460,154189
601471,155831
601479,143987
601492,708700
601499,682861
601500,886396
601501,148756
601515,147589
601519,142312
601521,584981
601526,166473
601530,605299
601535,343775
601537,498697
601539,160313
601543,139902
601547,149270
601548,144332
601551,150543
601563,180741
601566,161410
601567,712669
601571,172242
601578,250213
601589,154373
601590,901005
601594,162518
601595,134862
601608,168693
601608,521373
601613,238970
601618,337557
601619,135659
601631,167597
601636,730309
601639,156098
601650,330754
601658,148834
601658,176217
601670,153708
601670,875041
601670,152673
601672,318478
601691,149948
601699,156872
601701,162010
601702,320965
601706,272803
601721,335488
601740,580430
601740,866341
601742,322557
601744,152791
601750,139252
601756,260144
601760,160385
601763,481588
601766,334786
601773,698262
601776,155107
601779,304328
601795,162344
601804,231914
601806,155269
601809,315671
601809,309239
601811,255068
601828,144105
601829,697021
601832,485063
601838,249780
601842,144064
601844,151643
601847,158473
601848,318752
601850,146802
601852,245874
601855,400929
601861,161042
601864,310271
601865,368133
601872,668927
601877,150643
601882,275015
601885,311034
601891,368258
601893,358932
601897,158131
601900,296579
601901,314505
601905,290867
601918,276478
601922,145712
601923,694362
601927,135347
601932,259997
601945,308884
601950,260657
601955,359162
601955,350462
601958,212968
601965,164481
601966,144128
601968,140246
601969,151765
601986,147203
601986,159142
601991,149763
602002,285840
602006,153587
602007,332233
602014,171938
602029,146005
602030,287911
602039,863893
602040,161979
602049,159128
602053,271473
602056,153343
602063,153268
602069,151508
602070,308296
602073,362390
602083,299484
602087,148627
602096,129322
602096,330902
602097,163221
602098,412669
602099,322554
602103,337557
602108,291615
602110,157023
602114,272342
602117,263406
602124,166935
602124,507484
602125,605361
602127,169805
602143,133005
602143,155562
602149,152197
602152,310591
602166,141364
602169,313392
602174,263816
602174,150678
602176,128972
602181,314818
602181,159906
602183,121835
602184,150619
602187,166128
602198,267212
602204,141923
602209,154782
602216,158473
602219,158488
602221,149657
602223,325799
602226,166170
602227,158693
602232,166749
602232,306832
602240,162870
602254,148358
602255,301665
602256,287459
602270,841818
602273,144487
602280,273799
602286,142814
602292,350110
602293,136649
602300,143648
602311,166066
602322,150861
602324,363342
602335,160685
602336,176103
602338,323171
602350,308491
602356,151726
602356,352276
602365,337485
602370,347398
602371,158915
602373,485034
602375,142505
602375,315841
602380,147806
602389,147732
602399,149910
602411,154524
602412,295575
602413,147784
602422,144510
602437,319393
602441,320915
602446,147825
602447,313585
602451,136781
602454,302723
602461,166801
602470,162847
602479,373679
602494,144599
602502,148576
602505,167528
602507,274804
602516,158028
602516,276144
602523,139616
602528,151053
602531,902724
602549,285339
602552,158429
602566,345432
602567,251784
602571,276433
602574,302623
602576,164095
602598,155295
602602,164397
602608,293474
602609,148559
602626,149582
602627,148305
602639,146976
602641,301690
602656,155884
602661,157217
602662,275943
602674,254871
602683,281534
602683,148025
602684,325542
602685,154776
602686,150764
602691,279004
602691,147519
602698,316716
602699,304293
602701,706749
602707,135884
602709,316116
602715,150465
602721,155201
602723,277994
602724,267849
602725,481946
602729,143628
602737,146790
602742,156855
602754,293213
602756,294370
602775,295396
602775,156405
602780,181945
602785,461686
602792,282436
602798,284851
602804,308958
602805,329979
602806,166928
602808,342244
602818,158418
602824,870460
602826,141964
602828,154626
602829,361873
602830,162476
602837,164343
602843,140317
602844,311401
602848,322149
602852,613802
602855,143592
602857,351394
602869,516830
602873,320843
602875,160131
602876,281970
602878,155686
602881,328857
602884,148967
602886,154413
602896,143286
602896,297368
602900,300113
602901,156665
602918,161681
602921,158441
602921,161313
602926,367568
602929,158322
602929,262266
602942,159660
602944,149781
602952,164055
602953,367571
602954,149769
602961,180388
602965,375989
602969,288792
602974,135169
602979,150575
602979,169227
602989,148511
602991,144789
602992,268290
603010,161099
603012,324120
603014,152260
603014,250382
603022,167415
603026,284228
603029,316767
603036,266592
603036,688481
603038,715328
603054,283362
603062,241635
603065,143426
603066,328375
603080,149518
603084,141277
603091,281005
603094,675251
603098,158918
603101,144934
603101,162666
603102,882605
603114,150796
603114,158497
603117,153144
603118,278482
603118,341228
603121,322161
603123,670595
603127,864309
603129,156507
603130,157814
603132,284961
603141,144824
603144,151483
603150,150110
603153,298664
603160,155593
603163,296464
603192,155978
603194,163241
603195,150748
603201,292494
603205,152931
603205,172838
603208,155316
603211,348698
603212,315511
603216,154268
603229,152038
603240,165074
603242,267199
603246,309850
603247,314073
603254,334901
603280,163622
603281,297766
603287,706447
603296,297107
603299,326252
603303,306467
603305,377639
603316,145604
603316,301091
603323,304888
603324,144399
603328,523535
603336,157029
603342,298640
603356,146502
603358,254000
603362,273961
603369,132878
603374,183979
603380,304809
603380,294981
603387,161501
603391,159101
603395,147079
603405,326183
603411,146584
603417,241344
603417,328583
603441,277656
603445,154163
603452,685981
603455,155410
603457,158050
603468,339786
603469,171387
603476,478692
603479,150140
603483,358585
603494,160266
603499,150201
603500,673965
603503,162667
603524,152642
603528,148441
603530,155770
603541,151531
603550,343893
603554,285517
603559,155078
603562,159482
603570,154740
603578,686401
603578,314276
603585,275908
603589,145061
603591,306388
603592,149604
603593,170479
603595,154342
603597,269516
603597,341325
603600,153858
603609,157999
603613,338864
603621,686437
603632,303280
603635,153945
603636,367576
603638,320648
603643,283114
603644,131548
603653,157080
603655,150862
603659,156021
603673,156296
603673,158993
603673,164176
603675,306745
603681,145708
603685,157813
603694,595547
603708,163533
603709,354540
603710,159027
603713,167010
603730,298148
603753,140129
603759,300976
603760,859559
603763,148627
603764,873607
603769,158291
603771,291100
603773,886050
603780,303004
603781,157528
603783,173120
603786,265710
603787,154765
603801,152311
603802,155842
603814,157590
603819,158930
603824,319377
603838,435160
603847,142914
603855,449147
603856,305508
603858,164237
603859,298012
603875,151113
603878,157162
603881,284498
603888,738966
603888,286298
603888,156706
603889,143960
603894,156126
603899,280316
603901,293254
603904,147446
603906,165125
603908,163482
603920,157232
603925,147228
603927,131410
603933,155819
603934,546624
603939,162653
603939,320570
603946,139583
603947,893495
603947,159631
603953,272515
603953,147762
603955,156622
603956,154859
603967,282172
603970,158237
603970,150157
603972,322917
603975,335723
603981,160269
603989,311778
603991,310030
603993,286975
603994,280167
603998,302291
604011,581574
604015,385303
604016,137160
604018,762332
604035,300924
604035,181971
604065,897257
604066,316830
604067,150508
604068,237528
604071,160942
604072,143672
604079,142014
604080,141958
604080,611390
604082,147189
604083,671379
604092,897290
604098,310814
604101,173419
604113,160645
604113,157909
604118,159261
604118,192473
604120,262204
604125,137484
604127,329493
604139,153765
604142,932242
604153,141643
604157,301417
604160,162087
604162,157664
604164,137889
604164,319247
604168,160290
604184,141612
604186,309491
604186,318842
604188,303894
604190,328741
604191,345669
604197,500906
604197,672314
604201,165487
604214,161756
604229,148134
604237,138588
604251,148969
604258,151032
604259,159004
604264,152514
604273,299935
604275,704781
604276,160629
604277,152767
604278,308856
604288,349767
604289,279454
604303,150559
604306,312432
604319,148851
604329,150999
604332,308688
604340,152317
604342,150523
604347,340045
604354,296826
604354,334796
604357,152252
604357,145937
604367,158311
604379,182231
604381,158831
604389,150990
604390,155951
604423,155930
604429,151992
604437,154317
604442,314985
604447,158995
604457,145154
604460,156655
604461,318075
604465,149223
604467,309710
604479,140788
604482,141915
604484,291826
604484,152996
604487,148300
604489,167847
604491,289651
604491,331263
604496,320251
604498,169324
604498,158625
604503,145872
604513,111198
604528,377085
604537,147167
604540,157370
604541,154080
604547,154190
604553,153293
604557,337973
604560,846505
604562,160021
604563,156253
604563,371196
604570,310546
604578,141368
604585,158369
604585,166287
604596,303898
604598,350035
604607,142485
604617,322621
604617,136293
604625,149499
604634,149299
604637,155032
604640,166246
604640,295262
604662,164837
604664,141498
604664,674255
604666,157302
604672,385804
604672,143095
604686,158953
604691,151734
604701,274038
604703,153267
604707,282014
604730,352318
604731,149696
604732,351581
604736,166743
604736,163155
604748,347244
604757,320463
604757,695362
604757,150751
604767,164865
604772,712364
604772,213473
604773,308718
604783,582479
604788,134057
604796,159884
604800,364387
604808,154291
604812,272385
604813,173523
604819,326313
604820,314439
604821,266758
604830,161477
604835,130169
604837,139471
604846,149673
604861,163087
604866,146021
604867,159561
604874,149601
604888,147196
604892,282996
604898,294845
604899,681121
604905,154698
604906,140805
604906,147052
604911,379371
604916,152766
604917,490503
604923,154318
604925,141081
604930,117106
604930,860712
604935,225673
604937,140424
604946,317455
604959,163799
604965,316124
604969,121398
604980,154696
604986,142977
604991,146644
604994,154321
605000,148151
605006,853977
605008,326167
605008,153455
605013,318889
605016,163671
605024,165480
605026,159179
605030,148844
605034,166179
605042,359400
605046,167860
605048,151701
605049,908669
605050,344076
605055,147636
605077,288053
605081,147052
605086,128748
605087,164517
605091,171950
605093,675738
605093,332935
605093,143036
605104,161270
605123,158597
605124,289898
605126,490393
605138,161335
605150,165008
605165,339965
605171,370110
605172,303543
605172,152622
605172,155778
605176,169595
605182,574203
605182,298000
605201,294145
605203,286892
605213,123275
605220,153030
605222,133136
605226,157940
605226,309753
605227,850515
605229,294567
605230,125649
605230,155038
605230,695901
605232,154994
605232,298105
605239,151727
605242,157612
605248,284585
605257,138391
605259,270176
605260,228036
605261,299804
605268,284011
605274,300115
605276,537566
605281,154837
605297,328822
605301,145107
605315,324604
605316,157284
605317,176180
605326,328341
605331,162324
605333,159602
605335,300532
605347,520797
605350,300366
605352,264869
605353,717803
605356,166867
605358,154000
605383,113661
605384,288103
605386,170555
605403,154348
605404,162633
605407,314848
605408,175985
605414,685219
605418,672727
605419,156988
605428,310199
605433,157896
605437,156409
605453,362148
605454,151661
605460,135748
605464,310975
605478,280336
605508,911622
605513,130804
605517,156132
605518,145403
605520,152604
605520,140252
605522,111944
605523,159265
605525,172087
605529,371347
605536,136199
605538,144717
605540,167705
605544,168950
605555,139454
605556,142048
605566,324903
605577,157896
605582,271866
605582,350686
605587,159400
605587,213332
605592,169593
605596,166112
605608,477294
605623,160409
605636,154796
605638,160137
605639,756934
605641,166018
605643,317665
605651,160389
605653,150407
605654,162090
605663,156566
605679,153054
605680,170234
605691,150617
605694,151691
605696,153719
605697,151412
605697,152052
605704,160380
605710,159295
605717,328265
605730,889971
605736,153801
605738,153469
605744,669600
605745,151023
605747,310362
605750,165287
605760,142160
605761,163618
605771,149043
605774,284976
605775,172147
605784,152734
605784,148241
605786,468785
605801,121200
605802,151385
605803,142557
605808,141488
605816,317045
605817,899600
605817,267314
605819,164496
605822,148298
605824,315779
605829,152141
605833,322943
605837,163991
605840,176147
605843,155772
605859,142518
605867,155087
605868,274888
605868,502583
605872,156542
605876,160784
605877,155127
605880,164615
605882,162684
605883,157503
605890,155840
605890,152761
605909,680581
605916,284827
605917,159093
605919,130301
605922,166506
605930,328725
605934,168062
605936,146208
605936,379218
605948,282301
605948,300719
605958,150666
605964,597747
605964,141563
605970,289525
605970,275395
605975,155731
605975,292083
605976,119456
605985,170673
605987,130267
605989,296931
605989,145921
605997,146197
606000,161525
606003,162602
606008,165892
606009,284720
606010,156730
606012,159033
606037,319292
606040,153653
606041,158354
606046,149224
606058,307209
606058,152446
606062,130754
606067,493967
606068,144402
606090,144104
606093,143918
606095,160142
606095,327729
606096,287005
606099,151008
606100,156489
606114,273201
606117,148930
606117,305229
606124,315889
606127,155200
606132,135916
606140,146689
606142,286686
606142,142810
606146,136280
606153,291012
606155,321603
606167,345646
606180,148686
606181,316328
606187,166290
606200,331562
606206,316854
606227,152308
606239,148842
606249,171227
606251,320383
606251,163389
606253,151270
606253,144766
606258,155061
606265,519378
606265,595246
606266,161789
606271,180745
606279,156072
606286,283621
606292,134043
606294,594768
606296,150848
606298,189630
606298,151325
606300,280305
606300,164981
606302,479141
606304,681056
606304,261436
606311,293560
606313,340559
606316,161106
606316,156997
606319,314503
606329,158291
606331,165411
606333,151578
606339,139636
606352,130197
606353,169252
606358,287134
606365,151952
606367,293820
606382,292709
606384,131307
606386,310774
606387,159133
606392,160064
606393,156858
606395,341524
606398,775148
606405,179456
606405,311464
606407,142981
606407,310583
606409,408120
606413,280133
606413,156261
606418,149020
606423,158077
606423,294675
606426,162977
606427,162999
606429,157625
606444,322762
606445,610112
606447,681552
606448,314718
606451,295183
606456,143817
606460,161564
606461,159642
606461,150987
606468,703402
606474,254964
606492,352699
606496,265382
606509,158150
606512,149743
606513,138435
606513,503501
606513,161424
606536,309283
606538,312062
606539,306145
606544,351471
606547,166651
606561,322381
606568,153050
606580,161027
606587,171501
606590,327276
606599,151129
606605,148881
606608,703388
606612,303128
606614,298859
606616,152172
606620,152424
606622,398456
606626,258351
606627,287049
606628,139691
606637,466853
606641,517029
606643,154938
606653,156136
606666,307788
606667,155187
606675,168070
606675,347180
606676,147836
606678,314206
606679,141889
606681,122959
606686,175321
606689,264514
606697,255399
606713,160281
606716,337780
606716,134996
606722,357742
606731,223026
606732,148932
606736,324732
606737,151907
606745,154442
606767,162869
606770,151231
606772,237529
606772,314150
606775,158535
606777,293462
606780,288863
606786,159754
606789,154174
606794,862298
606803,155501
606804,142747
606821,286668
606822,158009
606825,173856
606825,353150
606830,293463
606839,187948
606853,154418
606861,155520
606872,172247
606885,149620
606888,266642
606892,171169
606892,328940
606893,242944
606895,294864
606901,337216
606903,874027
606907,492903
606910,155080
606910,156796
606920,316542
606923,152300
606938,269442
606940,152880
606947,333873
606952,248554
606952,353031
606953,251075
606962,268884
606965,157220
606965,164947
606974,282742
606978,336571
606987,158200
606988,148284
606997,145014
607003,132049
607003,273100
607005,549771
607007,161606
607028,324103
607032,143562
607036,164506
607039,319920
607046,308629
607056,135657
607058,157866
607061,146370
607063,289442
607063,145266
607066,147897
607074,341554
607099,156553
607107,680500
607109,131105
607109,134669
607109,293867
607109,291147
607112,170816
607114,367607
607114,154622
607114,155331
607120,151190
607124,134389
607124,841046
607125,158993
607127,152685
607127,158596
607131,305511
607135,359897
607140,274145
607146,162493
607160,249322
607167,350220
607175,144808
607179,156818
607180,136121
607183,169919
607195,154193
607203,127570
607204,153180
607205,156386
607208,170040
607210,321867
607221,473479
607221,160483
607221,341485
607229,148216
607235,314652
607249,157778
607258,314664
607261,158339
607264,327096
607266,145204
607271,338812
607283,168530
607285,155181
607292,262570
607295,294638
607299,151171
607302,290458
607306,147446
607311,602020
607317,686944
607319,140667
607321,164046
607333,157878
607336,690033
607344,160903
607346,151591
607347,149707
607349,329192
607359,153385
607363,160697
607364,324615
607370,367879
607370,151755
607375,169630
607388,164146
607394,173050
607396,359260
607413,287661
607414,335892
607424,320966
607430,251597
607432,153190
607435,291130
607443,141390
607450,319848
607451,143628
607453,332619
607463,871294
607463,156758
607481,297171
607483,149200
607485,155116
607493,696002
607494,164200
607495,145922
607496,118371
607498,380073
607507,143787
607511,692731
607514,140542
607519,154648
607522,166026
607523,295419
607525,938257
607530,281043
607530,134791
607536,139104
607539,150111
607540,298286
607540,368283
607543,152159
607547,319231
607548,170552
607575,280739
607578,308392
607584,144933
607586,146773
607596,153829
607597,322160
607606,257293
607612,153657
607612,157497
607616,158122
607633,159518
607633,246440
607638,163585
607639,165014
607652,693761
607671,164173
607686,300811
607686,588376
607687,345241
607690,326616
607692,293435
607703,358532
607704,695826
607706,146061
607712,152251
607714,150429
607731,161310
607734,410166
607734,297043
607746,164630
607747,165190
607750,155874
607750,307567
607758,255285
607761,154569
607762,239893
607764,327845
607769,161074
607771,324518
607776,154079
607778,313415
607782,159330
607803,301700
607804,152733
607804,151480
607805,171044
607809,250505
607811,149346
607814,320768
607817,316219
607828,146975
607828,171499
607835,174087
607835,155060
607841,668715
607842,724275
607847,151053
607848,336804
607850,277506
607853,159241
607858,226020
607862,136317
607881,671116
607884,291140
607889,157943
607901,162147
607903,149996
607903,165267
607906,306199
607907,151308
607908,161004
607912,324135
607913,158201
607925,298505
607925,158626
607938,239990
607957,154253
607963,165937
607965,162978
607969,156966
607972,141051
607972,172813
607973,159574
608009,306198
608015,155989
608016,292697
608020,279524
608025,158321
608040,151125
608041,162090
608046,155082
608059,127737
608074,156817
608080,144174
608088,332033
608094,159298
608104,137027
608104,226035
608109,268582
608109,173184
608110,487894
608115,154641
608118,250390
608119,295023
608120,313525
608123,270156
608125,169110
608129,857722
608130,159492
608133,171319
608139,156329
608141,155121
608143,227899
608148,320960
608158,161053
608158,167644
608166,154045
608169,615892
608174,126225
608180,284160
608184,689639
608190,174109
608190,154819
608196,156922
608196,136779
608206,301991
608208,151354
608210,152285
608214,166060
608226,147066
608227,359190
608228,174295
608230,297950
608243,298421
608245,158337
608246,162784
608248,783429
608250,354595
608250,157864
608274,341544
608276,124726
608280,154603
608295,155351
608298,155681
608302,261387
608304,154427
608307,316817
608307,306689
608311,158278
608321,348840
608327,291602
608328,140463
608328,160199
608340,348400
608346,162591
608349,324652
608352,151330
608354,272085
608354,142676
608355,259064
608355,134328
608359,160141
608362,311755
608369,151107
608378,148061
608378,303170
608383,166640
608386,320596
608398,286846
608412,160602
608423,154600
608424,338077
608426,152236
608430,316898
608441,153426
608441,176866
608446,310750
608449,152510
608468,315558
608469,314104
608472,157711
608475,143987
608475,158990
608477,514416
608477,157523
608489,155918
608489,283531
608490,153005
608491,311724
608493,181571
608504,295501
608516,133197
608516,881688
608521,271672
608528,155673
608532,150690
608542,155994
608547,375696
608555,168237
608561,135725
608572,313495
608576,249992
608576,159132
608577,142438
608598,158966
608598,827843
608606,355661
608610,138734
608615,191075
608622,130201
608624,173736
608626,161947
608626,293242
608632,370536
608650,926665
608672,285036
608679,270693
608683,859981
608692,149826
608694,141187
608698,184728
608708,339272
608712,154762
608715,180158
608718,708166
608726,149924
608727,307877
608728,358099
608729,314913
608735,149449
608738,165215
608746,130900
608780,134820
608782,158156
608786,159737
608805,145167
608808,675684
608811,153653
608812,270955
608813,268770
608817,162917
608827,280691
608832,144927
608844,179444
608845,156591
608848,158619
608850,234342
608852,289886
608855,138326
608858,173885
608859,309408
608869,304761
608876,144104
608876,180742
608877,306452
608880,381951
608882,267021
608882,344328
608886,155612
608890,159257
608895,154089
608900,137657
608900,269527
608903,297962
608910,301557
608918,304828
608921,731304
608932,291968
608936,150351
608942,145827
608947,130658
608960,155011
608969,462991
608981,281398
608985,153689
608987,148688
608989,154448
609012,154426
609014,157669
609024,325885
609025,332768
609035,307565
609036,154924
609038,138427
609038,147688
609038,303875
609042,155459
609061,146845
609069,258610
609069,145205
609071,155610
609073,183502
609082,321184
609082,276169
609083,151558
609084,161455
609086,148895
609087,154765
609089,108250
609096,141629
609097,174347
609099,157885
609101,160880
609105,327789
609116,148114
609117,335706
609122,471127
609131,327645
609132,588848
609132,150147
609135,894808
609142,158233
609148,132152
609159,155975
609161,488406
609161,157678
609164,149884
609164,145223
609170,683118
609170,156101
609175,770491
609184,160896
609186,161622
609187,909381
609191,153283
609201,143122
609203,283265
609212,146569
609222,293626
609222,371235
609225,137883
609227,284837
609238,244608
609238,687679
609247,165991
609252,158669
609256,160347
609259,158744
609276,148423
609281,374419
609286,150533
609295,159635
609301,281067
609308,321699
609316,272580
609332,149103
609333,296265
609338,152632
609339,147376
609339,306241
609344,247365
609346,147456
609351,307401
609352,292316
609354,683388
609379,148236
609385,318410
609402,302142
609403,680014
609405,157292
609415,333570
609416,308545
609418,158256
609428,157010
609436,162495
609455,162430
609466,481456
609474,360588
609476,155112
609478,151286
609478,145965
609487,158458
609490,239725
609494,153218
609497,161883
609502,158517
609503,276444
609514,164859
609516,495384
609517,161483
609524,510830
609526,154337
609548,287504
609552,327638
609555,154775
609567,159633
609568,129788
609572,174201
609573,154012
609577,158677
609579,150492
609580,159834
609602,180386
609602,127644
609608,157041
609609,164865
609609,144112
609609,291004
609613,151960
609622,143983
609639,150223
609644,128445
609644,264110
609651,159966
609654,156832
609657,135556
609684,254029
609684,338181
609686,155564
609686,149132
609688,154785
609704,499259
609713,333424
609720,516824
609722,175145
609723,596425
609724,157293
609725,152855
609729,307581
609729,148509
609734,334042
609735,147030
609738,322132
609742,273559
609750,677122
609750,294342
609758,290281
609759,158333
609769,369974
609774,132256
609805,245970
609809,147861
609810,138198
609813,319257
609816,131961
609829,317812
609834,660959
609836,158441
609836,161843
609845,121996
609862,304867
609868,164625
609875,283626
609875,304756
609878,409092
609883,136758
609894,150339
609900,684054
609900,159785
609909,674686
609911,130824
609911,150769
609920,687782
609922,292619
609933,155592
609935,153578
609940,163850
609967,160140
609971,306788
609978,158760
609982,305995
609987,168057
609988,172289
609990,149352
609991,133051
609991,315938
609996,141119
609999,275656
610009,147199
610012,153745
610014,240664
610019,694204
610020,150813
610021,289624
610025,523421
610028,150293
610034,161433
610051,247903
610051,281067
610053,164285
610057,164668
610063,313773
610064,144058
610071,172493
610073,312260
610073,228997
610077,169504
610082,153731
610089,158331
610097,180822
610098,299967
610099,346960
610104,159932
610110,304768
610110,450999
610116,526466
610118,139384
610121,145102
610134,162668
610135,262302
610138,351817
610149,149214
610155,157963
610157,180920
610161,145312
610178,156605
610180,288450
610184,151337
610190,295781
610192,147170
610197,147880
610199,205343
610200,157505
610208,157054
610212,152287
610215,292638
610226,323932
610232,874273
610243,132536
610244,160171
610244,153174
610247,356053
610247,284630
610247,482145
610250,312448
610252,312045
610252,166832
610258,756182
610259,722403
610262,167863
610266,274228
610269,148243
610271,146612
610284,143885
610287,152376
610294,285722
610312,185701
610316,153533
610322,231053
610323,150952
610323,145516
610330,146673
610331,152810
610333,147537
610339,273641
610341,311431
610343,271957
610351,152865
610356,140151
610357,157336
610358,167134
610359,279592
610362,154790
610373,162491
610388,158128
610389,220747
610391,313945
610391,149935
610396,354986
610398,751836
610399,283694
610414,136172
610415,143915
610416,281562
610418,172378
610431,147472
610434,171388
610437,165501
610442,148793
610447,157152
610450,152815
610450,356490
610451,153047
610455,173455
610466,328273
610467,157886
610468,137935
610473,168282
610474,143619
610480,287809
610503,308247
610510,325968
610511,310546
610515,269830
610528,140004
610533,150608
610541,152937
610545,139246
610549,225381
610560,283117
610566,129185
610566,238702
610568,352571
610572,301753
610580,167983
610583,149025
610590,614175
610599,700988
610600,242192
610601,252746
610604,770951
610609,149713
610613,152523
610619,693851
610628,155669
610640,154040
610640,323933
610662,157183
610666,684614
610671,151527
610680,147966
610690,148285
610693,323936
610702,137868
610702,338030
610706,260637
610708,173241
610709,153104
610712,304828
610722,130088
610732,140983
610743,161560
610752,304053
610758,336101
610768,238263
610773,153357
610775,157419
610790,155010
610794,158096
610796,150195
610814,150085
610833,237730
610840,156830
610843,149971
610856,164226
610862,117756
610863,678741
610869,153812
610874,161982
610884,149739
610889,157907
610891,347811
610898,324655
610904,330613
610904,172891
610905,268991
610914,283860
610935,301512
610937,156576
610941,485712
610947,290095
610948,160874
610955,264785
610955,697916
610959,150136
610968,326643
610970,156472
610980,165515
611001,164409
611003,265374
611004,358615
611007,154848
611009,156761
611013,154574
611051,293667
611059,152578
611059,149012
611063,292205
611069,372459
611069,151476
611070,352593
611074,160954
611074,149125
611090,276815
611092,302032
611100,773521
611100,322571
611104,286262
611121,156974
611134,331857
611138,299215
611147,166093
611158,216234
611162,161866
611166,314436
611171,129217
611174,165772
611180,301091
611180,155963
611183,307194
611193,157446
611199,315857
611208,334643
611210,298360
611222,159267
611224,243754
611231,672122
611244,552034
611262,158859
611266,158700
611266,167937
611267,353598
611269,296191
611272,161160
611275,292597
611278,287166
611278,258090
611290,158778
611303,354057
611315,319107
611331,305351
611336,163401
611336,699283
611342,234723
611347,305959
611347,145163
611349,875321
611354,147292
611360,159206
611360,299289
611361,285153
611362,307227
611373,141703
611381,138773
611387,332267
611388,144658
611390,171125
611392,158910
611401,694415
611402,309829
611406,719366
611417,197970
611427,155100
611427,138809
611431,275700
611439,486143
611439,335365
611442,143251
611456,692082
611465,295326
611466,144135
611471,176313
611473,316778
611482,159959
611483,340747
611494,293115
611497,321438
611503,299622
611509,478704
611526,157931
611534,155666
611535,320181
611536,225671
611542,152811
611544,264894
611550,378193
611555,161333
611555,161934
611564,137090
611570,498766
611577,140981
611578,165157
611599,606675
611600,152436
611605,157733
611612,316450
611615,163189
611629,155113
611634,138676
611635,157870
611643,185449
611644,153046
611645,144060
611657,282006
611665,168112
611676,151825
611685,292248
611700,161461
611703,146518
611706,162414
611710,148484
611717,314086
611734,285080
611748,325037
611748,288224
611749,327827
611754,150072
611759,192100
611761,338206
611767,162267
611777,326353
611778,149831
611780,309839
611781,308428
611781,151263
611783,695998
611783,551869
611793,280580
611800,681106
611816,309876
611816,161417
611821,147430
611825,148023
611833,149462
611834,141334
611847,905284
611849,350208
611850,150482
611865,326119
611877,343528
611881,270049
611884,901566
611889,169903
611889,136214
611893,313922
611902,158492
611908,177314
611911,159081
611921,138002
611925,148613
611932,159107
611933,292020
611937,137592
611946,299583
611951,140736
611958,358666
611962,163269
611981,159670
611982,155128
611995,158947
611999,308490
612002,166303
612005,346138
612025,135131
612027,152608
612033,358620
612036,136832
612045,324500
612051,146880
612058,136448
612063,127350
612068,196878
612083,140879
612088,154184
612100,273687
612111,266630
612123,274013
612124,145445
612128,312696
612132,321636
612133,507246
612134,162751
612134,309173
612141,166547
612142,274874
612147,129507
612152,466964
612165,322888
612166,243128
612169,119422
612175,159597
612178,157004
612181,138043
612183,165721
612186,895276
612192,162483
612194,120353
612197,342605
612207,276835
612213,155647
612218,294704
612220,313963
612220,160894
612226,401554
612227,150139
612236,317405
612238,140646
612245,158097
612256,167047
612279,169368
612283,286170
612290,495561
612292,302443
612298,306040
612305,747584
612311,330297
612313,379239
612317,121595
612328,285517
612333,267601
612334,140212
612335,365286
612336,509554
612337,287926
612340,150531
612348,186750
612349,301464
612362,154316
612368,144173
612368,151419
612372,525947
612391,307001
612410,148478
612410,144506
612414,292657
612414,287810
612418,152471
612421,150977
612422,159571
612428,134763
612437,328742
612438,159584
612443,145217
612445,335329
612448,314109
612449,147190
612450,130143
612454,154226
612461,153694
612468,327281
612477,293746
612480,308368
612482,166157
612485,147921
612485,314668
612486,302902
612489,355247
612494,273180
612512,315661
612512,295543
612520,298497
612521,154980
612526,237453
612531,294534
612531,762152
612535,672575
612537,152396
612541,338428
612555,165855
612560,272795
612564,159675
612564,147168
612564,305916
612570,201596
612573,305045
612580,156598
612583,302357
612613,161318
612613,135180
612618,157056
612622,139606
612628,160205
612629,126292
612638,132415
612644,336821
612651,305987
612654,147704
612663,294279
612665,142944
612666,478632
612677,145133
612678,349254
612680,305153
612683,162075
612690,194106
612691,158353
612691,375704
612700,153509
612710,155354
612728,304248
612729,318750
612731,269553
612734,155170
612737,855511
612741,267675
612747,269211
612748,850733
612753,157023
612757,128251
612775,160028
612778,297566
612793,283162
612801,158448
612810,159331
612810,137982
612826,150145
612841,279605
612846,137157
612850,145367
612863,303430
612863,179191
612867,918360
612870,229072
612876,156813
612877,265362
612886,160640
612907,297353
612909,158783
612937,276727
612937,306836
612947,165386
612950,295391
612952,162018
612962,156441
612963,144201
612966,267017
612970,341900
612974,122141
612974,271497
612983,155868
612986,326796
612986,158222
612987,159626
612991,304963
612993,260785
612995,269545
613007,152934
613008,746001
613009,150369
613012,143850
613015,169970
613015,322546
613029,308671
613037,114450
613037,245486
613040,161467
613042,151592
613047,360872
613072,141537
613074,124726
613082,162184
613091,148544
613107,768268
613115,305613
613116,139151
613119,144957
613132,136174
613134,152985
613141,315617
613142,128493
613152,148597
613157,226251
613164,140552
613165,144161
613179,319415
613183,375014
613188,471679
613193,694380
613198,265575
613200,152110
613201,166913
613206,153965
613206,262915
613208,824886
613217,294284
613220,161240
613226,150657
613235,158929
613248,113417
613256,312295
613283,142344
613284,147837
613286,140056
613289,145006
613294,157539
613297,110207
613297,341626
613301,144104
613302,182925
613302,135293
613314,257811
613318,146319
613327,277458
613338,676272
613344,254338
613344,742414
613363,605922
613365,890638
613373,180758
613374,260172
613389,780986
613397,153517
613397,314792
613401,163351
613418,715249
613421,161652
613423,155690
613424,163287
613443,145072
613452,147357
613452,140440
613455,145988
613458,145249
613461,319821
613466,160141
613478,178071
613481,136498
613487,185063
613490,672792
613493,148233
613506,156019
613518,145117
613521,299379
613530,160448
613532,149393
613543,145437
613549,312399
613559,163626
613559,167778
613560,667400
613572,682550
613580,154319
613580,282560
613582,145448
613584,781146
613587,296356
613588,298757
613589,162856
613592,309995
613593,153932
613597,231897
613604,192397
613605,148244
613607,149560
613607,292617
613611,172889
613612,171519
613627,180728
613642,322013
613643,272937
613649,157172
613650,248155
613651,157347
613654,134093
613661,151826
613675,164455
613701,687550
613713,252529
613730,154067
613746,167723
613747,156674
613754,161949
613759,143595
613766,284935
613769,168333
613799,289549
613807,306512
613825,151446
613828,162404
613836,119001
613844,300737
613864,146042
613877,123721
613879,308542
613883,765649
613883,149808
613891,686428
613893,918300
613900,153864
613902,146325
613911,260283
613915,327839
613917,154991
613934,282800
613938,290121
613948,178582
613949,309735
613951,168666
613951,144503
613960,311246
613960,704392
613969,175586
613973,282419
613973,248822
613976,134863
613982,138443
613991,499226
614007,159850
614015,151181
614024,153897
614028,142553
614031,298951
614035,144147
614046,299798
614054,158136
614061,134194
614067,153295
614070,137282
614072,495400
614076,124460
614088,158342
614094,393966
614103,148713
614112,159987
614117,136628
614143,296447
614143,159911
614144,157792
614146,313841
614148,162372
614149,462721
614152,168647
614166,686192
614178,123776
614183,330341
614187,319423
614189,177288
614190,704778
614190,352801
614203,833791
614203,152021
614205,143429
614208,493124
614208,344487
614211,157232
614222,152756
614227,314303
614239,131662
614240,711779
614240,131516
614241,286635
614241,672366
614242,147464
614242,147487
614251,656626
614265,176983
614265,252242
614276,226930
614279,172252
614300,154382
614302,188987
614309,349020
614314,259876
614332,300437
614364,144962
614369,165536
614380,160088
614385,290928
614392,346805
614408,159945
614409,166855
614410,154067
614419,707651
614423,163699
614423,243495
614423,155929
614428,312478
614439,154326
614440,152723
614441,310623
614453,690080
614469,222677
614469,344484
614470,520511
614489,148408
614490,298718
614491,296812
614491,371377
614495,487478
614496,174256
614501,335606
614514,282030
614525,145214
614529,309755
614534,156605
614537,216624
614542,144932
614550,159256
614570,153894
614579,296368
614583,519840
614587,290056
614601,294529
614603,712653
614604,294786
614612,764909
614626,274337
614630,166181
614650,161567
614651,672473
614656,151429
614660,144642
614672,867190
614674,173334
614691,145439
614700,229756
614702,152506
614712,276939
614725,162169
614728,347202
614734,161139
614734,335988
614741,310782
614741,302691
614742,308791
614759,291762
614767,708034
614777,217314
614777,155621
614780,162010
614784,362602
614784,260482
614786,291603
614791,177474
614801,161200
614809,880574
614816,290350
614821,497182
614822,150939
614830,145786
614838,142534
614847,144988
614850,300778
614851,686976
614861,164111
614865,158259
614872,148370
614887,325278
614893,142103
614895,160981
614898,164181
614899,313623
614900,165416
614902,153476
614912,157518
614917,254218
614919,147576
614922,318791
614946,146980
614955,168546
614956,307511
614957,148783
614958,160059
614970,335424
614976,325842
614991,147909
614992,243871
614993,155483
615012,152601
615025,166485
615030,676458
615045,295892
615049,130938
615059,312473
615075,147886
615078,214109
615085,318044
615085,693684
615086,145812
615093,330497
615105,586123
615106,357460
615108,166076
615113,160386
615114,151788
615126,138245
615134,353043
615143,145436
615144,142083
615156,152362
615183,137761
615188,657577
615188,263318
615189,215180
615197,484983
615198,162013
615201,301333
615202,669972
615216,250983
615220,143237
615232,160151
615245,150184
615254,346015
615258,180061
615258,152697
615260,286683
615263,151203
615264,126285
615271,228166
615273,284916
615275,759082
615279,349650
615326,320959
615327,211973
615330,152461
615330,122585
615335,143629
615343,228499
615345,270643
615349,318991
615364,153236
615369,319754
615370,141410
615373,304177
615375,183005
615383,872437
615388,156028
615392,356148
615396,298063
615398,690441
615403,154455
615410,302006
615430,205686
615437,272007
615441,701258
615447,130821
615449,155201
615456,270062
615458,765732
615478,149438
615484,690449
615504,165275
615506,274855
615525,150369
615527,670420
615534,304328
615535,124794
615542,133130
615544,249932
615548,157673
615559,169740
615572,164367
615582,254266
615589,192100
615593,153095
615606,151098
615627,300875
615628,147634
615639,293848
615651,151004
615651,212357
615653,157996
615659,688238
615661,318466
615676,464598
615691,349842
615695,326309
615699,244577
615702,666116
615707,180303
615716,165422
615718,175169
615722,699491
615726,146097
615728,152995
615754,299208
615762,167128
615764,283465
615764,230089
615777,308115
615778,146969
615797,345394
615799,474665
615801,154672
615803,176988
615814,300934
615816,300042
615823,159910
615826,289954
615845,141588
615852,307176
615852,149502
615852,297223
615856,161854
615857,288993
615874,126454
615879,330279
615879,154216
615907,146980
615908,141338
615909,243266
615920,151964
615921,218689
615928,145957
615929,316907
615933,458392
615933,314653
615936,250869
615946,262700
615947,254258
615950,345184
615952,154137
615958,150429
615960,280033
615965,164782
615985,221684
615992,309002
615994,273035
615995,127781
616008,168749
616023,757224
616025,360514
616033,145971
616033,158371
616045,168563
616071,275574
616076,150692
616080,129947
616089,312326
616101,296239
616103,274821
616106,147591
616113,337393
616118,236545
616142,320814
616161,152973
616167,459383
616170,144175
616175,318278
616176,228540
616188,117709
616189,217329
616199,147534
616201,135061
616206,165585
616214,149446
616224,158961
616228,133571
616235,148041
616237,354394
616252,157499
616259,492649
616261,169638
616266,161469
616268,148783
616272,242356
616275,162295
616280,475845
616292,270931
616297,149826
616310,143254
616327,329040
616337,351434
616349,138852
616351,150813
616355,165049
616355,122077
616355,152803
616357,256686
616357,138059
616360,312540
616375,152688
616378,137284
616379,126486
616382,153227
616397,691217
616405,141820
616408,705343
616422,498011
616422,343329
616424,288207
616431,154167
616432,467387
616436,288896
616440,757710
616442,135536
616455,147002
616465,234637
616466,318418
616474,323419
616475,150582
616477,721014
616487,143220
616509,743756
616536,700726
616539,154637
616549,120088
616562,337772
616563,149368
616563,796450
616576,143244
616582,332557
616582,213289
616584,710386
616588,149641
616590,118084
616594,281168
616601,169162
616606,147727
616613,320765
616621,334471
616639,204949
616641,166093
616641,314061
616662,242525
616673,320023
616678,137374
616698,165307
616705,146709
616708,267538
616719,149933
616722,162168
616761,690899
616761,284129
616761,325769
616774,222230
616783,301764
616784,343488
616785,365691
616801,137864
616809,188207
616810,522435
616811,164530
616821,318804
616824,672406
616828,343164
616832,676290
616854,198201
616858,341215
616869,149846
616872,163582
616881,298432
616885,335747
616893,290695
616899,165804
616904,175842
616911,165418
616913,339295
616921,170847
616928,318107
616950,168240
616953,908950
616958,351025
616958,164957
616979,710047
616980,155321
616981,328196
616988,372238
616998,297048
617009,280041
617011,135774
617011,506076
617011,873842
617012,165003
617014,300122
617021,302551
617027,152823
617034,157236
617041,153279
617056,150987
617065,159206
617068,323857
617078,151580
617081,250270
617115,158549
617129,146231
617130,165763
617142,260020
617148,155031
617154,341845
617159,213359
617162,168655
617165,120053
617168,752778
617170,157640
617174,207836
617188,147861
617192,307314
617197,138623
617227,154583
617237,279242
617248,783602
617248,138960
617261,709557
617265,275193
617270,149558
617271,307120
617273,311665
617280,859071
617282,151253
617287,160005
617297,499876
617312,156097
617325,133219
617334,138623
617345,148506
617346,153187
617350,159009
617350,307140
617369,457939
617374,149200
617374,175644
617376,161392
617377,280128
617403,338957
617406,316609
617421,153005
617430,312868
617436,314982
617439,140817
617459,268685
617473,134675
617482,140178
617499,296599
617503,166373
617509,157990
617511,134451
617515,171074
617523,135980
617525,655572
617531,160549
617536,287723
617541,295307
617552,213670
617555,142937
617560,483536
617561,140449
617564,176178
617575,262980
617575,303084
617578,322378
617582,144097
617587,488293
617587,143542
617621,156813
617622,694108
617629,165226
617632,160730
617644,260001
617644,190495
617654,245331
617656,286270
617668,365475
617676,342155
617683,338280
617684,775239
617690,334772
617703,295791
617703,144950
617704,140202
617738,231303
617745,149510
617746,167165
617758,155329
617764,316098
617769,254782
617770,314722
617777,139645
617795,684089
617808,138627
617813,144752
617823,601567
617825,896645
617830,260850
617831,222355
617836,152369
617847,329501
617855,225168
617856,159056
617857,148286
617865,173546
617871,653321
617873,316987
617880,121316
617887,255446
617894,897643
617909,156224
617909,148476
617929,157528
617931,331319
617931,147898
617939,323021
617949,147312
617950,131230
617954,309596
617957,210824
617963,153853
617964,143330
617968,298231
617970,150254
617980,145672
617983,175535
617988,133000
618005,476075
618005,160113
618011,228841
618031,134764
618031,156889
618036,520121
618072,302708
618084,305413
618095,371513
618097,672477
618110,296493
618121,138972
618125,238779
618140,658210
618149,333774
618157,886446
618157,506576
618162,327300
618163,674707
618167,294834
618171,389298
618182,249143
618201,510126
618204,147483
618206,147983
618219,234192
618220,151684
618231,159546
618232,146985
618234,290328
618236,229598
618238,154914
618240,135533
618240,159708
618242,221063
618242,150032
618259,697751
618267,164192
618269,160373
618275,312786
618280,185991
618290,337171
618304,171865
618305,136432
618322,691720
618324,151311
618324,292993
618346,146124
618347,450801
618369,206872
618373,155166
618376,245466
618402,713922
618405,343263
618406,169387
618435,155833
618437,499926
618440,138500
618445,455758
618451,295529
618453,318829
618468,156000
618468,131835
618470,112798
618480,301489
618482,292987
618494,152085
618499,167476
618500,144202
618510,304489
618511,164260
618521,297039
618532,345014
618537,139097
618548,314384
618553,159797
618561,331938
618562,265802
618562,778787
618569,152892
618578,343516
618582,136038
618587,129843
618590,267038
618594,157082
618595,315789
618612,314119
618615,778677
618618,277908
618625,645786
618632,140665
618641,681205
618643,145154
618647,159831
618653,124667
618653,520486
618698,175286
618703,332538
618706,154130
618708,152979
618709,257099
618725,144045
618727,150130
618735,689361
618757,275612
618762,191043
618766,326360
618770,309201
618770,498048
618770,124242
618771,267570
618802,213606
618803,135688
618805,702685
618807,124309
618808,183462
618837,141832
618839,783054
618841,153925
618853,301673
618859,136737
618869,714122
618872,695233
618874,129795
618875,124789
618876,276790
618877,236494
618885,148784
618906,137144
618908,136795
618911,173578
618917,288395
618919,689422
618932,156607
618932,152351
618940,348469
618952,191824
618975,290910
618979,404174
618985,512907
618987,338614
619005,153559
619012,795553
619016,725912
619020,225316
619020,307953
619022,154389
619026,253101
619026,232169
619028,649811
619037,668153
619038,304671
619054,278115
619059,692829
619064,301618
619064,349605
619079,760310
619080,165282
619090,312474
619091,301424
619092,256433
619105,222150
619106,667796
619106,285652
619113,161810
619129,359221
619133,689457
619136,773138
619142,478145
619158,461556
619161,484119
619168,288282
619172,141241
619175,313032
619190,150082
619194,685315
619204,163652
619213,308402
619227,141339
619228,165563
619231,142444
619238,707894
619239,685057
619251,153995
619252,147639
619260,342720
619262,156909
619268,167118
619271,691794
619277,239450
619279,314846
619290,322890
619299,310303
619302,270381
619304,230014
619306,157946
619307,167999
619317,147887
619324,158989
619329,517667
619348,135115
619351,260518
619362,152869
619385,260156
619388,144445
619392,304561
619393,153892
619397,318869
619420,347435
619427,286117
619437,696153
619438,315129
619438,157712
619454,306827
619456,159537
619474,148854
619484,308570
619508,159825
619520,233733
619521,217415
619523,148182
619529,156816
619533,769952
619535,301173
619540,167186
619542,166015
619546,147343
619563,496303
619568,221192
619570,293242
619574,148938
619574,147643
619579,134759
619583,347077
619607,144395
619625,256098
619636,149310
619647,209499
619653,297713
619656,271424
619658,289936
619666,327747
619671,679852
619696,166892
619701,169515
619703,506473
619728,144032
619739,146742
619767,155729
619768,684369
619823,131626
619837,328408
619844,319785
619845,461203
619849,209880
619851,329760
619855,324547
619856,179960
619869,303335
619875,220436
619878,208192
619882,134452
619891,751470
619899,290047
619901,300802
619905,689252
619908,892101
619910,684601
619912,334813
619912,319086
619916,135914
619918,305094
619927,254219
619947,148840
619947,274999
619958,120921
619960,133657
619961,293328
619963,143679
619966,164586
619968,737736
619972,164892
619972,296790
619973,142168
619974,207876
619979,161336
619981,119250
619983,424208
619992,860572
620010,680588
620020,673024
620020,172381
620020,143695
620034,150693
620042,331245
620046,239165
620049,269805
620053,148589
620066,220793
620067,144742
620070,328940
620078,319974
620079,144449
620087,215463
620091,261111
620091,261253
620098,152956
620123,288636
620131,125177
620132,119168
620147,285384
620151,304248
620152,223690
620178,679299
620221,342530
620226,269021
620227,328505
620239,138815
620246,123800
620246,726166
620254,326187
620257,149745
620258,152220
620283,145929
620297,122738
620313,156729
620314,137975
620316,286165
620322,163852
620323,238093
620347,159552
620358,309479
620368,151679
620371,732164
620392,140234
620406,149522
620409,282658
620444,326679
620444,475783
620457,224039
620458,148845
620458,268272
620470,169131
620475,134899
620484,308701
620486,756089
620490,480212
620494,416582
620494,196514
620527,148197
620530,132186
620539,208740
620540,317309
620556,162260
620559,144308
620561,688269
620570,384563
620579,257260
620593,438297
620596,309645
620597,289694
620603,287483
620643,304343
620648,330600
620649,776376
620658,304387
620658,503663
620659,217339
620669,171798
620679,125866
620693,230736
620697,167075
620707,489333
620725,141838
620726,291308
620731,163199
620733,288744
620759,145631
620760,151068
620762,319597
620767,222562
620767,144724
620767,159071
620782,338326
620791,302756
620796,227831
620798,135072
620801,160180
620818,150875
620831,258285
620843,221343
620847,339078
620853,460612
620854,275259
620854,708650
620857,177585
620858,201424
620859,140757
620865,312802
620870,313993
620874,185117
620879,781036
620921,219150
620925,282081
620942,162219
620948,313391
620951,158340
620955,146787
620971,255429
620973,206106
620975,135720
620986,335043
620989,164504
620991,140940
620999,749132
621008,272133
621017,292462
621049,293210
621054,301257
621083,181045
621087,308535
621097,313267
621097,155832
621103,303319
621105,708744
621117,474564
621134,315449
621150,238999
621157,271796
621172,214502
621178,219091
621180,393933
621182,262760
621183,301511
621184,676739
621196,149435
621205,394501
621224,161950
621236,666209
621240,310138
621242,292427
621251,315595
621257,687841
621263,227033
621265,309809
621265,268550
621267,476176
621274,133079
621276,756551
621276,290113
621280,196356
621293,277807
621298,321164
621300,132711
621305,310557
621313,246693
621314,305545
621317,292984
621319,192493
621321,154688
621327,196313
621330,367702
621336,137442
621350,136538
621360,305656
621365,688946
621366,280144
621377,275589
621383,315246
621386,158744
621392,274528
621405,168956
621408,169741
621409,281186
621409,265060
621410,306562
621412,102458
621412,141046
621413,513760
621428,501553
621438,140656
621446,213187
621454,164615
621454,333110
621459,224658
621468,318182
621469,321526
621473,674840
621478,288864
621484,159925
621490,265176
621497,142213
621497,302404
621501,287097
621516,307391
621518,341675
621525,169009
621530,234760
621554,318751
621567,135944
621570,668326
621574,771935
621592,236527
621600,160750
621601,155481
621606,152370
621609,125663
621611,285295
621615,283977
621620,169718
621626,135985
621627,153705
621635,771529
621646,214444
621660,478436
621681,287594
621687,181139
621702,294548
621705,162841
621731,312086
621745,312077
621756,153458
621761,215961
621765,127512
621772,348290
621774,342263
621798,217384
621824,139013
621849,305967
621851,469180
621859,488254
621864,325566
621870,686592
621878,749061
621891,341394
621894,156182
621897,182174
621907,137606
621908,163989
621911,766375
621925,169245
621952,714939
621956,126241
621957,237252
621969,213246
621980,770347
621982,155636
621985,223888
622016,141989
622019,159885
622039,143933
622056,309618
622058,698898
622060,332881
622065,269708
622066,381592
622082,134881
622095,176158
622098,333632
622099,309714
622105,325122
622109,730690
622115,155418
622115,353349
622120,319255
622128,325388
622131,153991
622165,670421
622169,449878
622179,131829
622185,303624
622189,328449
622200,120686
622202,746180
622207,167206
622213,213540
622234,166960
622246,324363
622250,225673
622256,227190
622263,171927
622265,137691
622269,141179
622279,148930
622296,685703
622299,149059
622301,129784
622322,161570
622334,264060
622335,299855
622335,292764
622341,686773
622341,171233
622345,332173
622352,332010
622358,700335
622363,114083
622365,345772
622370,366145
622401,153613
622405,151435
622407,311966
622408,146915
622412,321237
622415,148546
622418,136060
622468,235185
622470,165448
622495,136521
622500,159567
622503,166521
622505,148666
622505,136241
622509,295807
622512,301963
622512,279250
622513,323670
622515,477680
622519,745649
622554,142877
622558,291555
622563,234745
622568,323290
622571,145771
622573,162527
622593,280868
622600,154612
622635,281017
622643,696434
622651,225056
622656,147090
622666,181902
622667,149779
622674,293951
622682,165730
622689,151776
622710,266741
622720,259755
622721,357904
622725,277779
622726,143266
622727,142579
622736,527997
622744,365170
622748,679441
622755,137299
622761,661449
622771,764035
622776,512149
622777,233255
622793,142881
622808,138114
622813,137634
622814,701519
622815,525132
622820,269721
622821,154927
622825,140813
622836,319956
622851,163668
622857,141328
622858,505635
622867,169249
622873,219379
622877,220531
622885,144012
622897,274427
622910,294611
622911,148033
622933,663873
622936,723136
622940,201566
622943,167170
622959,308039
622975,227120
622978,136884
622990,137420
622993,270943
622995,231762
623035,305724
623042,343949
623045,499791
623049,273581
623051,290321
623053,325623
623058,223192
623065,708724
623076,120486
623089,302370
623092,891961
623113,327384
623116,236979
623125,304131
623126,282763
623127,526997
623133,148720
623147,211425
623149,164225
623154,280866
623173,301430
623175,151493
623178,147108
623184,285938
623213,159547
623216,887318
623235,242764
623241,210417
623255,384684
623271,160888
623273,208365
623288,212051
623289,227940
623295,494920
623304,316503
623308,142170
623316,366737
623325,215206
623349,221084
623357,162774
623361,190871
623379,221310
623379,203923
623386,174835
623391,189915
623399,137817
623400,158745
623416,263918
623421,228004
623423,270496
623426,703121
623438,701341
623447,127764
623453,286534
623472,763433
623478,138698
623483,313292
623493,196741
623509,153486
623510,274351
623522,218660
623525,299232
623537,275195
623553,293268
623567,173394
623569,742753
623571,697374
623584,152497
623589,139176
623591,273862
623591,135947
623602,278559
623607,699498
623609,541565
623609,210775
623616,314520
623618,152151
623621,765302
623629,297371
623631,459982
623636,671497
623637,156225
623646,327845
623648,327887
623654,325491
623654,127351
623671,130632
623671,320338
623681,350127
623694,293600
623695,130573
623700,267190
623705,184210
623711,293849
623721,743289
623726,291154
623731,143361
623741,197283
623746,333290
623753,143863
623758,341476
623769,664907
623770,292712
623775,327194
623779,704371
623796,686008
623799,342359
623817,311474
623853,314901
623853,336762
623855,755097
623863,160719
623911,289927
623915,348903
623954,217471
623955,248721
623955,460623
623956,158306
623969,301877
623979,146505
623988,333076
623997,315980
624009,271225
624018,320545
624020,226783
624027,155905
624027,337837
624038,274717
624041,755710
624046,154601
624046,159642
624075,161664
624077,287525
624083,223497
624101,691201
624102,759667
624103,161749
624107,238420
624130,292052
624149,741672
624154,217080
624174,212063
624174,500360
624184,152494
624191,166293
624208,224210
624216,137768
624220,122920
624223,128834
624226,697264
624235,164741
624239,240970
624240,278414
624243,153500
624246,321399
624248,268170
624253,473536
624271,139205
624275,160385
624288,321235
624305,750163
624322,702970
624328,160871
624328,232242
624346,275989
624348,229951
624386,696760
624397,280229
624397,274654
624411,328116
624417,353572
624421,320112
624427,212974
624432,329477
624451,269472
624453,221548
624455,138199
624463,161951
624497,215450
624510,290622
624511,163853
624511,643039
624513,241123
624515,705828
624517,143770
624523,696417
624525,293595
624532,767481
624533,291800
624533,319307
624552,248773
624577,142067
624589,162600
624591,178984
624594,127567
624601,761511
624615,669175
624628,703442
624634,240574
624645,216090
624652,279381
624660,209235
624667,146827
624669,327570
624671,698311
624673,143321
624680,496780
624681,223543
624689,264997
624689,135303
624692,319142
624698,336209
624707,234842
624710,759153
624712,260596
624717,206527
624735,187200
624747,446711
624760,150901
624785,686292
624786,326031
624790,138654
624793,278968
624806,784569
624811,750636
624821,152174
624830,880578
624836,132503
624847,210283
624847,169311
624849,184086
624859,281247
624859,152556
624893,303632
624894,164725
624895,506763
624897,152937
624898,293183
624900,354408
624923,291150
624925,278062
624926,287867
624928,305087
624929,216650
624937,243559
624938,142415
624952,165022
624957,114379
624963,205647
624966,246691
624970,144113
625007,659837
625010,163722
625012,712605
625032,212398
625057,336193
625058,286742
625075,260214
625094,156812
625101,171455
625129,149505
625146,304503
625167,698159
625177,152074
625180,142898
625187,320094
625193,760986
625197,285075
625207,695759
625215,181302
625217,249868
625223,664497
625254,229583
625256,364031
625261,148406
625287,288354
625288,272434
625294,678439
625296,301208
625298,683513
625304,239586
625305,169688
625310,321748
625311,148990
625313,180228
625325,158537
625325,264058
625336,130438
625336,262217
625347,209502
625353,216415
625354,157439
625362,192190
625364,682363
625366,766504
625369,292575
625370,292062
625385,470899
625392,147586
625401,304074
625410,186687
625419,139335
625428,171891
625434,201154
625435,157655
625441,192824
625451,125270
625452,257236
625469,737476
625483,138635
625483,126164
625500,669601
625502,318514
625505,145987
625511,153533
625522,225859
625523,158002
625546,290566
625551,216314
625561,685659
625584,529927
625586,198020
625591,307887
625592,248930
625592,237146
625607,133253
625610,200326
625611,314777
625612,144088
625619,313304
625620,331236
625632,313434
625635,282096
625637,232229
625649,304175
625653,687744
625664,516245
625668,305923
625669,162098
625671,280893
625676,158582
625681,263217
625688,207891
625691,267998
625695,697036
625697,136587
625701,174134
625718,127342
625749,763287
625749,753590
625749,215684
625756,140078
625763,236149
625768,669100
625772,169659
625795,359273
625796,678832
625806,188342
625807,158689
625812,520777
625833,455885
625836,246468
625842,328471
625845,523337
625847,684271
625853,143193
625856,682512
625862,300380
625863,202391
625868,347913
625868,207307
625876,750685
625877,186706
625877,268905
625879,467095
625886,162265
625890,163866
625903,285636
625956,134001
625958,713421
625961,177021
625965,680828
625969,158445
625975,261445
625980,171789
625981,174793
625984,321919
626004,287059
626020,224438
626027,323730
626038,722022
626068,723936
626070,477356
626081,680994
626097,265516
626100,162251
626121,201644
626127,234145
626132,150460
626159,119858
626159,326175
626177,205269
626184,219683
626197,301190
626198,294661
626199,134590
626200,214490
626201,148580
626220,155336
626233,322095
626235,235493
626252,171683
626265,267660
626267,142397
626272,242997
626283,253699
626288,228691
626291,339045
626302,221027
626311,295925
626320,132071
626324,282907
626325,760346
626333,147042
626345,315518
626355,774791
626365,132037
626370,154273
626372,213555
626376,228815
626396,132904
626401,754097
626428,224314
626428,712702
626435,284429
626438,198324
626454,174359
626465,225802
626468,780288
626476,484104
626500,183129
626503,289654
626503,314191
626505,144151
626514,300209
626521,186848
626522,163477
626534,164525
626541,141083
626541,332168
626553,343490
626554,148215
626562,143824
626566,783286
626587,152951
626592,165592
626602,148013
626608,204854
626622,720552
626623,231464
626626,145938
626634,336919
626646,223671
626650,242083
626675,150434
626677,830088
626679,284946
626704,169269
626706,163917
626708,223013
626718,782805
626722,492193
626726,309862
626740,227407
626752,179375
626758,329588
626767,751203
626771,135873
626773,141206
626788,209867
626791,223219
626794,394418
626799,706393
626804,777769
626806,875543
626816,170972
626818,168213
626821,314123
626826,231647
626829,155768
626831,698388
626842,113329
626871,326274
626891,686989
626901,125850
626904,164011
626905,211751
626929,781088
626948,141247
626950,121440
626970,131085
626971,167415
626973,304540
626979,165425
626982,224489
626994,146056
626997,756597
627004,724160
627014,311100
627029,296108
627032,134116
627056,154095
627063,218307
627074,208198
627079,221737
627087,672943
627091,249176
627093,140518
627095,292721
627106,664201
627109,731107
627115,208727
627118,238746
627130,290218
627131,221420
627143,134351
627151,289275
627169,132566
627179,270899
627180,140584
627181,290526
627181,153488
627201,148188
627203,132306
627220,115824
627223,650689
627224,287019
627242,206917
627249,680938
627254,680196
627263,152987
627274,292587
627276,213529
627278,155157
627289,395162
627298,195134
627317,238958
627326,521014
627341,151071
627349,210312
627357,203761
627359,140369
627372,149414
627373,673745
627377,158513
627383,159372
627396,300509
627403,335450
627436,712125
627444,316120
627448,132497
627461,167192
627462,156321
627462,295191
627468,289254
627470,520477
627480,157765
627483,696645
627486,207829
627497,188431
627498,155732
627504,358890
627528,237853
627536,148914
627554,678302
627567,165359
627567,254006
627580,297296
627584,229415
627588,200401
627595,328674
627622,464099
627624,148933
627629,696767
627633,350184
627634,225929
627656,203113
627656,142939
627656,149390
627673,296544
627681,132983
627690,287576
627695,294942
627698,485001
627702,169502
627703,131668
627710,269706
627718,506636
627720,143329
627726,749356
627739,215900
627745,150550
627752,169714
627757,160438
627762,126517
627770,146992
627776,742164
627776,226771
627786,128704
627788,794463
627790,763425
627801,205690
627820,162067
627824,713230
627826,660374
627826,506219
627832,285251
627842,329856
627854,754010
627855,702136
627871,733994
627883,746522
627889,130709
627905,316036
627913,275546
627916,691281
627926,123313
627927,315386
627932,285542
627934,340675
627942,156513
627944,489678
627954,491547
627962,139407
627964,237445
627977,297017
627978,687581
627987,747044
627996,754231
628009,215156
628013,869652
628023,231734
628025,272943
628027,242103
628032,144031
628034,145645
628039,218579
628039,761466
628041,287753
628052,323969
628069,159338
628078,236072
628082,752795
628094,286698
628098,329757
628099,241330
628113,151027
628124,281024
628124,133783
628124,664621
628134,698358
628137,338925
628170,308184
628178,141047
628183,194362
628187,204659
628191,135269
628191,470594
628197,151032
628198,332484
628204,374030
628212,553025
628217,217363
628247,294638
628264,308602
628273,293708
628281,210601
628284,786233
628293,254136
628296,110483
628296,346331
628306,289425
628315,508966
628343,223099
628367,221662
628371,342729
628374,218940
628375,208283
628438,370698
628439,264544
628443,329640
628472,288782
628478,313931
628491,495994
628511,678033
628523,498693
628524,157705
628535,320289
628550,238576
628577,317138
628592,295158
628596,692676
628601,160241
628607,161351
628612,300332
628613,314273
628615,299552
628619,164009
628620,232238
628621,496643
628622,198204
628623,698292
628642,758105
628660,160876
628684,191564
628685,711317
628699,317770
628702,516299
628720,235086
628748,695517
628759,247940
628761,441394
628762,256034
628770,745078
628775,306623
628790,727894
628790,757083
628798,215306
628799,206643
628806,709118
628810,219550
628813,322478
628813,209922
628813,771321
628822,148121
628842,139698
628844,144160
628855,140234
628873,314925
628873,329014
628887,199186
628894,690221
628895,649550
628907,269047
628915,155360
628927,296956
628930,146809
628937,708999
628949,153466
628958,211015
628963,149682
628966,686720
628978,326697
628982,690674
628991,218278
628993,679322
628993,136204
628996,191150
628996,155464
628996,360956
629000,180308
629012,181928
629030,218187
629033,768477
629043,167086
629045,955522
629064,211006
629067,754434
629068,181151
629068,689091
629071,160977
629073,180584
629076,124076
629076,158742
629078,230564
629086,763370
629092,159222
629112,302734
629133,302252
629141,271165
629146,697243
629154,309590
629159,704781
629167,133402
629178,669920
629180,159238
629183,145945
629185,171621
629193,853646
629197,244600
629200,311029
629209,789523
629211,143699
629236,291513
629243,775133
629257,225620
629261,363398
629263,279944
629276,302191
629276,224721
629276,310741
629278,328667
629282,123372
629283,681580
629283,682691
629293,311513
629299,217048
629306,348998
629319,248424
629322,134191
629325,189406
629330,208985
629330,712304
629345,218620
629363,695689
629363,755603
629378,148066
629388,224857
629395,342983
629397,277904
629398,690697
629420,356178
629421,283595
629427,312675
629438,743983
629449,339869
629450,298721
629461,664370
629488,137538
629489,472353
629494,780006
629494,149957
629497,265407
629501,773362
629507,703046
629513,302636
629530,319226
629542,172264
629559,219260
629567,257062
629571,215040
629576,150249
629579,756278
629581,204568
629584,164357
629592,233288
629592,227935
629612,221317
629632,377839
629634,660524
629642,208511
629644,134565
629668,347784
629673,136432
629675,489063
629677,695296
629679,692278
629679,202399
629700,293659
629713,206881
629726,639262
629731,314148
629742,143364
629749,216575
629760,239763
629765,688700
629768,139027
629769,322825
629777,767537
629780,690081
629781,160943
629788,297179
629788,227547
629804,229664
629808,165511
629819,253351
629824,274826
629825,262099
629826,686585
629845,191298
629845,215697
629856,222078
629887,171321
629894,132499
629923,140804
629937,300632
629963,663974
629963,163314
629971,312161
629971,521278
629985,740570
630003,748477
630016,116679
630022,218362
630038,757431
630038,340053
630040,232160
630054,295901
630054,294130
630055,222336
630056,142724
630056,483599
630056,156918
630061,148947
630062,689895
630070,230681
630074,326411
630075,219309
630081,205913
630087,517726
630091,170515
630104,461712
630113,649880
630131,233066
630142,677073
630172,727308
630186,298577
630193,202535
630214,224039
630220,253586
630228,200497
630248,289106
630251,301625
630256,351681
630257,219651
630262,165236
630271,152054
630277,291272
630277,509624
630278,256118
630278,133093
630284,207761
630287,166241
630302,700562
630333,321261
630336,697948
630341,179884
630349,336748
630361,264358
630381,741240
630385,273112
630403,272265
630406,173486
630426,437581
630447,332364
630452,235120
630461,213194
630461,700264
630479,228428
630481,329303
630489,303748
630490,125969
630495,147277
630500,295510
630503,743388
630514,227908
630517,317497
630519,137247
630528,303781
630530,304611
630534,287676
630534,338190
630558,126521
630560,198076
630563,155457
630570,159394
630584,690610
630609,250476
630613,192647
630621,186640
630621,687644
630628,718372
630631,148123
630650,271632
630661,186928
630663,304380
630693,242884
630697,136857
630713,315525
630716,715820
630716,163537
630717,761276
630730,214190
630748,316915
630751,261812
630757,768786
630806,195111
630808,120747
630848,229122
630855,764704
630863,182799
630865,144981
630875,214875
630877,268061
630891,282605
630894,340477
630896,229086
630901,135002
630943,503328
630944,177559
630962,313225
630978,219844
630984,154966
630988,217412
630991,225764
630997,222308
631023,298964
631033,311872
631034,660924
631040,256574
631059,748982
631059,231275
631078,770141
631085,155210
631093,351756
631094,298163
631094,175836
631110,163977
631113,219885
631120,706228
631122,146727
631128,212257
631135,752457
631146,313852
631161,182769
631162,343734
631171,671519
631191,710065
631203,203283
631203,706108
631204,700062
631209,761230
631235,204288
631256,140113
631261,190419
631266,297702
631269,222099
631276,289656
631291,146708
631295,672412
631302,231693
631308,143085
631312,674940
631312,142160
631316,218929
631325,204530
631345,755554
631353,130499
631371,169888
631385,237418
631399,228916
631402,162210
631404,328702
631404,338693
631430,664386
631443,279531
631449,300435
631455,167396
631458,788653
631463,229415
631469,739431
631479,164891
631486,141298
631508,127720
631510,242853
631523,141426
631552,694823
631552,160841
631585,236702
631591,292648
631591,308801
631608,156521
631614,137209
631615,215105
631630,125753
631631,130923
631645,367171
631655,228873
631656,297594
631658,215588
631660,289649
631660,274055
631664,659451
631666,235635
631680,531678
631682,238464
631683,520204
631709,166217
631714,208372
631718,209880
631755,301623
631762,170877
631765,471549
631768,158477
631783,242680
631784,533604
631789,244915
631790,754393
631793,232114
631800,459048
631801,735802
631808,230329
631821,160976
631828,775019
631834,164790
631841,758119
631844,691478
631850,289053
631855,310711
631862,297196
631862,132667
631873,682392
631876,730560
631886,747311
631897,766478
631899,310808
631921,206821
631927,228881
631935,278763
631947,697235
631949,145124
631965,755611
631967,174562
631979,199389
631984,215161
632000,130782
632010,224822
632028,682804
632039,281667
632040,566788
632041,154245
632050,244513
632051,766255
632069,338877
632082,743927
632089,690817
632100,320597
632137,180946
632137,233591
632142,352790
632149,140032
632151,235672
632158,200026
632166,462661
632174,295886
632195,217030
632206,210958
632231,158401
632238,313956
632240,230410
632247,191803
632250,186515
632256,707179
632295,485261
632331,164843
632332,287323
632333,148692
632355,223542
632361,206949
632366,303032
632380,241707
632393,181748
632394,146083
632395,308662
632403,482231
632422,125554
632424,209951
632425,163953
632431,751371
632445,131395
632455,207142
632456,231197
632483,196212
632501,206202
632507,526376
632508,684758
632509,155351
632513,282492
632514,307084
632533,192933
632541,303874
632552,447795
632558,523381
632559,273769
632571,786456
632573,468050
632580,236037
632580,296562
632581,208761
632595,202193
632601,654052
632615,288740
632618,130419
632621,679455
632627,224253
632641,321125
632649,176110
632663,203800
632670,247176
632678,223987
632687,129219
632732,215873
632736,233369
632747,141377
632755,315864
632760,239177
632763,790283
632776,234989
632786,348019
632792,760606
632800,217301
632806,134502
632813,311628
632822,176342
632829,166850
632838,181356
632859,697266
632865,218369
632869,745834
632869,667072
632871,301406
632873,246639
632876,225829
632876,209190
632877,167653
632880,155783
632882,698441
632884,755582
632888,341677
632888,227343
632904,140352
632921,205734
632925,739442
632940,241641
632945,156286
632975,234046
632980,689133
633001,219603
633016,302923
633017,125913
633023,210765
633024,208635
633024,696142
633026,346035
633027,197446
633035,152908
633037,234355
633039,126748
633049,265011
633069,217884
633075,288810
633079,254685
633096,169213
633118,215158
633119,224622
633119,671211
633127,246258
633130,320446
633130,301875
633137,694394
633138,683272
633143,222996
633159,199294
633162,202245
633191,520021
633210,220727
633220,145310
633227,682401
633230,727510
633236,197915
633257,762850
633262,498625
633276,357293
633292,212940
633301,219377
633311,341379
633324,501367
633332,134682
633339,194577
633358,232327
633365,758273
633374,283379
633415,224888
633416,314149
633422,291287
633432,217277
633447,221584
633447,707782
633464,449788
633468,128592
633478,281422
633499,226354
633502,289330
633517,301209
633521,331900
633529,228259
633540,235569
633541,309777
633541,277120
633562,160264
633567,292827
633568,151836
633570,697119
633590,705699
633596,215308
633599,326793
633605,709898
633605,203142
633607,214404
633609,267431
633610,264509
633620,153008
633625,689112
633626,231324
633626,215371
633635,214335
633638,262176
633655,261795
633714,329933
633715,322985
633721,180041
633723,190984
633725,693741
633732,202134
633732,194661
633752,189852
633754,233179
633769,732861
633772,199366
633779,267459
633782,230769
633785,713529
633792,188092
633794,216477
633798,703842
633802,691227
633803,228722
633828,392937
633836,212263
633839,170627
633851,217633
633855,114379
633860,286024
633881,164856
633884,229999
633889,130908
633894,155100
633897,715902
633905,158209
633933,686971
633936,151502
633966,277370
633971,243067
633979,490247
633981,334622
633991,149457
633993,270722
634011,316469
634014,222349
634020,210132
634025,160892
634030,220769
634043,149635
634066,669243
634070,234267
634116,180542
634119,169812
634140,768106
634142,313053
634143,667138
634158,232407
634168,256344
634185,240393
634195,643255
634198,152691
634213,281940
634214,317448
634214,233378
634219,258102
634225,232565
634226,209865
634226,228480
634234,139178
634250,293593
634271,231111
634299,289408
634320,299581
634320,307510
634336,273695
634338,773578
634346,224720
634347,380060
634349,218988
634357,212466
634370,194376
634372,193242
634377,128271
634382,224006
634384,316263
634385,190315
634387,680144
634388,682956
634397,205181
634402,218476
634410,162549
634423,309124
634451,204496
634458,217353
634462,688356
634474,705147
634475,495459
634479,220103
634484,243760
634500,138990
634506,157044
634546,289951
634562,259107
634564,162410
634566,769373
634577,763724
634582,744814
634585,775011
634595,235859
634598,222914
634599,230633
634614,213533
634618,222058
634620,192616
634621,133384
634626,209730
634634,268720
634637,370776
634642,210358
634655,757701
634669,281073
634670,530875
634671,317794
634674,166020
634680,151188
634681,136420
634686,297847
634711,220913
634713,203619
634716,228240
634718,345123
634719,762046
634726,775575
634729,239178
634733,217285
634743,196224
634748,316321
634749,175574
634774,334206
634780,215961
634781,208562
634799,267811
634833,192886
634849,227645
634865,141307
634876,323088
634878,213333
634881,318501
634882,328487
634919,487559
634928,757867
634929,208206
634938,691776
634977,152666
634984,210447
634991,248190
634994,277146
635000,144092
635008,287702
635011,175101
635015,189781
635016,242511
635018,153297
635019,221457
635021,301642
635022,136926
635027,221790
635033,152866
635037,908269
635045,305746
635060,224919
635068,209659
635072,155303
635078,295588
635083,663999
635102,190931
635103,210137
635112,252594
635119,316895
635122,240208
635133,452446
635141,345877
635152,154376
635166,310153
635182,710308
635187,252688
635204,328524
635205,763230
635205,164432
635219,298717
635220,213100
635227,234773
635246,682883
635281,293121
635289,149280
635296,207938
635305,158723
635314,320118
635316,773362
635316,263838
635321,237779
635325,777094
635340,246431
635340,166254
635352,223729
635367,148290
635378,124541
635382,219363
635400,761258
635405,219242
635414,208018
635461,278344
635465,692224
635480,141652
635481,305286
635482,223115
635502,166809
635502,525221
635502,798513
635503,765880
635514,518615
635521,518050
635531,163700
635548,224029
635548,224166
635571,287351
635571,207350
635572,706923
635573,707042
635586,256942
635589,199181
635589,771328
635595,217410
635596,352176
635609,233968
635612,797601
635625,201948
635631,694880
635638,273513
635652,212140
635652,167486
635671,203676
635689,255257
635694,324572
635701,205641
635709,244451
635712,752313
635714,342483
635762,223950
635762,470532
635775,338042
635781,147030
635782,197843
635788,774984
635805,288131
635806,326351
635809,208492
635828,547855
635836,177781
635847,196530
635857,773365
635876,252027
635885,330721
635903,462104
635904,199287
635908,221054
635914,158191
635945,294119
635947,231822
635948,173989
635957,219190
635967,755211
635986,124671
635991,216167
636003,232571
636009,239913
636021,232344
636021,209970
636024,175969
636027,299853
636065,240993
636068,128511
636069,209596
636072,684867
636075,221381
636080,218129
636080,225976
636085,481219
636100,216486
636101,245769
636105,149786
636120,212644
636124,150435
636124,195053
636133,694531
636152,159643
636153,753095
636154,232800
636166,523784
636178,148346
636191,273247
636200,324707
636205,242780
636208,165351
636216,142956
636236,170936
636272,252010
636275,770201
636278,188682
636283,164952
636284,299947
636285,206828
636325,162198
636333,225327
636336,145415
636348,706663
636353,281483
636355,238647
636356,222480
636358,526092
636359,219376
636370,156600
636372,753195
636373,284304
636385,255778
636388,217088
636391,141935
636407,311487
636413,222015
636459,346530
636466,334935
636473,204642
636482,208186
636487,473503
636492,765526
636525,200144
636525,217302
636535,724498
636539,751252
636547,325481
636552,671613
636563,354989
636564,218352
636592,279914
636595,666362
636611,237920
636612,204889
636624,203858
636632,690329
636635,272032
636645,252503
636648,171110
636650,212854
636654,211012
636655,193375
636658,278051
636667,718446
636702,242627
636703,214192
636703,775513
636709,261698
636713,143631
636713,151750
636715,256842
636723,168668
636727,113137
636744,224314
636757,685260
636779,237058
636781,213022
636835,701051
636836,330762
636839,292317
636850,323505
636851,205562
636858,674230
636859,173671
636863,249519
636869,215686
636869,535684
636883,209226
636889,134764
636892,739077
636893,160064
636901,687076
636907,228816
636911,141865
636913,508073
636922,214709
636942,219026
636955,149673
636970,501103
636974,230427
636974,203877
636994,698474
636996,340868
636997,218050
637010,216817
637016,235430
637026,228006
637038,464139
637048,219225
637067,208666
637089,506212
637108,223046
637110,269727
637114,146258
637120,236990
637123,214800
637124,236921
637146,264007
637149,246125
637153,204812
637159,173511
637159,219436
637168,325275
637200,139360
637203,317444
637204,212651
637210,338048
637213,243758
637230,234096
637232,349015
637242,573303
637251,215324
637253,145721
637259,222506
637262,156982
637266,219601
637266,564659
637277,723069
637305,202868
637308,755108
637317,224474
637320,739764
637329,281408
637331,209514
637364,767095
637364,266444
637366,309250
637370,191858
637376,243872
637387,753493
637391,749697
637404,755815
637412,674179
637416,212113
637431,229595
637443,158365
637444,222494
637453,500984
637459,751502
637461,454073
637468,158093
637468,232190
637475,457673
637478,232431
637478,286324
637480,274584
637480,212561
637491,217837
637495,222254
637500,224019
637506,753578
637511,223120
637519,221462
637530,243927
637535,230611
637551,297131
637574,197041
637577,202565
637581,343467
637583,217420
637589,297723
637600,259421
637605,233997
637612,213711
637616,160352
637620,296759
637622,147822
637637,308343
637638,141630
637641,198848
637651,675188
637660,201029
637679,225683
637679,484096
637686,678069
637696,522580
637699,771339
637714,205811
637717,696437
637732,211586
637749,203939
637757,210550
637772,692234
637807,164227
637818,306018
637830,788233
637831,154176
637846,174113
637855,335162
637877,167296
637928,137036
637934,681959
637946,211321
637977,216439
637979,213896
637980,329843
637985,225404
637988,192344
638003,750975
638003,152692
638006,577856
638006,220137
638007,222672
638015,231421
638023,218193
638032,134367
638038,204882
638040,749863
638048,133865
638050,753532
638073,254206
638098,352362
638113,764309
638125,195957
638131,155426
638166,336493
638186,581749
638194,775233
638206,212511
638208,212973
638217,190699
638219,241707
638223,574622
638232,237244
638234,213498
638236,304340
638240,137056
638244,219637
638251,681185
638252,210013
638258,206292
638267,219812
638267,235146
638268,222517
638282,512289
638293,229194
638304,219213
638311,217934
638311,753820
638312,210973
638326,231437
638356,693539
638362,216043
638364,774231
638373,222520
638378,579901
638380,261633
638396,286401
638409,269931
638438,685405
638444,774046
638452,191959
638463,701197
638465,462976
638466,319324
638467,223096
638483,236331
638488,746194
638488,727536
638495,230572
638522,171976
638528,205579
638540,200105
638555,146786
638566,780616
638569,142515
638587,244119
638588,726426
638595,297088
638604,146396
638609,170947
638609,157258
638612,712356
638620,357524
638631,165628
638643,757034
638649,153353
638655,204024
638665,474614
638688,149756
638703,760854
638724,768325
638725,296317
638727,702333
638735,143868
638763,229303
638763,574454
638764,577319
638788,287469
638796,216809
638796,239253
638815,140220
638828,195391
638830,671167
638845,213651
638869,688617
638947,726218
638951,270689
638954,524663
638957,239095
638968,664234
638973,323720
639005,231860
639006,226785
639009,212342
639010,166418
639027,227572
639041,225416
639045,295522
639047,144296
639050,207016
639066,778621
639085,198782
639087,138413
639089,192829
639097,199318
639108,196118
639108,224855
639115,246516
639116,224730
639142,212134
639143,308341
639150,203165
639171,224754
639182,759539
639203,275089
639206,222232
639232,327900
639240,143771
639248,759875
639251,214845
639271,221548
639277,146294
639281,209069
639288,217445
639305,127683
639307,580691
639307,217103
639308,231581
639309,293066
639335,274688
639353,149718
639361,314342
639361,228592
639385,289055
639389,580963
639391,264507
639425,249135
639439,708053
639445,151952
639450,712056
639464,249689
639465,135060
639473,541470
639488,208053
639490,164863
639507,574011
639508,202803
639510,143002
639514,145061
639517,760792
639535,575094
639543,769821
639558,371048
639568,247386
639574,233326
639605,492941
639610,209660
639617,225637
639621,776450
639643,160106
639645,251828
639663,256459
639664,759718
639675,702108
639679,202027
639688,350199
639689,690150
639689,467146
639694,203764
639700,309903
639701,157028
639719,225935
639721,227733
639725,199388
639729,779365
639763,224488
639765,572749
639774,205102
639780,744071
639799,245804
639805,582326
639811,701026
639812,449319
639813,216218
639816,230414
639823,245359
639829,235526
639830,162593
639851,263046
639852,216815
639853,238175
639863,156158
639879,238994
639881,213341
639891,228532
639909,191660
639912,724588
639913,213356
639913,321847
639917,712096
639944,220725
639956,199147
639958,484512
639969,150893
639985,329188
639986,750355
639986,216214
639990,231923
639995,212489
639998,723084
640042,268823
640044,241468
640057,517771
640065,220795
640069,698895
640070,277353
640073,230807
640083,259819
640099,221373
640105,265094
640118,233759
640144,246490
640145,482935
640149,226199
640162,150665
640199,473841
640218,194796
640242,154037
640260,217007
640272,761955
640280,276391
640284,284174
640307,233194
640312,235629
640322,215366
640331,282362
640361,216539
640363,135945
640367,488002
640373,730797
640375,444972
640384,238276
640393,786597
640398,474715
640401,154623
640409,300830
640413,233609
640415,218514
640441,202889
640451,218410
640460,207170
640461,684731
640504,259666
640531,710162
640543,694527
640547,332873
640558,241313
640575,220175
640579,220402
640581,320504
640593,285972
640615,221678
640620,489451
640627,142411
640628,201620
640629,214274
640636,197716
640636,217816
640637,156861
640639,700055
640641,132310
640659,579586
640665,203937
640687,204238
640707,223315
640708,151088
640714,229091
640717,452823
640720,668284
640729,202062
640731,779038
640739,225494
640758,692687
640765,216374
640783,575572
640796,778463
640798,186802
640805,297117
640816,220819
640824,207054
640828,698826
640828,261412
640829,337332
640842,161579
640855,235290
640872,211662
640876,575642
640882,261483
640883,351837
640890,237415
640895,292779
640897,242217
640898,212667
640902,225394
640904,147361
640925,231660
640930,276593
640933,147648
640933,199756
640960,768261
640965,239694
640975,203159
640985,469505
640989,220874
641019,541490
641024,140849
641024,207239
641050,168857
641051,216508
641051,290215
641054,211133
641056,214228
641057,241851
641083,573079
641084,137631
641094,221918
641094,147160
641098,198377
641108,575583
641116,222801
641121,220654
641121,704821
641142,208185
641151,215587
641154,234010
641164,244222
641166,197979
641167,247537
641173,228109
641182,755696
641193,230799
641194,260644
641201,755006
641207,200089
641208,181448
641220,490178
641220,785315
641229,276309
641244,472417
641265,270925
641273,576092
641278,300203
641283,220882
641348,755138
641355,740099
641357,448702
641357,579979
641368,660786
641371,246653
641374,205366
641380,576652
641389,282286
641399,775884
641400,322644
641406,217309
641411,151944
641413,202728
641420,781843
641433,486704
641440,677067
641443,194821
641445,309147
641472,227566
641481,148790
641500,297758
641538,135870
641542,480949
641567,239415
641579,760324
641581,170486
641587,324195
641593,447959
641596,423121
641604,211502
641611,684827
641612,576536
641615,690087
641624,241159
641626,708325
641648,206364
641655,512924
641680,190655
641693,669567
641704,749688
641728,678464
641731,140487
641741,309898
641745,497676
641756,248217
641758,206439
641760,265796
641768,476504
641772,221668
641788,206200
641802,189454
641804,213461
641810,578397
641814,580820
641846,214583
641849,272463
641854,499696
641856,183927
641857,794621
641864,202011
641871,673214
641883,134750
641889,172319
641906,689006
641908,207503
641922,246494
641930,235755
641932,740270
641951,210710
641958,579038
641963,222955
641981,222473
641987,207840
641991,220164
641996,568579
642012,247120
642016,693221
642017,287683
642021,181115
642054,227924
642059,753936
642108,666093
642110,576460
642111,172524
642116,212954
642120,578298
642121,705764
642138,572320
642147,488948
642157,218252
642164,173880
642167,194958
642168,142030
642170,286542
642171,231849
642176,312736
642186,297787
642190,205823
642190,577606
642192,201700
642205,334921
642215,572549
642222,303807
642232,467320
642242,288565
642253,213058
642269,259721
642270,217341
642273,580156
642281,578014
642282,577104
642290,270847
642292,288194
642293,572759
642300,580577
642303,301383
642306,234722
642308,346377
642312,299269
642318,575156
642325,743803
642355,280773
642387,284794
642390,219152
642393,575009
642406,207233
642413,255094
642417,220001
642419,211826
642431,204565
642433,756197
642436,301271
642439,224055
642440,202570
642445,576012
642447,229948
642463,577141
642470,205018
642471,431927
642482,215093
642483,209474
642491,331358
642493,284469
642502,195591
642513,572238
642521,342655
642522,329196
642528,293988
642566,243928
642600,129239
642600,186971
642602,746609
642603,220840
642605,197638
642625,212475
642637,576644
642640,579394
642643,577684
642645,162866
642645,704632
642647,568186
642650,569909
642659,233065
642673,740406
642674,579206
642677,575744
642677,134695
642685,240098
642692,578414
642692,227300
642700,285888
642720,226477
642720,203670
642728,571433
642734,152516
642746,334706
642754,746043
642756,161419
642760,236303
642784,262555
642795,154056
642796,253353
642796,518077
642799,211345
642814,217771
642815,713517
642826,576242
642845,190454
642852,572332
642865,198081
642868,227625
642876,161398
642901,566858
642905,788398
642909,574503
642915,215245
642936,223354
642944,578875
642946,572506
642958,234794
642975,201535
642983,235531
642984,225222
642987,223411
642988,260666
642990,212814
643006,204527
643031,233762
643059,577745
643064,570691
643067,148179
643078,282983
643099,199197
643115,283814
643117,164499
643129,201548
643131,257983
643139,294603
643140,576029
643143,758625
643148,218595
643174,236325
643177,684863
643177,572461
643179,255760
643184,227311
643187,567652
643190,160269
643193,197159
643193,788215
643202,226728
643205,203992
643212,290592
643216,196112
643229,300625
643232,201306
643235,578250
643237,232066
643249,507284
643250,208916
643260,576232
643272,180664
643276,225046
643276,462314
643301,544910
643308,245876
643311,761887
643322,267769
643327,224300
643331,216919
643332,261903
643345,155527
643348,230509
643355,258261
643363,218998
643396,575520
643407,576118
643410,761899
643417,222837
643427,216221
643427,579040
643429,258399
643429,746111
643437,498312
643442,168400
643445,671340
643452,229416
643454,255046
643454,582704
643464,570057
643469,235856
643479,574341
643479,580925
643482,747339
643487,323935
643507,208321
643512,776022
643514,583695
643519,227603
643523,742790
643529,214080
643529,445002
643530,695092
643540,139809
643542,212128
643545,685254
643547,194522
643554,239186
643555,225223
643581,164334
643584,678272
643593,576497
643611,265768
643611,243930
643618,233593
643642,206814
643644,578724
643645,208880
643648,579115
643648,228411
643653,248467
643663,210598
643671,216874
643674,577190
643678,684677
643680,573046
643681,211340
643691,518227
643708,575833
643719,213662
643719,577750
643723,571563
643728,574990
643733,224591
643744,219484
643771,251144
643776,573559
643787,264795
643790,208289
643790,157131
643801,574359
643804,571994
643811,229759
643811,749104
643813,574988
643815,237276
643819,196724
643844,576082
643848,203977
643853,231139
643861,578507
643863,573836
643868,314151
643873,580793
643876,282017
643877,499428
643881,307886
643889,139577
643894,221308
643895,572692
643897,215299
643901,723744
643910,781533
643927,186648
643932,208878
643932,683216
643970,576623
643973,247143
643983,745856
643991,178232
644020,195907
644023,221341
644023,236557
644024,235963
644035,200554
644040,574838
644043,205419
644054,229267
644063,223466
644065,587329
644067,571945
644070,579889
644077,481834
644113,193572
644114,199095
644125,258352
644140,741374
644144,213431
644148,570314
644150,765416
644151,215555
644151,573930
644152,287954
644155,581586
644163,207463
644164,569995
644176,575834
644179,217815
644185,201399
644192,567090
644211,189605
644212,581132
644216,581718
644220,226643
644230,578045
644236,207017
644252,217020
644254,221618
644259,580682
644260,572045
644271,232275
644273,573531
644293,302986
644306,205391
644308,228033
644318,234533
644321,226905
644340,577744
644343,225951
644346,575446
644348,502712
644348,238695
644359,576512
644363,363738
644368,574337
644370,575865
644372,318461
644373,577712
644379,479681
644389,572634
644397,351221
644402,296818
644406,577645
644408,202023
644413,578422
644424,571340
644425,197975
644428,777126
644433,478803
644452,569268
644453,229380
644455,167510
644457,141722
644468,575133
644481,184985
644486,218341
644495,200323
644497,237470
644505,773014
644514,574979
644514,171138
644515,218387
644516,574209
644523,159868
644539,245647
644544,567368
644557,580243
644566,209127
644568,183018
644582,210030
644583,304318
644585,578775
644631,577095
644638,578540
644640,573906
644640,577821
644657,210203
644664,516191
644674,202853
644676,573128
644679,781939
644683,234361
644685,579785
644687,571518
644701,701436
644703,575237
644705,578120
644713,775027
644714,577085
644729,230861
644736,340573
644740,136545
644740,195263
644750,210226
644759,197403
644760,233338
644762,574112
644765,585234
644766,489549
644771,760055
644775,572927
644777,583152
644799,127111
644800,216619
644806,230903
644811,254607
644812,579541
644823,586378
644828,222224
644835,168995
644848,742400
644856,580257
644860,244613
644862,582633
644867,227405
644872,229092
644878,204072
644895,146546
644897,575316
644910,570388
644914,583630
644915,577042
644920,576774
644952,232240
644960,574628
644966,579597
644990,210818
644991,223723
645014,213293
645015,252038
645020,764868
645021,579967
645027,316130
645032,580750
645044,171258
645062,579896
645064,190994
645074,575510
645090,325618
645098,211794
645104,579869
645106,572139
645111,197541
645113,579355
645118,297708
645124,183468
645125,312214
645126,247655
645132,235821
645135,484812
645135,180237
645138,206832
645146,226602
645151,213069
645156,578108
645158,231542
645159,225811
645170,231951
645182,237788
645191,573189
645196,211059
645201,288656
645204,574123
645206,217867
645219,580992
645226,573362
645235,576007
645239,748338
645242,580165
645242,306907
645243,687724
645245,572386
645246,212924
645247,579135
645261,693089
645265,230858
645266,216571
645271,504466
645290,221840
645296,163756
645301,339354
645304,575012
645304,694549
645305,186291
645305,224921
645325,224214
645328,243892
645331,573750
645336,785624
645345,569224
645345,312876
645346,567393
645350,583649
645350,312901
645365,587686
645367,226306
645370,572401
645374,580167
645390,145625
645395,203334
645399,679783
645400,575944
645406,578408
645408,234236
645410,579017
645431,207117
645435,574668
645440,574836
645451,576116
645464,689502
645469,206089
645470,573344
645472,207575
645472,579550
645501,214377
645503,574066
645503,574288
645509,582479
645511,321856
645511,210989
645525,349080
645526,706980
645531,292362
645544,565330
645549,574939
645554,283259
645557,225638
645570,245644
645577,229807
645583,575369
645583,577366
645589,244517
645601,576276
645602,575941
645602,573274
645609,225530
645611,226652
645613,192202
645615,573879
645622,716104
645628,582625
645634,212875
645653,197450
645665,690420
645677,235737
645679,348665
645693,774850
645697,700816
645719,215895
645727,120498
645736,576346
645740,577109
645743,196550
645744,574026
645745,214890
645748,232150
645749,254853
645756,237474
645758,571392
645758,235094
645759,576824
645767,753808
645772,169733
645778,574259
645788,218354
645790,772943
645792,677790
645800,213591
645801,579902
645817,582342
645817,165104
645828,580872
645828,745431
645835,582950
645837,577695
645846,224600
645850,567914
645853,481029
645862,572378
645863,468793
645863,678361
645864,570762
645870,774308
645873,574531
645878,577912
645879,571476
645886,199950
645887,576388
645891,212557
645893,236187
645897,579392
645899,230980
645912,156392
645918,218321
645920,488269
645929,205670
645930,150998
645935,663934
645937,342747
645955,484736
645958,576255
645964,256859
645969,566603
645993,228847
645998,221310
646002,578184
646002,571827
646006,238695
646014,578631
646016,197504
646017,581395
646018,701762
646018,573059
646026,583035
646028,211208
646038,577201
646040,577595
646046,575359
646049,576788
646056,237221
646058,671037
646070,137865
646071,577040
646079,576502
646081,581530
646088,577486
646094,580956
646100,228212
646107,575647
646113,687185
646126,237286
646130,574055
646147,238527
646148,223351
646149,582801
646154,207258
646157,575432
646164,575872
646169,199969
646187,575660
646220,210909
646225,569388
646226,579204
646228,499464
646233,565495
646262,581656
646264,760640
646265,572603
646272,576999
646279,580905
646295,133120
646296,584772
646302,572106
646311,332646
646317,572892
646319,582939
646330,573567
646333,145260
646335,239345
646339,212496
646341,590489
646345,577620
646348,213559
646354,522416
646354,576090
646360,583225
646365,229664
646375,571207
646376,564168
646409,574837
646416,575584
646438,576291
646439,574701
646440,258341
646448,576623
646451,168682
646458,579960
646459,243777
646472,239534
646473,229973
646474,568271
646478,218282
646485,581853
646486,573337
646489,214763
646490,583481
646492,580979
646498,167857
646502,578256
646516,462702
646521,241813
646527,575718
646529,184207
646538,578686
646540,202453
646547,568110
646557,574091
646563,229603
646564,339082
646573,778829
646585,571938
646595,573248
646596,233727
646597,570736
646602,569714
646603,570762
646610,207142
646618,581644
646629,577391
646641,759261
646643,532932
646645,572468
646646,578557
646652,309725
646657,223140
646660,271061
646667,665230
646668,585386
646694,570467
646694,583593
646709,237964
646716,568416
646722,256302
646735,577789
646735,208780
646737,194496
646740,578934
646741,216180
646743,225402
646747,574495
646751,576422
646752,568380
646753,247959
646754,574696
646756,572775
646762,575900
646765,201622
646780,209362
646780,585181
646784,571853
646790,578020
646791,220292
646796,570921
646797,218579
646799,572341
646804,206894
646808,577895
646810,576072
646810,204395
646819,219973
646819,576899
646830,202138
646833,577484
646840,574173
646850,716617
646858,578101
646875,585026
646878,578924
646880,699009
646881,208784
646893,578948
646893,489781
646897,565435
646901,577401
646901,205742
646904,567330
646906,580630
646906,500016
646908,229739
646917,281874
646928,568391
646932,729031
646936,577359
646938,576852
646939,574478
646942,205654
646949,576219
646956,735997
646958,577998
646962,180474
646967,212001
646973,339827
646976,572120
646997,495676
646998,250969
647001,480935
647004,208296
647018,568443
647020,483753
647022,582805
647039,576149
647042,305810
647045,573474
647050,582024
647051,580249
647052,577871
647053,217494
647058,573562
647062,535293
647068,583398
647071,516604
647072,581611
647080,216188
647081,212161
647082,578797
647083,578403
647085,225374
647092,228508
647094,569580
647094,579796
647103,229675
647106,742154
647112,584379
647121,577061
647122,584880
647126,584803
647127,153567
647128,577479
647128,216616
647134,577869
647135,228062
647135,569510
647143,203223
647143,657731
647145,208985
647150,209249
647152,214258
647154,570694
647158,215701
647160,767595
647163,566814
647167,578571
647178,240735
647179,577936
647185,202138
647188,222862
647189,581682
647191,583084
647193,575595
647193,581991
647199,577558
647200,173679
647204,580791
647207,222938
647232,583247
647244,575218
647249,312897
647251,579976
647255,197081
647270,581122
647273,578621
647276,298822
647276,224654
647280,569614
647281,583990
647287,574625
647290,581912
647297,570300
647299,577699
647300,575248
647305,577162
647313,584421
647318,569528
647319,208780
647325,217541
647327,585565
647332,576420
647335,578857
647338,127857
647339,762058
647346,573796
647349,578602
647352,345157
647354,578552
647359,582629
647359,690864
647366,575975
647367,578727
647371,578042
647376,316811
647379,581123
647383,323844
647386,573207
647404,578046
647404,579502
647412,579225
647448,575148
647469,297158
647479,577087
647481,576952
647484,217079
647487,708211
647491,572762
647504,576495
647507,576407
647507,579622
647508,577333
647512,572551
647519,747472
647521,582698
647522,232773
647530,578092
647536,581565
647540,577514
647544,240351
647545,222674
647546,230280
647551,782883
647553,223535
647562,208807
647569,577594
647575,575976
647585,227326
647587,755365
647591,224758
647597,214631
647599,570013
647599,580100
647612,269002
647613,570922
647615,575898
647624,566081
647626,744881
647630,575756
647637,115197
647651,764396
647657,578173
647659,216572
647661,231980
647667,579947
647667,573595
647667,574377
647669,576332
647672,576467
647673,300536
647674,573782
647678,574089
647685,311563
647687,576622
647688,571954
647690,576969
647692,568069
647696,573986
647697,219198
647703,199193
647704,576013
647714,224787
647719,582428
647722,584372
647728,738635
647728,221882
647735,233844
647740,577534
647742,692796
647745,247051
647761,578643
647771,575066
647779,281778
647782,574691
647794,685202
647797,218179
647800,575331
647814,579908
647818,212645
647833,568101
647835,235126
647835,213489
647835,247283
647843,261580
647845,576586
647845,580062
647849,576144
647852,223670
647852,570014
647856,221265
647879,574620
647884,575653
647886,576763
647887,573236
647901,576606
647905,531305
647906,580163
647914,190321
647915,582037
647932,580588
647941,573066
647941,576511
647959,578891
647968,217864
647969,578254
647972,240934
647976,224020
647978,579961
647982,185654
647984,577431
647990,205305
648000,230632
648001,213318
648007,745761
648009,286338
648012,577199
648013,181331
648017,336762
648035,570514
648046,571413
648046,213488
648070,198471
648071,568122
648072,583280
648073,217808
648079,571564
648089,216270
648095,576163
648095,159742
648098,574744
648100,131233
648106,698566
648108,578739
648116,221839
648116,572400
648117,489788
648125,582858
648137,572930
648142,582941
648149,575443
648150,200470
648157,656842
648162,579062
648166,197246
648168,578322
648171,582090
648175,587666
648177,207386
648180,577232
648182,217294
648182,742175
648190,573058
648194,570243
648197,186153
648198,578153
648212,567326
648215,233644
648218,226033
648218,578045
648218,578654
648221,571687
648222,576115
648224,587712
648224,578659
648226,575321
648229,576332
648229,573535
648238,249179
648247,572645
648249,571434
648254,578594
648255,577482
648265,579382
648267,225652
648267,571657
648268,575158
648280,226280
648285,576858
648286,575100
648286,580617
648290,576931
648291,570801
648294,573719
648296,584948
648298,209610
648299,575732
648303,740740
648304,584878
648314,576183
648320,235057
648320,570506
648322,454277
648322,576095
648333,580688
648335,227812
648337,574790
648344,200537
648346,227960
648352,574279
648352,213860
648352,575999
648357,574271
648359,575568
648361,581954
648364,191901
648368,585200
648368,575218
648369,223755
648371,704065
648372,679056
648374,583703
648376,161108
648377,571872
648379,577059
648381,578780
648388,582053
648389,200480
648391,575793
648392,581053
648395,218534
648398,576033
648403,571813
648409,574197
648409,575938
648427,576812
648430,578544
648438,575058
648439,580375
648442,183327
648449,580338
648453,578105
648454,576777
648470,579207
648474,572144
648474,249293
648480,210481
648484,580848
648487,292938
648502,581532
648514,196206
648520,232768
648521,582035
648528,578363
648529,583675
648531,209578
648536,577851
648546,574020
648551,201583
648557,583184
648559,573377
648564,340258
648568,578912
648574,754092
648576,582663
648585,581716
648591,204638
648593,158276
648597,195397
648612,237093
648618,219862
648621,159146
648632,242100
648634,212225
648640,579246
648641,580455
648646,565819
648651,569687
648655,579692
648658,301193
648662,579164
648667,571295
648672,571693
648673,577225
648673,231241
648675,579702
648676,200571
648679,572464
648687,579038
648692,206818
648693,577575
648693,572591
648696,578254
648697,570342
648697,567764
648713,584403
648714,576666
648715,578456
648726,580995
648727,239652
648729,575294
648731,235173
648738,575507
648746,575023
648752,498104
648755,578088
648756,573901
648760,585452
648770,579168
648773,214872
648775,216385
648778,579522
648783,577593
648784,569991
648789,571469
648793,578495
648795,231644
648797,580639
648803,577109
648812,585162
648818,199630
648826,582302
648828,209956
648832,670054
648839,222043
648843,582473
648850,583201
648852,772654
648854,575419
648858,248998
648862,301179
648867,577152
648868,572809
648884,576603
648889,515247
648893,568359
648893,263395
648895,297023
648906,107863
648908,577187
648909,573267
648911,574829
648913,440632
648916,573927
648918,574762
648933,234664
648935,121725
648939,578319
648946,666261
648950,227829
648968,733053
648969,591029
648969,578541
648972,213922
648974,575670
648977,576738
648977,574366
648984,576014
648985,580405
648989,573298
648989,577801
648990,571372
648991,572878
648991,579073
648993,736431
648994,576568
648995,578432
649002,575843
649004,217761
649007,570381
649016,208372
649017,578310
649018,583347
649023,243659
649023,575655
649026,746047
649038,573486
649045,584409
649049,224257
649054,577489
649055,217154
649055,706477
649063,573382
649065,574069
649067,579265
649068,223534
649068,750388
649069,578948
649074,594945
649075,576172
649081,227926
649085,571911
649096,573905
649099,576752
649113,577355
649122,581413
649126,234135
649128,216305
649129,312414
649144,571360
649146,203366
649148,573314
649153,576678
649156,576149
649158,229664
649164,583706
649190,581748
649190,577020
649194,278866
649196,585423
649199,575953
649203,570681
649204,586269
649209,208484
649210,570080
649214,578622
649222,583060
649222,581157
649224,573718
649227,223633
649228,573087
649235,571553
649236,572851
649241,569210
649243,571357
649245,578781
649249,568929
649250,580659
649263,574097
649263,235705
649271,570505
649272,767433
649275,246589
649276,288956
649277,202173
649284,221272
649297,220085
649302,177289
649303,582344
649309,221795
649317,581676
649318,585548
649321,571623
649329,576191
649329,225669
649332,569527
649334,575938
649340,692999
649345,681813
649355,289338
649355,574931
649363,579845
649366,572318
649368,569676
649369,566823
649370,223610
649371,255307
649375,215845
649376,572077
649379,573627
649380,574715
649382,573191
649384,218713
649385,578264
649391,217459
649397,577956
649398,579397
649399,219855
649411,575872
649411,571150
649412,214945
649415,187053
649418,572302
649425,576807
649425,568839
649431,473963
649436,763425
649439,579872
649442,569153
649448,571501
649453,585102
649453,576206
649454,573986
649454,665697
649456,568043
649457,578269
649457,578376
649459,569396
649462,575473
649462,577021
649476,566991
649478,581101
649481,578010
649482,218861
649484,231555
649486,574769
649490,213659
649492,577595
649494,573382
649503,575878
649505,205936
649508,578719
649523,210161
649530,576683
649533,577490
649548,569620
649552,236412
649564,582175
649565,298477
649576,583090
649576,583498
649578,229639
649579,222004
649585,574906
649586,581056
649588,199137
649602,573927
649605,576982
649605,576767
649607,581492
649609,302900
649612,570354
649614,573612
649618,583238
649619,575298
649623,575752
649624,578004
649630,199578
649631,579687
649635,581016
649638,569287
649641,579637
649647,212343
649661,227864
649664,576384
649664,200871
649671,228184
649672,242553
649674,193698
649679,580124
649681,197726
649683,578294
649684,574011
649686,574405
649691,578990
649691,571405
649693,208860
649695,578788
649703,575990
649704,577143
649711,580299
649716,575640
649717,575706
649723,579230
649735,578095
649742,570689
649743,576904
649752,750060
649754,517708
649758,575139
649763,200336
649764,578317
649765,275948
649768,577993
649770,579916
649770,578728
649777,581745
649795,576965
649798,584383
649808,574929
649810,248011
649815,572980
649819,572381
649821,217793
649826,159230
649839,576639
649842,573801
649845,222958
649846,331653
649847,573506
649853,581078
649859,299658
649860,573346
649867,578116
649868,574258
649870,194282
649878,574307
649879,581100
649883,573337
649883,580678
649888,577299
649892,246218
649893,578012
649894,566515
649896,582566
649898,570686
649902,577133
649906,214430
649917,573147
649925,580271
649928,213420
649935,581469
649948,575756
649949,576521
649949,588906
649950,574727
649951,576772
649955,576716
649968,577637
649976,580900
649977,658703
649977,582888
649979,470915
649986,579511
649986,575758
649988,574839
649992,576994
649994,574919
649994,142851
649995,304723
650002,576171
650007,226562
650011,580317
650012,573822
650014,584004
650019,760069
650023,202981
650031,574802
650034,580833
650036,569046
650037,578947
650039,584224
650043,574869
650048,573723
650049,241905
650051,574255
650052,577105
650052,576552
650054,570519
650058,583789
650058,218119
650062,457870
650063,577351
650065,582248
650066,574782
650076,685242
650077,573881
650077,575985
650077,248772
650078,580718
650079,223131
650088,572624
650089,576262
650092,198436
650093,570294
650102,666500
650103,276863
650105,572733
650107,573724
650119,569856
650119,323243
650119,669839
650125,574855
650130,205956
650131,580662
650133,519595
650140,570781
650141,579940
650151,576457
650154,779507
650161,252443
650163,472836
650169,572694
650175,574413
650179,582381
650187,578445
650188,705798
650189,583772
650190,320615
650201,203621
650206,236499
650206,578341
650213,573488
650215,578815
650215,580282
650222,578578
650223,576689
650223,582105
650226,578244
650227,569789
650230,580039
650236,579611
650240,295200
650248,578953
650255,577857
650258,576969
650259,747839
650260,576903
650265,576105
650270,574760
650271,573629
650272,579838
650283,223585
650285,576035
650290,580575
650294,741386
650295,205694
650295,477220
650296,580106
650301,234792
650301,576265
650303,575693
650308,219272
650309,569493
650311,579562
650314,219854
650323,582935
650330,468895
650332,571616
650346,572321
650347,579691
650349,233481
650355,228762
650356,579171
650375,583150
650377,582985
650387,575467
650388,228579
650390,510651
650396,576290
650399,571682
650403,579163
650411,207542
650413,575959
650414,222207
650414,577823
650415,580414
650417,573133
650423,213400
650425,568141
650426,184704
650429,703642
650439,579777
650439,229209
650441,577993
650443,581287
650446,570242
650447,484809
650453,215608
650454,573290
650459,574082
650460,581021
650470,573405
650482,582602
650484,574411
650484,580413
650491,577876
650492,666005
650495,572497
650515,573520
650516,223842
650516,577808
650521,305678
650529,258726
650538,572923
650545,577707
650545,216052
650552,579394
650552,570944
650554,578899
650554,573675
650558,214036
650559,575800
650562,575982
650563,564896
650564,583445
650568,579395
650568,570207
650569,576662
650570,235112
650571,699317
650571,245806
650572,577944
650577,155246
650579,235172
650583,575595
650593,579858
650596,228407
650604,583474
650615,573457
650619,572797
650622,578666
650625,578855
650634,578345
650634,227261
650637,269489
650638,183346
650641,572605
650648,581148
650648,579335
650650,578605
650652,575277
650654,579365
650655,582057
650667,269200
650670,245303
650670,221491
650680,570858
650685,216052
650687,572975
650687,572597
650687,231777
650689,576192
650692,577069
650697,573589
650702,577560
650709,215610
650721,579407
650722,271266
650732,716258
650733,577818
650736,578468
650737,773451
650741,575428
650745,583180
650745,227304
650750,705484
650753,702861
650755,235577
650757,266246
650767,201515
650768,574783
650786,567742
650786,576309
650787,214820
650809,733834
650818,204215
650822,182869
650824,218463
650827,572818
650835,579247
650841,578771
650844,583847
650845,581208
650847,331121
650847,574254
650848,203316
650848,575371
650850,570988
650859,573081
650860,222805
650861,574596
650862,584470
650862,577804
650862,577486
650876,577781
650880,574547
650887,282604
650892,589274
650899,223430
650903,579010
650906,583998
650909,579886
650911,573741
650914,580383
650915,580572
650917,582950
650922,241233
650927,585980
650931,584054
650932,751021
650935,582357
650937,215077
650942,573869
650947,473904
650950,255227
650950,577027
650951,576641
650959,578640
650963,569212
650971,576354
650974,214516
650978,579426
650981,233359
650984,582014
650985,218719
650990,584124
650993,576430
650996,581746
650996,757391
651000,569455
651006,765393
651012,588847
651014,570150
651021,644141
651031,582002
651034,577954
651040,578790
651044,231923
651045,581173
651047,227850
651055,567141
651067,579752
651075,779888
651076,580950
651085,578634
651086,207458
651087,574833
651088,572913
651091,226340
651092,581469
651093,230697
651095,253079
651096,575293
651100,311275
651106,574628
651107,222509
651115,205706
651117,235570
651118,577260
651118,574449
651124,575550
651135,574299
651136,573670
651141,229264
651144,580278
651144,574045
651144,577591
651144,169784
651150,577458
651151,461605
651152,571529
651158,211155
651159,574109
651160,574245
651162,580247
651167,578185
651169,217701
651170,254988
651171,576937
651174,585463
651179,581428
651181,573630
651190,581408
651192,234012
651198,576075
651199,582352
651210,575608
651213,576556
651215,574673
651218,581303
651235,343195
651242,574606
651244,580278
651244,575224
651246,577500
651255,252038
651263,572087
651264,578832
651266,215994
651268,578817
651271,228912
651271,577180
651274,580995
651276,571785
651277,584357
651279,582970
651282,210215
651283,575488
651286,577804
651292,570719
651294,283506
651295,294158
651301,576839
651302,234071
651311,205936
651311,578180
651311,576361
651313,222286
651319,576834
651321,575755
651321,577715
651322,582621
651325,223981
651331,578415
651338,578022
651342,580214
651344,201622
651346,583069
651346,240919
651352,678816
651352,579149
651359,576186
651376,576808
651383,519060
651389,566285
651392,579756
651393,721003
651398,573841
651398,212813
651403,578718
651404,576634
651405,315016
651405,578784
651408,572286
651409,580681
651411,580021
651412,574403
651413,574479
651418,197095
651423,582457
651424,569701
651428,213329
651430,570876
651436,647971
651438,575390
651439,204161
651440,143554
651443,575800
651444,153719
651445,579749
651445,574084
651447,584605
651448,575662
651451,575628
651452,580883
651454,576310
651454,577975
651467,207332
651469,576981
651471,577172
651473,204286
651474,576515
651478,246986
651482,575037
651484,577105
651486,582010
651490,570741
651493,573573
651494,213761
651499,215805
651502,572230
651503,577130
651506,575347
651511,580892
651517,579060
651526,234949
651527,577095
651532,573186
651536,270325
651537,582981
651538,211735
651542,577834
651542,236563
651543,576625
651544,576117
651556,579251
651557,574476
651562,231707
651563,573089
651567,149831
651569,570699
651570,223945
651577,572367
651580,574519
651584,571028
651588,349047
651592,575234
651592,491028
651604,273515
651608,571067
651617,576355
651617,577114
651618,574455
651620,580607
651621,580789
651622,579494
651622,575319
651625,577931
651627,263190
651630,575867
651630,219628
651633,578031
651634,573733
651634,697914
651635,575697
651635,147080
651638,576968
651647,580665
651649,311550
651654,580970
651668,682393
651673,578513
651675,584970
651675,574122
651679,243148
651686,574616
651687,573922
651691,573864
651697,218514
651702,582434
651703,580746
651705,203699
651711,574863
651713,567377
651713,226234
651714,581845
651727,581117
651728,237194
651734,740564
651736,573605
651738,576907
651743,575159
651748,577399
651748,270504
651749,518999
651765,576974
651767,578243
651775,599660
651778,211542
651778,578077
651778,583330
651779,578631
651789,200761
651792,170253
651795,583528
651799,495031
651803,579395
651806,579978
651811,574563
651811,580475
651812,232688
651813,253154
651813,212998
651814,576436
651817,577023
651824,578991
651825,577541
651825,584429
651826,209535
651834,581091
651837,577014
651838,570722
651843,745204
651843,580000
651846,576095
651847,573079
651850,243136
651860,577517
651860,575144
651874,224044
651879,580644
651884,574710
651886,581570
651889,238155
651897,575442
651898,576583
651901,189140
651902,301676
651903,222589
651906,220475
651906,244957
651912,183532
651916,573795
651916,573706
651920,570839
651923,575764
651927,566457
651929,577595
651930,757700
651933,577896
651935,224510
651940,576004
651949,575589
651950,580880
651957,288752
651961,330756
651973,239349
651975,298071
651975,577729
651979,669986
651980,210358
651981,205970
651984,209857
651988,230380
651992,576810
651997,568544
651998,568121
652001,577181
652004,222741
652010,568979
652013,212719
652015,575905
652018,573407
652025,575292
652026,215398
652032,574531
652033,578758
652039,579617
652055,573419
652059,579513
652063,757956
652067,566830
652074,580439
652076,575606
652086,322918
652101,211127
652110,579054
652113,577362
652117,664776
652118,577024
652118,580394
652120,575640
652121,577217
652122,579198
652124,581813
652126,577259
652143,685178
652147,152830
652148,575044
652152,576694
652154,225880
652157,571898
652159,579651
652165,755461
652170,185708
652174,567976
652175,580033
652176,236641
652179,223310
652185,580217
652185,580353
652186,578864
652188,160967
652188,259933
652190,206184
652191,577253
652192,577381
652194,206535
652195,575826
652200,572320
652201,577862
652204,481555
652204,578198
652208,582245
652211,220865
652219,227341
652220,581463
652224,577621
652227,227941
652231,571520
652234,571127
652235,571137
652235,566211
652240,314098
652244,573705
652244,573726
652249,576964
652251,575216
652253,575573
652256,200831
652261,577525
652262,237468
652264,577609
652279,575563
652280,582841
652294,577076
652294,674585
652294,208944
652295,738834
652296,207472
652296,579553
652298,577430
652307,575144
652317,573467
652317,575377
652317,584130
652324,567678
652325,582349
652331,579863
652337,220864
652347,574615
652347,582613
652349,575191
652355,732097
652356,579700
652364,231923
652371,221361
652373,223952
652373,572342
652379,575056
652379,219183
652381,576476
652383,571997
652386,579363
652393,583382
652406,199284
652409,277906
652421,580879
652426,571042
652426,577231
652428,570382
652433,201655
652433,579960
652435,573643
652436,582988
652436,580887
652437,220863
652454,215903
652457,241871
652471,232970
652474,210916
652480,575330
652483,577266
652487,305385
652487,573183
652488,190441
652489,204867
652491,573883
652491,205241
652496,199821
652497,576121
652502,579586
652503,245645
652517,578116
652521,583708
652522,573158
652542,231610
652546,579685
652549,569041
652552,581274
652552,581248
652556,567167
652556,195191
652557,575422
652557,567842
652568,581264
652580,731128
652585,458979
652587,759341
652592,773043
652593,575812
652596,576441
652596,579839
652597,576338
652600,579220
652604,574622
652605,692159
652613,753402
652620,568950
652628,573962
652630,261011
652631,578960
652636,574641
652637,218643
652637,569572
652650,576046
652651,572865
652652,225297
652656,695759
652657,576622
652664,574087
652675,751463
652679,573961
652683,579547
652689,202425
652692,241378
652694,217789
652697,583531
652697,571082
652704,576742
652718,210764
652720,231257
652721,592507
652722,579408
652728,215261
652733,255707
652741,576044
652742,577730
652744,246404
652755,581863
652759,764193
652764,224825
652764,577580
652769,200778
652771,578472
652777,574158
652779,576824
652781,578516
652782,580604
652793,573994
652794,536895
652808,543310
652811,580648
652814,581132
652819,579398
652822,577037
652825,228692
652826,302219
652826,223200
652831,254725
652833,573515
652836,574644
652844,222771
652860,225063
652865,668099
652866,575662
652874,214981
652875,575011
652875,201062
652875,243600
652882,573148
652883,262091
652885,214206
652889,579420
652905,777288
652907,575693
652909,581640
652912,576422
652916,571419
652918,236290
652949,211229
652949,572662
652957,228390
652958,575187
652961,289238
652962,570996
652963,573648
652968,571758
652974,577312
652984,577316
652985,576059
652986,212431
652988,316014
652994,570687
652995,573709
653003,578320
653005,576878
653009,576141
653016,581910
653018,572566
653030,228592
653034,313838
653052,198212
653055,576269
653059,236907
653071,757811
653072,210182
653074,277313
653077,577193
653079,572258
653083,531125
653083,576827
653091,585192
653093,574223
653099,579179
653101,229470
653105,328374
653107,578049
653108,573931
653109,235232
653111,691262
653113,761087
653120,249168
653120,574626
653120,574462
653127,583424
653131,574007
653134,584222
653139,217513
653144,578031
653148,568045
653150,352256
653151,211306
653154,577796
653158,576165
653160,571303
653162,568090
653163,574933
653163,573235
653165,574038
653168,583135
653171,574598
653173,576655
653177,578702
653178,570633
653178,252647
653178,576568
653181,230980
653182,573121
653188,574637
653189,574322
653196,570484
653204,578414
653212,577893
653214,582917
653217,266298
653219,130778
653227,576247
653230,577336
653235,264845
653236,236214
653237,566143
653243,208518
653249,585372
653251,507050
653255,217922
653258,573756
653265,225828
653273,675457
653281,573878
653283,579188
653288,570209
653289,204690
653290,684449
653293,300416
653304,207444
653304,579771
653307,229011
653307,568490
653308,577757
653309,182028
653312,260972
653315,578329
653320,582845
653323,577888
653324,576739
653325,580375
653328,574604
653332,206784
653334,577555
653350,228333
653351,573513
653352,584738
653361,578290
653363,230998
653364,228482
653366,182109
653366,573729
653368,517868
653371,226042
653372,581981
653375,230895
653386,573832
653402,197169
653404,516260
653405,587056
653406,223570
653406,578330
653407,576241
653411,571611
653416,575703
653416,574777
653420,573827
653426,577436
653437,582973
653439,579505
653448,281249
653472,583947
653478,573937
653482,579942
653490,228563
653490,578913
653497,570510
653497,569782
653499,577616
653500,578453
653517,586529
653525,230181
653533,576007
653542,566657
653542,578390
653554,222919
653555,576432
653555,582484
653557,231118
653565,470893
653569,576420
653570,233464
653571,310080
653591,582969
653593,576371
653597,583048
653613,578429
653624,246867
653632,578645
653648,219758
653653,571430
653664,574377
653665,464872
653674,571992
653687,264430
653689,580631
653709,708850
653725,686270
653728,581707
653730,575066
653733,573782
653738,205381
653738,219872
653740,576709
653741,579830
653744,213426
653747,357337
653748,585939
653752,573275
653760,571263
653766,130874
653773,741887
653785,576155
653785,586478
653788,236576
653795,572356
653797,572162
653798,574347
653802,225151
653804,231029
653805,571459
653807,578204
653807,186351
653808,574260
653809,578929
653809,579057
653812,575129
653814,577823
653815,574610
653815,687884
653822,571709
653827,211799
653836,580581
653836,579162
653836,222080
653839,584620
653843,225559
653847,679956
653851,218414
653853,762649
653858,214419
653858,700055
653864,575572
653868,576848
653869,572883
653870,571192
653878,574633
653893,574016
653902,242440
653904,152395
653912,320653
653916,575602
653924,576198
653924,572569
653938,210950
653947,572071
653948,233591
653949,572579
653954,571349
653965,574363
653965,278654
653967,749515
653967,576021
653971,218520
653979,489786
653986,574621
653995,329644
653999,207585
654017,195040
654018,579589
654024,579659
654027,579258
654029,582219
654034,578834
654036,574554
654040,214963
654047,226476
654052,237914
654057,217620
654057,573797
654063,275334
654067,316896
654072,579460
654078,576644
654079,574074
654082,771051
654083,580388
654085,574100
654087,573973
654092,573853
654104,308761
654104,575863
654106,248321
654116,581139
654123,241434
654123,686353
654124,292942
654126,584639
654136,217020
654149,306602
654150,579905
654156,216460
654156,574513
654157,212278
654158,224160
654163,225220
654164,339611
654170,580834
654174,233460
654175,206892
654175,215720
654184,573879
654184,585441
654188,578010
654189,215569
654195,575998
654195,477164
654195,204097
654197,575246
654198,574183
654201,216423
654201,696868
654202,577685
654205,196039
654205,189121
654205,268749
654206,581389
654219,577830
654220,580818
654222,572992
654226,578191
654248,164176
654250,577850
654256,576941
654256,573803
654256,202101
654257,580267
654261,234879
654262,208042
654264,576400
654277,583650
654290,580742
654294,205053
654296,573183
654303,577763
654322,579427
654324,234025
654332,214091
654335,587223
654347,575286
654349,579852
654353,583752
654358,573814
654359,575379
654360,759752
654361,758624
654361,577279
654362,238057
654366,219176
654368,751296
654368,754803
654382,243823
654384,233462
654384,578057
654385,582457
654386,577150
654387,575880
654396,580625
654396,191897
654405,578719
654407,570037
654423,185810
654424,575103
654426,577467
654427,573318
654427,577784
654430,574907
654432,575754
654433,584720
654450,579371
654453,575135
654464,227839
654467,574412
654468,576404
654469,574295
654484,197470
654490,577649
654505,745070
654531,577939
654532,580698
654538,579009
654545,574914
654547,575852
654549,575809
654555,224902
654560,575732
654565,571624
654569,233694
654569,576326
654571,234749
654574,574381
654596,576594
654605,581754
654605,689693
654606,208010
654607,581012
654616,196016
654617,234027
654618,579928
654631,581016
654634,577763
654636,437951
654644,516504
654645,164864
654649,135378
654653,574270
654662,572957
654673,578839
654674,573976
654675,216383
654676,681499
654690,573481
654692,231685
654696,244543
654698,576670
654703,573816
654714,772901
654717,580058
654720,236689
654727,208942
654729,239574
654736,574180
654739,751082
654743,580939
654744,575099
654754,223768
654758,338902
654759,569686
654761,224618
654777,722913
654778,212280
654779,579965
654783,563396
654785,154332
654805,579840
654805,574322
654809,207167
654810,577473
654812,246243
654816,226992
654817,473689
654820,575701
654829,577476
654840,346569
654841,575208
654846,574445
654849,231072
654849,581520
654850,582115
654852,227659
654859,223507
654860,579357
654862,243758
654900,581604
654901,574666
654904,582055
654904,570630
654906,577640
654911,582158
654951,580531
654958,234132
654958,583179
654968,577700
654968,576385
654968,250262
654970,582590
654976,590434
654978,231550
654980,576424
654984,574938
654986,573202
654997,732717
654998,584894
655000,260779
655010,575106
655011,577271
655011,582831
655014,217276
655016,227172
655025,229733
655026,586041
655026,573836
655037,576922
655043,573087
655046,228821
655046,572422
655053,574396
655060,576955
655060,252105
655060,272662
655061,286654
655067,234844
655073,573963
655074,576520
655076,572727
655079,577369
655096,572755
655114,579781
655119,224752
655123,567401
655134,574941
655140,199589
655142,576713
655164,581445
655167,212693
655167,581801
655168,506331
655168,226387
655177,579674
655185,217820
655189,742807
655194,579220
655201,226837
655204,206692
655204,738653
655206,576967
655219,759738
655220,569444
655228,272268
655250,226112
655272,578454
655275,572463
655277,245935
655278,184186
655279,577441
655280,580689
655281,164878
655295,201737
655302,212096
655303,235076
655308,217778
655313,259283
655328,214069
655329,572963
655330,577951
655341,514314
655342,575763
655342,582706
655351,576836
655356,569626
655367,207859
655379,577945
655390,212410
655416,235554
655425,236054
655430,214194
655432,563420
655432,575451
655437,250439
655438,195477
655443,230592
655444,226258
655448,250522
655449,576543
655462,576349
655466,577535
655468,575475
655470,577659
655472,184483
655480,570801
655484,584989
655497,573261
655499,245488
655499,579766
655500,213963
655503,581306
655504,203999
655504,321855
655506,574784
655513,578406
655522,572664
655541,232144
655544,222962
655547,586922
655548,205020
655565,571714
655578,233197
655579,574759
655586,577494
655607,238247
655615,577199
655616,225649
655625,574597
655635,229169
655644,300157
655666,585188
655670,330398
655671,580543
655672,263502
655685,581921
655691,579816
655697,574972
655705,573880
655708,210359
655709,765342
655709,570897
655711,244101
655727,580928
655731,575662
655736,228946
655738,580046
655776,224424
655785,572997
655795,203370
655817,573793
655818,181656
655827,576932
655836,213314
655841,213253
655844,580174
655858,576805
655859,683435
655862,212193
655869,691013
655871,574754
655876,582984
655883,765928
655895,571718
655913,768625
655920,573912
655929,136436
655954,425287
655956,789681
655961,577476
655964,222380
655966,577994
655967,583517
655970,512396
655972,208380
655992,260284
655995,206831
655997,580123
655998,451102
656002,578026
656005,214582
656011,210990
656012,228123
656025,357131
656027,217687
656035,575151
656038,223437
656045,226527
656051,215047
656051,578281
656053,571122
656057,574689
656060,572502
656068,209579
656071,572397
656073,570956
656078,574794
656081,571983
656086,570612
656097,222194
656101,762280
656105,209448
656120,223923
656126,571801
656139,692322
656140,190409
656141,259138
656142,581574
656156,584008
656161,579072
656171,595997
656183,182902
656189,578226
656195,205876
656198,579284
656204,577596
656212,205528
656223,576187
656224,574064
656231,574238
656250,577413
656253,576773
656256,311695
656261,307715
656265,575667
656273,571520
656286,215438
656288,282203
656289,790435
656294,670446
656295,718566
656301,715109
656309,583027
656314,574327
656318,574074
656325,225265
656329,574443
656330,581289
656333,291517
656335,579215
656345,570932
656347,574717
656352,579334
656357,576671
656359,571949
656391,197700
656392,575762
656396,232512
656397,583687
656401,666794
656409,572056
656410,576860
656423,213435
656425,574234
656435,277309
656446,578381
656446,193657
656460,256196
656460,592625
656469,213837
656471,573520
656480,577071
656502,578391
656513,573655
656518,581967
656531,755450
656536,583479
656548,578676
656553,593105
656555,675436
656567,462230
656578,765752
656582,573969
656587,584450
656599,576890
656623,579570
656625,582779
656634,244739
656653,215310
656662,329762
656671,567820
656673,577468
656683,674261
656683,573897
656689,570380
656710,245898
656712,686505
656722,205847
656724,581233
656730,583127
656736,578523
656746,575113
656753,572657
656757,335923
656771,198185
656776,577203
656786,217294
656788,580897
656810,577614
656819,183023
656825,577529
656825,591808
656829,765615
656832,663802
656833,575897
656834,266511
656841,576211
656848,575316
656877,574245
656881,576447
656897,205720
656918,208638
656925,248644
656937,569386
656945,241665
656946,590370
656955,579533
656964,577546
656968,234664
656984,662302
656988,223663
656990,310404
656997,576546
657011,199862
657023,571168
657033,571664
657048,573478
657055,245766
657063,337847
657069,233474
657071,214413
657079,223181
657085,223179
657086,583406
657095,757592
657104,199454
657121,575947
657125,152206
657129,573885
657133,236683
657149,197902
657157,190395
657159,241810
657171,571580
657171,243379
657178,574425
657192,736852
657206,581684
657207,572230
657215,225448
657219,673013
657230,192881
657232,581341
657237,576614
657246,583538
657246,218943
657254,667849
657262,578214
657285,579350
657287,593310
657294,730143
657309,216059
657312,573766
657334,570480
657334,582954
657352,575588
657353,225020
657356,183134
657358,205656
657362,210095
657366,572815
657366,225933
657371,665378
657378,577367
657379,572451
657383,571802
657396,220738
657396,747971
657406,231352
657411,579406
657412,288767
657413,334626
657420,572430
657420,588403
657421,235155
657425,580053
657431,572636
657431,219979
657432,575457
657435,575012
657440,579546
657441,241245
657448,209238
657456,579482
657464,243623
657470,572122
657498,574745
657499,209710
657500,573822
657508,579985
657514,572660
657524,585315
657528,273789
657529,212961
657533,574665
657536,491757
657541,580872
657560,579009
657562,579188
657571,218213
657590,591646
657597,574000
657600,575156
657604,577049
657613,575180
657613,202393
657615,203236
657617,585256
657618,580316
657626,583263
657634,207064
657637,578875
657643,233053
657649,576911
657650,573595
657651,257161
657657,282865
657657,584572
657691,248545
657695,593221
657709,206776
657720,224356
657726,572646
657739,578533
657744,235492
657750,225780
657753,214836
657759,581036
657775,576689
657801,225522
657820,577933
657829,572829
657831,577100
657838,580142
657839,224640
657860,203149
657871,211814
657874,227630
657874,157291
657884,227109
657911,196057
657912,233951
657914,251944
657932,580280
657933,578382
657941,500686
657942,198381
657942,261652
657943,677433
657944,285981
657971,207545
657976,580968
657988,576777
657990,575835
657997,701152
658006,764755
658007,282826
658018,569109
658020,567740
658024,208197
658025,223400
658048,574677
658048,256885
658052,233461
658059,169044
658060,574672
658061,216288
658063,202397
658076,255347
658081,215712
658099,583095
658109,223811
658109,208168
658109,212423
658112,565172
658117,583331
658125,592702
658151,665291
658156,580089
658160,582672
658160,592922
658166,208609
658170,244006
658179,577105
658194,746895
658200,763346
658214,701626
658219,580961
658223,208918
658232,244081
658232,195180
658236,585717
658240,318975
658250,540164
658256,728816
658268,205377
658271,242613
658273,228079
658280,164863
658283,749490
658292,571747
658326,235591
658328,583625
658343,575773
658360,226834
658373,227880
658380,575216
658386,584751
658393,217681
658396,207459
658403,588818
658403,219052
658406,580559
658406,218613
658431,575584
658440,322143
658441,580182
658466,579056
658471,591695
658471,576606
658475,219051
658483,472086
658483,596057
658492,579743
658510,166613
658511,207118
658518,574290
658526,221635
658527,208411
658529,582893
658530,318508
658532,197305
658549,235449
658562,574251
658571,579102
658593,578101
658603,263553
658607,216107
658615,577104
658616,578225
658626,574201
658626,568313
658627,576048
658634,692594
658652,566041
658654,216891
658655,211665
658676,576343
658677,583673
658685,219507
658706,452860
658713,195724
658721,227876
658723,265925
658727,194857
658731,572832
658739,221535
658743,212456
658769,228750
658780,470016
658783,234703
658793,574604
658798,221706
658800,596906
658816,296783
658821,239707
658825,647123
658826,588919
658839,236891
658845,299724
658849,271331
658852,589018
658862,569296
658868,583442
658872,207438
658878,596525
658898,215661
658906,206933
658912,511627
658926,572628
658929,205259
658935,571272
658938,576330
658940,304868
658947,202965
658981,745767
658993,592580
658998,206415
659004,227980
659016,224216
659031,580882
659044,200796
659046,233649
659046,592188
659058,582710
659085,288523
659094,578457
659102,235665
659110,585933
659118,264605
659125,197981
659125,574557
659125,221174
659131,693395
659146,751937
659158,575887
659165,584337
659166,203877
659178,230305
659178,583151
659208,203122
659211,259230
659221,576545
659245,570897
659265,213075
659300,578609
659316,589745
659317,591475
659343,208754
659346,220327
659349,195658
659353,575432
659363,213386
659392,219648
659394,204109
659401,221334
659405,238852
659405,203213
659407,580512
659418,589579
659418,220986
659419,583065
659420,223912
659432,759596
659437,598321
659452,592047
659453,287474
659458,572406
659464,228214
659465,241472
659471,205673
659472,308389
659482,582567
659483,582545
659485,225367
659485,593972
659493,581590
659511,228334
659519,258689
659519,579162
659521,570610
659541,587541
659574,224299
659600,215050
659613,579322
659613,584709
659613,242065
659620,513983
659620,592835
659623,236148
659634,570046
659655,578280
659678,591497
659690,590090
659694,203419
659703,580528
659719,669853
659725,226763
659727,214341
659744,573267
659758,209856
659765,317633
659773,585307
659775,229958
659807,585348
659819,574295
659848,266914
659851,678331
659859,770744
659898,591052
659913,575110
659914,297151
659921,747256
659925,588835
659949,589413
659958,587803
659974,676984
660013,211844
660028,267613
660038,229784
660054,578303
660062,665539
660069,229408
660076,204398
660085,329997
660094,229275
660102,594581
660105,577059
660113,309922
660115,507383
660127,573365
660127,214751
660143,200270
660145,661305
660160,674104
660169,588147
660173,588442
660181,587174
660182,239587
660184,686211
660186,244309
660192,580128
660193,576962
660199,689111
660211,599947
660216,596059
660218,580470
660259,211173
660261,219950
660277,677659
660278,227594
660284,585199
660293,590259
660358,213569
660365,220824
660368,207958
660373,202522
660398,246044
660426,757245
660434,578692
660439,768016
660441,262947
660446,766871
660448,580544
660456,580902
660461,219900
660466,577204
660476,205716
660501,582458
660507,597653
660511,236238
660516,585051
660516,225498
660530,590000
660532,193274
660540,589947
660541,578943
660542,705928
660551,590146
660554,754694
660559,587267
660562,212980
660564,223140
660576,223484
660590,578394
660596,202639
660605,600060
660607,547771
660614,585027
660641,587253
660650,588037
660659,594604
660662,587202
660665,590285
660667,580185
660667,585602
660670,588339
660678,457838
660691,210239
660692,215370
660698,233586
660708,503386
660708,584801
660721,597980
660723,594195
660725,243751
660728,206801
660741,210261
660741,588047
660745,586665
660745,238567
660758,577732
660758,757462
660761,588530
660763,591113
660769,596411
660786,577231
660802,203577
660815,579512
660830,589782
660844,208528
660859,588574
660861,539166
660866,665855
660870,592381
660875,588961
660889,518352
660915,584730
660926,594564
660933,209101
660944,217416
660946,203202
660959,247212
660985,576999
661000,218415
661002,587370
661009,216563
661024,587929
661024,529632
661034,262514
661044,575578
661072,583397
661076,226996
661078,532824
661081,595370
661106,206895
661114,217713
661133,241335
661134,200482
661146,572479
661149,214089
661168,585821
661173,585226
661177,664564
661199,693714
661201,316531
661204,588555
661206,585595
661215,571244
661228,583754
661229,223846
661232,592637
661242,590099
661253,243158
661259,504281
661275,591425
661282,266732
661288,237348
661322,270985
661343,210484
661352,591573
661357,588648
661364,590019
661368,591004
661390,216389
661392,594515
661396,508423
661397,229907
661404,587206
661409,593730
661410,322961
661421,586837
661422,303174
661429,675310
661431,576329
661435,589096
661443,590822
661449,575306
661459,600277
661467,585525
661488,580261
661488,593225
661495,208612
661508,248222
661516,671154
661522,588743
661525,691754
661528,579227
661528,205427
661529,245262
661531,584671
661543,307403
661565,209579
661570,219647
661573,598739
661587,298588
661589,587343
661590,590538
661596,269396
661614,176905
661614,222784
661616,594182
661617,487176
661617,575531
661623,211438
661624,496793
661629,581327
661679,244967
661684,180624
661692,189969
661711,588893
661713,579930
661719,579258
661721,591636
661730,586154
661732,242466
661738,516236
661744,246239
661745,682845
661756,199132
661757,579944
661777,587192
661791,588130
661800,216646
661800,585999
661813,458199
661816,215349
661822,580812
661832,596667
661838,258371
661844,591160
661847,256636
661852,591467
661863,205169
661877,601761
661903,202533
661903,586856
661928,592615
661934,586196
661944,672851
661948,593732
661952,225560
661960,201456
661961,587025
661967,580580
661970,572813
661971,589174
661977,329619
661987,585999
662013,589308
662014,263025
662014,590157
662016,587004
662018,213604
662019,577753
662028,583915
662032,587298
662039,216752
662049,271831
662058,585286
662062,220369
662091,586367
662103,591051
662103,603035
662110,233603
662114,676625
662115,243884
662131,204969
662133,192695
662133,592949
662156,589203
662159,593037
662168,306961
662177,581273
662183,583156
662192,170801
662199,591014
662204,185736
662222,220708
662232,595734
662237,591890
662257,585530
662271,289411
662281,592996
662282,589296
662293,587215
662313,320949
662321,221523
662322,588985
662339,582686
662353,593656
662355,593002
662374,593923
662374,584662
662390,582623
662395,587862
662409,213362
662420,584899
662424,214770
662426,587780
662466,578232
662467,589666
662480,591916
662481,593070
662482,579387
662485,588232
662490,663552
662505,583477
662506,542248
662531,587608
662538,588745
662541,670710
662562,593066
662564,234601
662570,582528
662572,581583
662574,589834
662588,588208
662588,209566
662622,592577
662626,592441
662627,196786
662637,240059
662644,582479
662645,590220
662649,583541
662660,173595
662671,586456
662672,583434
662677,589424
662677,589421
662677,580172
662685,743988
662693,589154
662703,240146
662710,586325
662719,582643
662730,583640
662742,192525
662748,682835
662753,222680
662757,219672
662759,585786
662774,594913
662777,587969
662779,585423
662788,591235
662793,587807
662801,670613
662806,197932
662817,586969
662818,199069
662832,601064
662834,580001
662834,581564
662841,578829
662848,588240
662851,684157
662877,242268
662879,582193
662882,585126
662886,586688
662889,590244
662894,205121
662899,586666
662899,685496
662901,595103
662932,580307
662939,579879
662945,228074
662955,596916
662956,216515
662966,584240
662972,225798
662979,701327
662985,768474
662987,213493
662987,587247
662988,586785
662992,587200
662995,580075
663003,594616
663011,220490
663018,581645
663019,231526
663023,599170
663026,586123
663041,586094
663056,584017
663059,683408
663075,584680
663097,593148
663098,225915
663106,592410
663117,513735
663118,588062
663125,234838
663152,582667
663168,302218
663179,585658
663179,693927
663184,596430
663186,583732
663186,219272
663199,591289
663204,583855
663205,669492
663210,599521
663211,577988
663211,577711
663215,235502
663222,235542
663226,197884
663230,587690
663233,600879
663238,582666
663246,208542
663253,578984
663276,594444
663291,589838
663297,601467
663301,578881
663318,583860
663326,589617
663327,272052
663337,595621
663342,582323
663342,670398
663351,577273
663354,587363
663356,588398
663360,138681
663364,236617
663374,594222
663377,229634
663381,683290
663388,229369
663391,582911
663399,580861
663400,586787
663404,586284
663406,579411
663409,591006
663410,204867
663414,202462
663415,691005
663426,689037
663433,590715
663434,592504
663440,597133
663452,585748
663458,577190
663483,147733
663484,581997
663492,581579
663508,590310
663521,581356
663523,593528
663526,579342
663536,219890
663543,228062
663547,550876
663554,574253
663562,242456
663568,581107
663573,587901
663573,577957
663576,749060
663594,221727
663603,582001
663626,244700
663633,580685
663640,674182
663645,587529
663653,583080
663657,211835
663671,218480
663671,588804
663674,587574
663679,220380
663693,591144
663694,591239
663704,576340
663709,205071
663712,696965
663716,582633
663718,582054
663723,586759
663724,206428
663737,231013
663738,589415
663752,247322
663752,575618
663756,592245
663758,584998
663763,206031
663773,597389
663774,219033
663782,591530
663786,582476
663794,590931
663795,574643
663802,291171
663819,582953
663821,212151
663823,587240
663828,593333
663836,599683
663840,591511
663841,590709
663846,581276
663849,758765
663849,199263
663851,658745
663853,586152
663857,219821
663875,590831
663878,590704
663889,580313
663891,584702
663896,202957
663898,588419
663898,590111
663903,584477
663910,334472
663929,227064
663942,215292
663945,604358
663948,584893
663952,666461
663953,233578
663953,263369
663959,597356
663961,238849
663969,586942
663971,236152
663976,579149
663979,576012
663981,693378
663999,242971
664006,585561
664007,204108
664037,588591
664051,243202
664054,586629
664054,210443
664076,586873
664091,148899
664094,591459
664095,228171
664102,593189
664108,204997
664112,590131
664122,587726
664125,292600
664129,595707
664139,582946
664152,682416
664154,588699
664159,587639
664166,584895
664169,578972
664169,481613
664171,240108
664177,590731
664179,586881
664180,578998
664197,594517
664212,580235
664217,581054
664227,588858
664242,580115
664248,211333
664257,583328
664261,584019
664274,588891
664278,584851
664280,587408
664285,243310
664313,242322
664317,585614
664323,781606
664325,593484
664332,578836
664334,269021
664334,588264
664345,595273
664367,580524
664368,584777
664374,203620
664388,596760
664399,694441
664402,576296
664408,582472
664413,590899
664423,667478
664425,583228
664439,601934
664462,588876
664486,590111
664487,494818
664487,267703
664489,595974
664491,202421
664495,586508
664503,594549
664507,224514
664509,592530
664511,594316
664511,594206
664516,588289
664530,233123
664537,587556
664538,583726
664541,582998
664554,220660
664556,196074
664562,583179
664570,591630
664573,237245
664578,584769
664593,582450
664605,577416
664608,247414
664609,577108
664611,586628
664612,258168
664620,583061
664629,586122
664637,596353
664639,581935
664651,581563
664651,233268
664658,583855
664665,235217
664695,213258
664698,591529
664702,671370
664706,202145
664706,581841
664727,770039
664729,579503
664731,586659
664735,194976
664736,218863
664746,682862
664752,597691
664753,576987
664754,687187
664759,586974
664768,585251
664777,600218
664779,211698
664781,590211
664782,585068
664789,686629
664799,591248
664801,587793
664809,596627
664810,594880
664816,777405
664818,761172
664825,584069
664829,595223
664834,596995
664835,581105
664841,537351
664841,462378
664855,580805
664855,226652
664856,591882
664859,586467
664864,235421
664868,670313
664887,229408
664894,583640
664895,590274
664901,685318
664905,249356
664909,578843
664911,578675
664911,589578
664913,573593
664916,584670
664921,215965
664923,587816
664927,578405
664936,576543
664939,587738
664954,581344
664957,592196
664959,585832
664974,674705
664977,702974
664979,585510
664986,581317
664990,584625
664995,580164
664995,697531
665001,205847
665012,576009
665013,591161
665016,580227
665020,585522
665027,586086
665029,588837
665031,583496
665031,579598
665032,601579
665034,691245
665044,588119
665061,580998
665076,587483
665085,588094
665086,585642
665097,580367
665099,592845
665099,589685
665112,589353
665114,582604
665115,594201
665119,213213
665122,592504
665128,586668
665133,579779
665139,582618
665146,591137
665157,580341
665157,593618
665168,582349
665174,594338
665181,585703
665185,583532
665196,592480
665210,689819
665214,597034
665218,587745
665222,582731
665222,693239
665223,586898
665228,251355
665236,586807
665237,211453
665241,221632
665255,227881
665269,246083
665270,591933
665271,589761
665283,221810
665288,592222
665292,594021
665303,591524
665307,183426
665314,237501
665320,586014
665337,582556
665340,588319
665345,590291
665345,590128
665361,670952
665375,596591
665380,594640
665401,597325
665411,221563
665415,588914
665417,589455
665422,587805
665428,586035
665431,588360
665435,592324
665435,191987
665436,581236
665449,587400
665462,582036
665478,587166
665480,588579
665485,593041
665492,701776
665498,229625
665505,588011
665521,190612
665521,218416
665521,582728
665529,243758
665533,252628
665535,595827
665536,591029
665540,588102
665540,594891
665541,582157
665545,279441
665545,588160
665546,587738
665551,581860
665555,577688
665556,576664
665557,587714
665566,235098
665566,575567
665566,580195
665567,140362
665571,580604
665572,229327
665586,592175
665588,310922
665601,697397
665613,578276
665614,589861
665620,236002
665620,152790
665628,593624
665630,581032
665635,592009
665635,580880
665636,581991
665637,322820
665638,579823
665640,589401
665652,260662
665656,587085
665659,591190
665661,588597
665671,595352
665671,579256
665671,585137
665672,587504
665682,261534
665683,586356
665686,582581
665702,595606
665704,590670
665710,588227
665714,588482
665716,592989
665717,575909
665736,581867
665749,484104
665759,587422
665774,589760
665778,687471
665780,686285
665782,231620
665785,760120
665802,590085
665804,583263
665805,673954
665812,589626
665830,586491
665837,565643
665841,208741
665841,586159
665845,580433
665848,587991
665854,713724
665856,578899
665856,585616
665858,221564
665861,226873
665864,587538
665869,593506
665874,594328
665875,692763
665877,585109
665877,478300
665886,576798
665892,241744
665895,579770
665899,590352
665904,226386
665927,586301
665929,590547
665931,573966
665932,200143
665937,486079
665946,589462
665947,586488
665952,587431
665954,584398
665957,587262
665961,220526
665974,579744
665982,227066
665988,703912
665991,580935
665991,589211
665994,240168
666000,145537
666024,596775
666028,588641
666034,217494
666034,218039
666038,583699
666042,581612
666042,578103
666046,578880
666052,586158
666052,590651
666054,604573
666056,576929
666064,599444
666066,215613
666066,589089
666073,589215
666082,234341
666087,586893
666092,592302
666097,663121
666104,156603
666115,582035
666115,581617
666116,578472
666120,202355
666121,582322
666131,589549
666135,204038
666137,743737
666137,587301
666139,584155
666140,587135
666145,586317
666155,581388
666159,581672
666160,251733
666162,588907
666171,580878
666172,584162
666172,199123
666179,584798
666180,583182
666181,254280
666193,593714
666195,584901
666205,271965
666215,231894
666217,593591
666222,587334
666261,585662
666261,590877
666269,581036
666274,586917
666276,587069
666279,577236
666281,591133
666283,592507
666286,585419
666287,576380
666292,217404
666301,298696
666301,577346
666306,584993
666308,584486
666310,587085
666316,690458
666319,593609
666320,587162
666323,226812
666330,590700
666336,581395
666338,599193
666343,596962
666343,585596
666348,576935
666348,578232
666348,514062
666349,582219
666353,587453
666360,471843
666367,239716
666368,597196
666374,259969
666376,229943
666381,587642
666385,579779
666387,191805
666387,583658
666389,590162
666390,581247
666391,590642
666391,582081
666396,587501
666401,244222
666403,674158
666408,585615
666420,684917
666425,587926
666429,579390
666431,582722
666431,585723
666434,585229
666438,593667
666439,216598
666447,585922
666449,585699
666451,582334
666454,599793
666457,589184
666464,589040
666467,584369
666483,676198
666489,219050
666494,585858
666497,590207
666499,582426
666499,690366
666500,243585
666502,582583
666514,585136
666517,589782
666520,588181
666530,590732
666533,577787
666536,596588
666538,584984
666542,600739
666547,577928
666556,577538
666561,593409
666572,579001
666574,178347
666575,576550
666576,579091
666576,482500
666578,314279
666589,574489
666592,677020
666595,584813
666595,772964
666607,588031
666609,581589
666613,586637
666613,584373
666620,587578
666625,461300
666626,586875
666629,588595
666629,476350
666636,222900
666637,587202
666638,592971
666640,671962
666647,586160
666651,596553
666658,243214
666659,583871
666661,590041
666661,592803
666662,182963
666662,580828
666663,588290
666665,591088
666665,220546
666669,583514
666679,591079
666688,278213
666694,207203
666703,593219
666715,243868
666725,586291
666727,584047
666729,586753
666732,585448
666753,581223
666754,212879
666754,583186
666755,196250
666759,581923
666761,586537
666761,591142
666763,709747
666764,598425
666765,582569
666765,588022
666766,585894
666770,477397
666772,583305
666775,683063
666777,596816
666779,591894
666787,585011
666788,585830
666798,199120
666801,683856
666806,590804
666812,592300
666812,664881
666815,249538
666817,585562
666817,224829
666821,585631
666821,590229
666826,587226
666827,587455
666831,599882
666844,581372
666845,583500
666845,589408
666845,210726
666847,584304
666848,589491
666858,594177
666861,583643
666867,586365
666869,580339
666871,586628
666875,594740
666880,235124
666882,581277
666887,677635
666890,594964
666890,657027
666893,143559
666901,583077
666902,589278
666918,188452
666919,584852
666922,587042
666925,203085
666926,587362
666930,592325
666933,207365
666934,587817
666935,588191
666940,580637
666942,583163
666943,587114
666949,584897
666949,198226
666950,301407
666954,581954
666956,582531
666956,592025
666957,584725
666957,699445
666967,245224
666970,579554
666971,585007
666976,585507
666983,234619
666985,588241
666994,242777
666996,581689
666997,215178
667004,246675
667010,584105
667013,587506
667015,580846
667016,677077
667019,576855
667021,585102
667023,578817
667024,588768
667028,641648
667029,294101
667036,238529
667037,592591
667042,585322
667042,593745
667059,756938
667059,590646
667061,588898
667062,258961
667070,212349
667094,250931
667099,588557
667101,589661
667102,594259
667104,233604
667105,209524
667116,586887
667116,584841
667123,582816
667126,586183
667133,583057
667133,585816
667139,601425
667139,678715
667139,589834
667140,583771
667144,585601
667152,588045
667153,579266
667158,582326
667162,584973
667166,215690
667167,593702
667176,582694
667178,764964
667182,588500
667184,586961
667193,591381
667197,586909
667211,584924
667219,589430
667227,584806
667233,583873
667240,589461
667240,584891
667246,591471
667247,588657
667251,589644
667253,589517
667257,579945
667261,589359
667262,201656
667262,583976
667264,583078
667268,220857
667268,598113
667274,223672
667278,592252
667285,584727
667297,587891
667304,580516
667312,594986
667313,598924
667314,585252
667316,584624
667322,590527
667322,589861
667322,580915
667325,591406
667329,588155
667337,585565
667338,584463
667338,590041
667339,580372
667342,652340
667351,584062
667357,580989
667359,583641
667364,217590
667364,200199
667373,494418
667375,583087
667380,231652
667381,581680
667381,584351
667381,595677
667390,586131
667391,589460
667395,579948
667403,597758
667409,205385
667411,587607
667421,589183
667422,588961
667428,579753
667429,589647
667431,583947
667432,579792
667445,586379
667447,223518
667454,583888
667460,585959
667461,582199
667465,219447
667469,588511
667476,588039
667479,594879
667490,587489
667495,581727
667505,593679
667512,583882
667514,580120
667515,594196
667516,580315
667517,586474
667518,582544
667520,587018
667523,579267
667529,217543
667530,588343
667537,581920
667539,591570
667541,580009
667550,591191
667551,224056
667560,583552
667561,577227
667562,583163
667562,594003
667567,582485
667572,588127
667573,591694
667580,587613
667580,583522
667580,586971
667581,589922
667585,582456
667586,586147
667591,597564
667595,590463
667599,587646
667602,202074
667605,586914
667605,590620
667609,593711
667623,586473
667629,677832
667634,280046
667636,584777
667639,583789
667640,214480
667641,588778
667645,579992
667649,592215
667649,579566
667659,223686
667661,593520
667665,586701
667671,586102
667672,596857
667673,576692
667676,578672
667677,590755
667679,595651
667681,584650
667683,593890
667687,603239
667688,591879
667689,586405
667690,595321
667696,593608
667703,587430
667703,588754
667705,585570
667707,589239
667708,584162
667710,592501
667713,587502
667714,590850
667719,586630
667721,578502
667723,585042
667723,591191
667723,580700
667725,577834
667725,594164
667726,588155
667727,582532
667730,581278
667731,570066
667734,582916
667736,578484
667736,586472
667737,205735
667737,587627
667739,574723
667741,588383
667742,211203
667742,583681
667758,222115
667780,221875
667781,204323
667789,571831
667792,577681
667805,591882
667807,499593
667809,588075
667817,583490
667826,585939
667829,591545
667830,580613
667830,692078
667846,582559
667848,595673
667848,581119
667852,584706
667854,581709
667858,583320
667859,580816
667873,589897
667876,582600
667877,577725
667890,573797
667894,586590
667894,593778
667904,579065
667905,590522
667906,597020
667909,508708
667909,583090
667923,590282
667925,589411
667930,581260
667932,588379
667950,583073
667965,582832
667965,586676
667969,584657
667978,581364
667991,581870
667997,587211
668002,589605
668003,581371
668009,579127
668019,586835
668021,682706
668024,585960
668028,572322
668033,586077
668033,603763
668035,590830
668035,583370
668036,591236
668041,584873
668053,591668
668054,668971
668058,596706
668061,580735
668070,588970
668071,579931
668075,584155
668081,579151
668082,592025
668083,583688
668085,589143
668095,588606
668095,579978
668098,593283
668102,588018
668103,600736
668110,581722
668116,575444
668117,586594
668124,592573
668128,581263
668131,581305
668132,589732
668133,578910
668134,593376
668136,581862
668136,588028
668137,586442
668137,591913
668144,580230
668145,590796
668146,578822
668148,586979
668150,588120
668155,586191
668158,587630
668160,592473
668162,700674
668166,600045
668166,584778
668169,581768
668174,585340
668174,588368
668175,591471
668177,586407
668178,592043
668183,590522
668188,594720
668190,581402
668191,588971
668192,588115
668194,585065
668195,584974
668195,589858
668196,588613
668200,579212
668201,577697
668201,597102
668202,577040
668202,599080
668206,583756
668211,582199
668211,583264
668212,585734
668213,585491
668217,589114
668222,593487
668235,227626
668239,590402
668239,699231
668242,591326
668245,223383
668262,578719
668266,590111
668272,593292
668272,583071
668274,589910
668276,589460
668281,688810
668287,590185
668292,687122
668295,579315
668298,585500
668300,583528
668306,582449
668306,219804
668317,587776
668324,586926
668329,588422
668336,276883
668340,586381
668342,586329
668342,586298
668349,585317
668350,593945
668363,493061
668363,588004
668367,581091
668375,581288
668383,587724
668389,583208
668394,582094
668396,591424
668397,584473
668403,581086
668404,583715
668404,586897
668415,582497
668417,587723
668417,592686
668420,589679
668422,192360
668422,586464
668422,580983
668423,592874
668423,695336
668424,593498
668427,583479
668428,580470
668432,592978
668437,578857
668442,584085
668446,581460
668449,583324
668453,590486
668465,582079
668469,582687
668471,581105
668472,579647
668473,584580
668482,246585
668484,583371
668486,580811
668492,584945
668494,590767
668496,587279
668497,584991
668502,596203
668503,584746
668504,592031
668505,585657
668506,577091
668509,585425
668521,587941
668523,596316
668523,580527
668526,225400
668528,591989
668532,582076
668538,587798
668554,582376
668557,585309
668563,585257
668565,580990
668568,586285
668574,589392
668576,587246
668579,586241
668580,583753
668586,590389
668586,581478
668588,577335
668591,587768
668592,579919
668592,591233
668593,683549
668593,593144
668593,598578
668602,583258
668607,234427
668607,591037
668613,582275
668614,189758
668624,589713
668624,584243
668627,592325
668628,582437
668638,581550
668638,588750
668640,593829
668641,587821
668645,582953
668647,572662
668654,233857
668654,590557
668656,596115
668659,178106
668660,584628
668661,586239
668664,579369
668673,582816
668677,594773
668681,588531
668681,577920
668682,585731
668682,587771
668683,582349
668685,589120
668690,588826
668693,582177
668696,581617
668702,582836
668702,579654
668707,584246
668718,594845
668718,585555
668722,695557
668725,581636
668726,589623
668728,232672
668729,244856
668730,586789
668730,594983
668732,594449
668746,659971
668751,222429
668752,594425
668755,225455
668756,583001
668758,581546
668762,583507
668764,587802
668764,596427
668765,595768
668766,586158
668766,588959
668769,584526
668769,593820
668771,579018
668772,579366
668774,585476
668779,576298
668781,689630
668783,591404
668786,585133
668798,581100
668799,584502
668803,590333
668808,580054
668811,581383
668821,589009
668821,580111
668824,590862
668826,600398
668827,185462
668828,134875
668833,228154
668836,586298
668838,587421
668839,596553
668841,577809
668844,586803
668844,593738
668846,586855
668850,593279
668851,579063
668853,581096
668853,580259
668855,582542
668863,579670
668864,581982
668867,584454
668868,592263
668870,658921
668878,593055
668881,590358
668881,583682
668887,589731
668887,577934
668888,586465
668894,586596
668897,586275
668898,591514
668899,585167
668899,586765
668901,579381
668908,585735
668909,210690
668914,596989
668918,589670
668919,597424
668920,687164
668930,578734
668938,588948
668942,578222
668956,589301
668957,580407
668958,588654
668959,593195
668961,669102
668965,586470
668965,584284
668968,583974
668969,588028
668972,589937
668972,591696
668975,591521
668979,583308
668980,596431
668980,592458
668980,594233
668982,591878
668988,678779
668994,680504
669001,580444
669004,590934
669006,586779
669008,587711
669011,586467
669012,592588
669014,590182
669014,582589
669015,585730
669019,583720
669029,585747
669039,587719
669039,583856
669044,586577
669046,648231
669047,585671
669057,591833
669059,701467
669059,588684
669061,198748
669063,591007
669063,583250
669063,589698
669065,591760
669078,587940
669080,590228
669082,584684
669085,228136
669086,586297
669087,583190
669097,591897
669103,591040
669105,578717
669106,591558
669108,593202
669115,584156
669115,238908
669116,598783
669119,582345
669127,588029
669131,583527
669133,701218
669136,587480
669144,586008
669145,253953
669146,574600
669156,580022
669162,225208
669163,588032
669169,581030
669171,587305
669176,590918
669177,588091
669177,593185
669178,583453
669178,592842
669184,582546
669195,591849
669197,576901
669198,586828
669199,589905
669200,585005
669202,592955
669205,589687
669205,213000
669207,589287
669214,576979
669215,586087
669218,200040
669223,583099
669237,584268
669240,582851
669247,583476
669254,583997
669256,578407
669266,581689
669267,583580
669269,583201
669271,579897
669271,592205
669297,584789
669297,226648
669307,586933
669309,591580
669310,580329
669311,579888
669313,584133
669316,591433
669324,584200
669326,577832
669326,589478
669328,580197
669329,597633
669331,581645
669335,585317
669338,583230
669345,591767
669346,582814
669351,585145
669351,589309
669354,590266
669354,583811
669360,596081
669367,589293
669370,582657
669372,586111
669381,591254
669382,590734
669386,585206
669391,668294
669399,589321
669399,586814
669400,585859
669402,224113
669409,582080
669409,589666
669410,589846
669416,583306
669417,588697
669421,588598
669425,592796
669427,584152
669433,262146
669433,588029
669437,593425
669440,585823
669444,587019
669445,585570
669445,580477
669446,599089
669446,579756
669446,581999
669447,585410
669449,585974
669451,590991
669452,594398
669459,583360
669461,586953
669467,581545
669474,591896
669475,587049
669477,597686
669481,590605
669481,580393
669482,594412
669482,584772
669487,595879
669488,590759
669491,265405
669523,583484
669527,587793
669529,584541
669530,187961
669532,586947
669535,581351
669535,586758
669545,591664
669546,589531
669548,682114
669556,588338
669556,582792
669559,587223
669562,585835
669564,586818
669565,579960
669569,588079
669572,574928
669572,598348
669574,592239
669578,653039
669579,591214
669580,593144
669583,227194
669585,483140
669586,588906
669586,591937
669592,220639
669595,589661
669597,595062
669608,593682
669608,595946
669609,573273
669611,579635
669613,583869
669615,222862
669619,232709
669621,588766
669628,577713
669630,586603
669634,581379
669635,587969
669637,585917
669641,585016
669647,598645
669647,577646
669656,577895
669657,585702
669658,577250
669662,586153
669664,577567
669666,570776
669668,586411
669672,583281
669673,586228
669677,685351
669679,583917
669683,583212
669687,578798
669691,590058
669698,580255
669699,585356
669705,585914
669710,583196
669719,600357
669720,584205
669727,225250
669733,585263
669737,573747
669744,587218
669763,580754
669767,580994
669769,580953
669771,581248
669771,586971
669775,578184
669777,587519
669781,583113
669787,273310
669787,595351
669800,582881
669809,580989
669811,588630
669819,580661
669825,176530
669825,588101
669829,596778
669829,591410
669834,583556
669837,576826
669843,585658
669844,584820
669846,586484
669847,583944
669849,585477
669851,592408
669857,586921
669858,222122
669862,577902
669863,580644
669864,582561
669871,590134
669877,591776
669880,591582
669890,676568
669890,580905
669891,582033
669895,594319
669896,578973
669899,589740
669907,636562
669912,582513
669915,577531
669919,591227
669920,585547
669925,595804
669937,272639
669938,586728
669939,591035
669940,589149
669940,579406
669951,583471
669953,661951
669960,582553
669976,583283
669983,574245
669985,588588
669991,584615
669998,583673
670002,590328
670003,581714
670006,584376
670013,594664
670017,580627
670017,585365
670025,587924
670026,680258
670027,494191
670032,226937
670035,585907
670036,589087
670036,587615
670046,666718
670051,582174
670052,579291
670061,580784
670061,590616
670066,582674
670066,684800
670070,586910
670071,585128
670072,689903
670075,590892
670080,665903
670082,594300
670082,229064
670084,585151
670085,269621
670087,590759
670087,594100
670096,575374
670096,490811
670096,579284
670097,590267
670106,589831
670107,587000
670111,582935
670118,586299
670118,582407
670124,587152
670126,594043
670127,576434
670128,583613
670128,581011
670129,584969
670133,585070
670137,582229
670139,585674
670153,583064
670156,589446
670157,583133
670158,591962
670159,586404
670160,594160
670167,584546
670171,592289
670180,584724
670182,577944
670185,579762
670185,593459
670186,669235
670187,586090
670188,579163
670191,581701
670194,598573
670199,592468
670199,579463
670200,580534
670200,588070
670200,585327
670202,587968
670202,221622
670209,583943
670211,583992
670214,244996
670218,583000
670220,676555
670231,676607
670233,587383
670236,591560
670240,582461
670243,591386
670244,592366
670245,587806
670246,586943
670248,239222
670251,585410
670257,212363
670260,585976
670262,584881
670266,585226
670266,590349
670271,580217
670275,586064
670275,574318
670283,588341
670284,591947
670287,589165
670287,591787
670288,586193
670291,241352
670295,587491
670297,599267
670305,685237
670313,583943
670320,580811
670322,744362
670323,581857
670329,579946
670331,586071
670336,580202
670343,588178
670345,591444
670346,586106
670347,583605
670349,591935
670354,573056
670354,585937
670356,576224
670356,528979
670357,587490
670363,585244
670374,590573
670375,588135
670382,585021
670391,593336
670396,593518
670399,588218
670402,576333
670416,585409
670417,582223
670420,588050
670423,592500
670426,580475
670432,588570
670435,581882
670435,586827
670444,586848
670449,278125
670450,581837
670450,589236
670450,199838
670450,591338
670453,589708
670454,201260
670459,585542
670461,584049
670465,577090
670466,588133
670467,582644
670467,589739
670473,579546
670477,580033
670486,585469
670493,589800
670495,663874
670497,587652
670498,585603
670505,587217
670507,589103
670508,580672
670510,594302
670510,589513
670510,587873
670513,576244
670519,599685
670524,586003
670530,582722
670533,332847
670533,600744
670541,584067
670542,591028
670544,584529
670546,582795
670549,574243
670551,465476
670556,583834
670561,578210
670561,581226
670563,591775
670564,591438
670568,585466
670569,581540
670571,708613
670572,591829
670574,579482
670575,583894
670578,585162
670578,576699
670593,221615
670596,760160
670597,583576
670600,206242
670601,592777
670602,591513
670602,584029
670617,586113
670617,584644
670622,588164
670624,583981
670629,590080
670632,593800
670632,587943
670646,583117
670646,580452
670647,589830
670653,583748
670654,589826
670656,237324
670660,587734
670665,580953
670674,587718
670674,588070
670677,588109
670689,585325
670691,585486
670694,584261
670695,591186
670698,583391
670700,263867
670702,654584
670707,582990
670707,593217
670707,586657
670708,584052
670709,584498
670713,579836
670714,243972
670717,588635
670721,294888
670723,585617
670728,656707
670729,599607
670730,689245
670732,598279
670734,580243
670744,581703
670747,585258
670752,595108
670752,590819
670753,591588
670756,587046
670758,584859
670758,597919
670758,196110
670762,581310
670762,579703
670770,582215
670771,583867
670783,590509
670784,580464
670787,577710
670787,580177
670790,594532
670790,578376
670793,737207
670797,584973
670797,580494
670799,584616
670800,587323
670803,578280
670808,589977
670815,588882
670829,587745
670830,584337
670833,586328
670835,201513
670836,466125
670837,575428
670838,586604
670839,283062
670839,582583
670839,579129
670843,586536
670844,577128
670845,578176
670849,245306
670857,588459
670857,584194
670858,584920
670858,429919
670874,586284
670874,733774
670882,587815
670890,576205
670891,591360
670896,243947
670899,588222
670899,586101
670901,583685
670905,590834
670910,588083
670911,586715
670914,669528
670920,588130
670925,578793
670931,586356
670932,598814
670933,584173
670933,585663
670933,590003
670937,576833
670937,589415
670946,592446
670948,577670
670957,580427
670962,587157
670964,692706
670966,587259
670968,580895
670969,579843
670970,589977
670972,577329
670972,586748
670974,578809
670974,583464
670975,237795
670982,203459
670983,593783
670985,695995
670988,575502
670991,598635
670993,587238
670995,584790
670999,589318
671003,585640
671003,585850
671004,581175
671005,587473
671014,221922
671018,590269
671018,594047
671026,589697
671027,584262
671028,582386
671028,682093
671033,586943
671035,578558
671038,590753
671039,582393
671042,576541
671043,587989
671045,679575
671053,580756
671054,584538
671065,586785
671068,582290
671072,580777
671074,586808
671074,587223
671075,249073
671075,585233
671078,577666
671085,591794
671086,587083
671087,279067
671091,577554
671099,578698
671105,585465
671106,590401
671107,591079
671107,583143
671112,589178
671112,586249
671116,588163
671118,212598
671120,588731
671121,592452
671125,662124
671127,588218
671129,587566
671150,589829
671155,584003
671157,590654
671157,213947
671159,589154
671166,589005
671172,755725
671173,584542
671176,684298
671183,585114
671184,584931
671187,578593
671191,586520
671192,245343
671196,587916
671198,586974
671200,680666
671207,581771
671209,588149
671220,274021
671221,585437
671221,579536
671235,687273
671240,580267
671249,592821
671251,585877
671257,586477
671261,580611
671265,581927
671273,590458
671276,590025
671277,590470
671282,582016
671293,585709
671294,200954
671295,585214
671296,587366
671296,276994
671300,588560
671304,585524
671305,705552
671306,594566
671306,577857
671308,582383
671312,668498
671314,677733
671315,589270
671318,217427
671319,589904
671320,587925
671321,355779
671327,667729
671331,590857
671338,215597
671339,591888
671339,214205
671341,588250
671348,590330
671348,584110
671356,581894
671358,584841
671358,586699
671362,596947
671365,583231
671367,582975
671367,350352
671375,274619
671376,590464
671381,587750
671387,585235
671388,590204
671389,587806
671390,584990
671391,590010
671393,590060
671398,587161
671399,582919
671401,586175
671402,587393
671405,579079
671408,589519
671409,585515
671416,585695
671418,588558
671419,582447
671421,589044
671428,574506
671429,671008
671431,585414
671434,587817
671438,584812
671444,582631
671446,582283
671449,585157
671449,601113
671452,587632
671456,584938
671465,578942
671465,585378
671478,592209
671478,588514
671481,595140
671481,182896
671483,587190
671484,229870
671492,585680
671494,483328
671494,584873
671497,584378
671504,580359
671508,589045
671509,671468
671516,585564
671521,585210
671527,587999
671527,579229
671527,582752
671528,591166
671532,583099
671533,579542
671533,678300
671542,350050
671543,581557
671545,594798
671545,586291
671550,582042
671551,590151
671554,588078
671558,589082
671558,588571
671558,585478
671560,591972
671560,598655
671572,581106
671588,583104
671590,588213
671608,583627
671611,586975
671613,587619
671619,584150
671624,585069
671624,583282
671632,587664
671636,586797
671640,576754
671642,581586
671642,586533
671643,590629
671649,586006
671653,671042
671653,585933
671656,513870
671656,584190
671658,587372
671661,581617
671665,586880
671673,662386
671676,175362
671680,582255
671681,582897
671681,581581
671683,591749
671695,591053
671695,583908
671699,594327
671701,591709
671703,584188
671706,669163
671707,221105
671709,584569
671711,596354
671713,585153
671714,586299
671718,580135
671719,578726
671720,590341
671721,582310
671724,587280
671724,582071
671726,581944
671730,579697
671732,585812
671735,593653
671741,583932
671743,584021
671749,589844
671751,585567
671751,585539
671754,594858
671757,587718
671757,583355
671764,588953
671765,588723
671766,219802
671766,593686
671768,451988
671768,588601
671775,325085
671777,580268
671779,580464
671780,588797
671785,594905
671785,588904
671788,602443
671790,590047
671790,580441
671795,581875
671800,584944
671800,586759
671801,586904
671804,590992
671808,586150
671819,588375
671820,587581
671826,680898
671829,586482
671832,592778
671833,586553
671836,585359
671837,589587
671837,582703
671842,227880
671842,591715
671843,592982
671850,589307
671851,585979
671856,588072
671856,581601
671860,579698
671864,585537
671865,591175
671866,582590
671867,591912
671869,593989
671873,585930
671875,589045
671877,585786
671878,593445
671879,587596
671881,209122
671882,584441
671890,588188
671892,581229
671896,590441
671905,588373
671915,583685
671916,577843
671918,588744
671918,580598
671926,587666
671929,582101
671931,586958
671934,585597
671934,580079
671934,583665
671937,211303
671938,590509
671941,223231
671951,688119
671959,729456
671960,660258
671965,589527
671968,586246
671970,580901
671980,583321
671993,593978
671997,573275
671998,587414
672001,579932
672009,582622
672011,584826
672012,586119
672013,580480
672013,592018
672015,590638
672016,325020
672023,586196
672024,588700
672029,583200
672045,587949
672047,590934
672048,588144
672049,585231
672056,590234
672063,586131
672063,686832
672063,585158
672068,583388
672073,584629
672073,449630
672074,578632
672075,581316
672076,582212
672077,576994
672086,297704
672088,580441
672094,237086
672095,587711
672097,593228
672100,585902
672103,583590
672107,581768
672120,585660
672125,584814
672127,192144
672128,585046
672129,584699
672132,586564
672133,586487
672133,580839
672140,583726
672142,568237
672143,224162
672153,190745
672158,586125
672158,587742
672160,530199
672161,593690
672162,581594
672165,208845
672179,582108
672183,211884
672187,590122
672206,585065
672208,498035
672221,589936
672228,590161
672228,584982
672229,584363
672232,583496
672236,578813
672240,595188
672240,582352
672242,584096
672246,582182
672246,460732
672259,583341
672260,584216
672264,593205
672267,679285
672270,205092
672271,588413
672274,585966
672275,595133
672276,221787
672276,578757
672277,597402
672277,590806
672279,586780
672286,585484
672288,229376
672291,582388
672295,583277
672299,580912
672305,588151
672306,585998
672312,586615
672312,588731
672316,584688
672317,582518
672318,593929
672321,579225
672322,217625
672325,581867
672328,584515
672333,584613
672334,583950
672338,580365
672339,592333
672339,586870
672341,590965
672346,585091
672348,582200
672349,595592
672349,581965
672349,580094
672349,582594
672353,585099
672354,584113
672359,585534
672361,590308
672361,590723
672362,595093
672367,583085
672375,585902
672376,591479
672376,583732
672377,590164
672378,594550
672381,593504
672389,595059
672390,232932
672401,676364
672401,582655
672403,587091
672415,587168
672419,584404
672421,588780
672425,588400
672427,587541
672427,701164
672429,225911
672430,583701
672432,595536
672434,582362
672440,592787
672449,582900
672455,583332
672456,578677
672457,594763
672457,578953
672460,591497
672463,588694
672464,577850
672468,232187
672469,317495
672477,590679
672478,584366
672483,590944
672485,588173
672488,589341
672490,589019
672490,587401
672493,329362
672499,587619
672501,591056
672501,581983
672503,593511
672504,585546
672510,581594
672511,590896
672511,591731
672512,583004
672519,590460
672525,583670
672525,605013
672525,580796
672533,602288
672534,580747
672535,586561
672535,593322
672539,590802
672541,586136
672542,582084
672543,664296
672548,587534
672550,584412
672554,581232
672555,588411
672561,224701
672566,583267
672569,580996
672571,582154
672573,581580
672576,586994
672576,580270
672578,575726
672580,582333
672581,594420
672581,590203
672584,586859
672587,585158
672591,586297
672591,586384
672595,586384
672595,580463
672600,584476
672612,580595
672614,587763
672626,578473
672628,585600
672646,591526
672647,237732
672652,583586
672657,588892
672663,696679
672666,583393
672678,580373
672684,594254
672693,585922
672695,584878
672700,260451
672701,578716
672702,588976
672704,583400
672711,584727
672713,588638
672715,210663
672715,581468
672718,667950
672719,581566
672719,582017
672720,584949
672725,583918
672730,585217
672733,582678
672741,592894
672742,680023
672750,580554
672756,322662
672760,585087
672763,590979
672764,585876
672764,589840
672767,589421
672768,686509
672777,214966
672780,582024
672782,582459
672787,580265
672791,589433
672796,595681
672798,647354
672799,580129
672802,586036
672803,158055
672806,672540
672808,586755
672814,586146
672815,592435
672820,576677
672820,678951
672823,674737
672823,583166
672825,588856
672834,583142
672834,584509
672836,585258
672837,676737
672837,583583
672840,602652
672847,581224
672847,589661
672848,589979
672848,586751
672852,589842
672855,233100
672858,588532
672864,581820
672865,484597
672868,583913
672869,588985
672871,587497
672871,593015
672878,589273
672885,589293
672891,590726
672895,594332
672896,593706
672899,584393
672901,571787
672907,585535
672910,586717
672910,582108
672911,594208
672915,229199
672918,588458
672918,192049
672921,588066
672924,581944
672926,588817
672927,587778
672931,590295
672934,585639
672950,248092
672951,595533
672956,585361
672957,589901
672958,584011
672959,583326
672960,577201
672961,656172
672961,586333
672962,592113
672972,588134
672979,589201
672982,140170
672984,577359
672987,586826
672988,594012
672988,588423
672994,654077
672998,587680
673002,594064
673010,714419
673012,732525
673015,588212
673015,592807
673019,587559
673021,593692
673024,584815
673026,586587
673027,586812
673030,587750
673031,582272
673051,589197
673055,589216
673059,454482
673066,591603
673071,578594
673075,585239
673076,688471
673080,583904
673090,587097
673102,239148
673103,584243
673103,584553
673106,198948
673107,224932
673111,589004
673113,596502
673114,589011
673122,663840
673123,588095
673125,220881
673130,277054
673131,182222
673133,589501
673133,593747
673135,585863
673143,578467
673145,579051
673146,588531
673146,591415
673152,585160
673155,586708
673155,585278
673157,644693
673157,504092
673158,581735
673159,583734
673159,583850
673161,579404
673162,584768
673163,582940
673164,683293
673165,583758
673165,583458
673171,580687
673183,593459
673188,583767
673190,595772
673190,600509
673192,583022
673192,588436
673194,589243
673197,586177
673199,669502
673201,582312
673205,582274
673209,582875
673211,590017
673215,587625
673218,670100
673220,584292
673224,580466
673225,491229
673227,588791
673228,588184
673230,692121
673230,588062
673233,588343
673242,588590
673243,586821
673244,585150
673253,589633
673253,591074
673254,586407
673256,586065
673257,581747
673262,580272
673270,586538
673270,588149
673271,579467
673277,242996
673279,667665
673281,445309
673283,709359
673283,581811
673287,590271
673288,588959
673289,582499
673293,583096
673304,586678
673307,592845
673307,587537
673309,577867
673313,590360
673316,584803
673317,578290
673322,209574
673323,580045
673328,590300
673329,585340
673331,579547
673333,601271
673334,589847
673334,589970
673336,586810
673344,586771
673347,583355
673347,590732
673348,576822
673348,708449
673349,582001
673353,586564
673354,659869
673354,229837
673357,582185
673357,580034
673360,587735
673360,233212
673363,582902
673363,587978
673363,594585
673365,593734
673366,592583
673368,589940
673368,586393
673369,581406
673381,584318
673390,586057
673391,591519
673391,689118
673395,585209
673396,243008
673404,584443
673409,578427
673411,595256
673411,588023
673416,248303
673423,585904
673424,589359
673425,575302
673426,588995
673427,593063
673431,589413
673432,594891
673433,583049
673434,578917
673436,679657
673436,591301
673439,580442
673443,584939
673449,579804
673451,594326
673451,586291
673456,592136
673464,586909
673465,590063
673466,252612
673466,584858
673467,587083
673467,582526
673468,592148
673475,586617
673477,594016
673478,584278
673484,585528
673490,582094
673500,577964
673500,586564
673501,594731
673502,583327
673507,582556
673509,238534
673512,590463
673512,585309
673512,588467
673524,586386
673525,706309
673527,584488
673536,580326
673543,209932
673550,591538
673552,583438
673554,679621
673557,677094
673558,584483
673559,576215
673559,581354
673559,595302
673560,588189
673562,694177
673564,594910
673567,586592
673571,594308
673574,286304
673582,587396
673584,587749
673586,593906
673593,670023
673596,585475
673597,586513
673603,577117
673606,208993
673618,584244
673619,579636
673623,212862
673623,695408
673627,588735
673627,583652
673628,583137
673629,582932
673629,585663
673631,588138
673641,575286
673641,587489
673643,589990
673644,693455
673649,687987
673654,581475
673660,262502
673662,585956
673662,590790
673664,587473
673671,592807
673673,572692
673676,584405
673685,584519
673686,586413
673688,584043
673689,584502
673694,586216
673696,595863
673703,583761
673704,581272
673704,595067
673705,581606
673705,467397
673709,583690
673712,588266
673718,592556
673721,581612
673721,586142
673724,585899
673726,707501
673730,204892
673745,705354
673748,581766
673751,593365
673761,659479
673767,604366
673768,581620
673768,584127
673771,583687
673777,579594
673787,597019
673791,578343
673792,585295
673793,589649
673806,578177
673806,587866
673809,277019
673812,591982
673814,708191
673819,690537
673831,670103
673840,583678
673847,593406
673847,583147
673850,589930
673862,208990
673869,582424
673869,666956
673876,586210
673881,585587
673883,585703
673890,584687
673893,599492
673895,593364
673900,585865
673902,582659
673902,597594
673903,584645
673903,584803
673904,580927
673906,590324
673908,582552
673908,584307
673910,579163
673914,585925
673919,582126
673920,580653
673923,589473
673924,582697
673926,579547
673930,587477
673939,582896
673940,583234
673946,591171
673947,588949
673948,589532
673949,583240
673950,580954
673957,583545
673959,580760
673963,584313
673966,591776
673970,592326
673970,593229
673976,583740
673977,585812
673979,590311
673980,591589
673988,583950
673989,597998
673989,202052
673990,582758
673994,588963
674000,592110
674009,581911
674011,566977
674013,580751
674014,578083
674015,582048
674022,596554
674032,224597
674032,578228
674033,591859
674039,586268
674041,210686
674042,590024
674051,575921
674052,581566
674053,587855
674054,197587
674059,588064
674065,588475
674066,594623
674066,580217
674072,584686
674077,595927
674079,582647
674081,593069
674082,583321
674084,584151
674086,579054
674088,586966
674095,582134
674096,584181
674096,588302
674098,678083
674102,584648
674104,591101
674111,574819
674112,593905
674113,581014
674121,259594
674122,591620
674122,671955
674122,580049
674123,583567
674123,582127
674124,593221
674128,584358
674132,597165
674132,586561
674136,590829
674137,584850
674138,304117
674141,596917
674156,672655
674161,580817
674162,578868
674162,589778
674167,579992
674167,593691
674169,585217
674171,585227
674176,584517
674177,579496
674178,593236
674180,217161
674184,592149
674184,455379
674191,210205
674192,585306
674197,599183
674199,578094
674201,587469
674201,583821
674206,590067
674206,581968
674213,585985
674213,592460
674217,696250
674217,577625
674219,676562
674224,589744
674224,588797
674230,591920
674235,583578
674235,236676
674237,588173
674237,584917
674239,230168
674239,587685
674249,236577
674250,580557
674253,579398
674256,593156
674259,586854
674261,592926
674262,594703
674263,587224
674264,593347
674266,690674
674266,585061
674268,590188
674271,579243
674271,586487
674276,689724
674298,591664
674298,583024
674298,584216
674301,587739
674303,587206
674310,582716
674319,584682
674319,585755
674324,585191
674329,676280
674339,587521
674340,581046
674342,588925
674352,581113
674355,581961
674355,681157
674358,662349
674361,587344
674363,591106
674367,304932
674369,584641
674384,590460
674390,600794
674395,583681
674396,581669
674405,585059
674406,586985
674406,580795
674419,667763
674419,595997
674419,688462
674420,674258
674420,587101
674432,577200
674433,582910
674437,593253
674438,586993
674438,584320
674447,584599
674447,587905
674449,692250
674453,584162
674470,581870
674472,234364
674476,586048
674482,583544
674486,594278
674487,586689
674487,583478
674491,584369
674495,584734
674498,588946
674500,589871
674504,583074
674504,582500
674507,586638
674509,594213
674513,591893
674520,191588
674526,583631
674529,583880
674530,581736
674531,577192
674550,579266
674550,588500
674552,587661
674554,588419
674555,584722
674559,298138
674567,582196
674567,589144
674568,588884
674570,580403
674570,581570
674584,688989
674585,599701
674586,590947
674592,676345
674595,687753
674597,685210
674597,584062
674598,365211
674601,583391
674601,590075
674601,586527
674604,586844
674608,583974
674612,268555
674613,592086
674622,585538
674628,577917
674629,585089
674630,578558
674632,584686
674636,580280
674639,585987
674647,583718
674649,579032
674653,573159
674653,592546
674657,583332
674666,578919
674671,588077
674678,593066
674683,586616
674684,755650
674684,589756
674686,592703
674692,689588
674695,584836
674696,589437
674699,591191
674701,582969
674706,593657
674707,589123
674719,590113
674721,580821
674725,586281
674726,581678
674728,590102
674731,585803
674731,583845
674734,580694
674736,579387
674743,584519
674748,656918
674750,592609
674754,583109
674762,590500
674762,601597
674763,583804
674767,587940
674775,590720
674778,596408
674797,585504
674797,347600
674802,257426
674813,664476
674815,589906
674818,593449
674824,674743
674825,583681
674825,589476
674827,743802
674829,591619
674835,584786
674838,585536
674842,590738
674842,580904
674845,583231
674846,589968
674863,579733
674863,224516
674864,594669
674865,597398
674868,588086
674870,192403
674873,586994
674874,597041
674876,585105
674882,588477
674882,584246
674896,501505
674902,586903
674909,591277
674920,582321
674920,586077
674921,579084
674935,595987
674949,587662
674953,588516
674960,578406
674961,587798
674967,588073
674972,581147
674975,224213
674976,682314
674976,584354
674982,225328
674982,583920
674983,211521
674988,580479
674994,596663
674998,588541
674999,592191
675008,674306
675012,585058
675021,587406
675024,587709
675025,585002
675027,582153
675029,587551
675035,583282
675036,581462
675040,589085
675043,582606
675050,585116
675054,591667
675054,581035
675060,583395
675063,586393
675068,586247
675078,585954
675084,486737
675085,583392
675090,585072
675095,585607
675098,596183
675106,591603
675114,585046
675117,585555
675121,593471
675121,601145
675123,589641
675123,578304
675125,692155
675127,594289
675127,594475
675132,585708
675134,582429
675136,688506
675139,690691
675139,584800
675141,580514
675149,214979
675152,584423
675173,578628
675180,591856
675186,588972
675187,595572
675193,585818
675197,675220
675197,588410
675198,198577
675199,530177
675201,589456
675206,580892
675215,582535
675220,579306
675223,586398
675225,585042
675227,587525
675230,587322
675233,584243
675237,588710
675238,228534
675240,681440
675247,586252
675256,660677
675257,581092
675258,202119
675262,580751
675263,585156
675267,686054
675267,591859
675276,585603
675280,586400
675287,589675
675293,586969
675300,582733
675302,684198
675303,584113
675304,598558
675307,689509
675312,583407
675318,579301
675319,585414
675324,587645
675325,578484
675326,593878
675346,585005
675352,585354
675370,587939
675371,309452
675373,578720
675373,591554
675377,686790
675387,585070
675387,683756
675394,587801
675396,579724
675400,584427
675404,582826
675404,594481
675406,586403
675412,583115
675417,591616
675417,587055
675417,664856
675432,582941
675436,583123
675437,586086
675445,595211
675446,582039
675457,739119
675461,580684
675462,589885
675465,586583
675466,581143
675473,585587
675480,590863
675487,594271
675491,582974
675493,579061
675495,586789
675505,584232
675510,686054
675515,583617
675519,598243
675519,587715
675522,588714
675523,233835
675524,584579
675529,593983
675532,582906
675534,585198
675540,581907
675541,581192
675544,588577
675545,583700
675545,578616
675546,585310
675557,589198
675565,341639
675576,588845
675576,586444
675586,580731
675588,287295
675589,579744
675591,587819
675595,575620
675596,579751
675608,687980
675616,591078
675623,581373
675624,589610
675627,586594
675633,584763
675633,687797
675648,587350
675649,586608
675650,582381
675653,573221
675653,591173
675661,585197
675662,581922
675663,578254
675668,586600
675669,581086
675671,582921
675678,582945
675679,210568
675683,588643
675686,590831
675690,584815
675698,583282
675699,225995
675699,594730
675704,590371
675711,587571
675720,582494
675722,579255
675722,593384
675726,581945
675729,590978
675733,594956
675733,593273
675736,585640
675737,204698
675747,696610
675750,585318
675750,582180
675756,593954
675757,588139
675771,220153
675773,583082
675778,586124
675789,587629
675791,579877
675797,585717
675798,191623
675803,592280
675807,582367
675816,662946
675819,592529
675832,235170
675834,594768
675834,582147
675834,294040
675835,588549
675843,583434
675859,674608
675864,601051
675868,689985
675869,586293
675872,575998
675876,585839
675882,597376
675885,584942
675891,579422
675898,585734
675905,200087
675907,597347
675916,583765
675921,591299
675927,583841
675937,584347
675938,591441
675950,589997
675955,584053
675959,663864
675960,573860
675963,585106
675965,581997
675969,586308
675972,587846
675980,594047
675985,255034
675988,586666
675993,670896
675996,592587
676000,587545
676000,588499
676004,583369
676005,578007
676006,596088
676007,593277
676013,579765
676016,258566
676019,689552
676022,332880
676024,582045
676031,584293
676033,674667
676038,589285
676042,230024
676043,588330
676044,583735
676052,593399
676058,583466
676058,584088
676061,588184
676069,578012
676069,592877
676071,583898
676072,588493
676074,591362
676082,581591
676088,583536
676092,583523
676098,578967
676122,584968
676125,582658
676125,583381
676128,586855
676131,579471
676155,579347
676156,587867
676160,590055
676162,190301
676169,584825
676170,232142
676178,210639
676180,251546
676180,586885
676183,582240
676192,593340
676196,580680
676210,591953
676213,688053
676214,587257
676220,581580
676223,585162
676229,583759
676243,640898
676255,590583
676261,247265
676272,584445
676273,587980
676278,590087
676279,592599
676285,589578
676285,582634
676286,589226
676288,586075
676291,228456
676294,580740
676296,576336
676316,586083
676322,578894
676329,590242
676337,585017
676347,217885
676347,589845
676349,583341
676369,586542
676372,591637
676372,583266
676387,685698
676391,267979
676398,598530
676406,578966
676410,587379
676413,586159
676413,582654
676414,597074
676415,585060
676416,675974
676434,588533
676437,576091
676440,207265
676441,581140
676450,587685
676452,583281
676456,580825
676468,582526
676468,591812
676470,589576
676482,589156
676488,589714
676491,587914
676504,594534
676505,581254
676505,583901
676507,579946
676507,586656
676520,582146
676521,694116
676522,586977
676525,306009
676525,591930
676530,591753
676532,586178
676536,590474
676538,584317
676547,581399
676548,580589
676550,581833
676550,238903
676556,580509
676557,227337
676560,596414
676563,227822
676565,579303
676568,675203
676570,583496
676573,586835
676578,683757
676582,585134
676585,588750
676588,170724
676588,574960
676590,584517
676596,580474
676614,590490
676620,588193
676621,230039
676630,586064
676633,706456
676651,582802
676657,670619
676666,680004
676691,577144
676691,579366
676691,583626
676697,585871
676703,197148
676706,587744
676723,579480
676732,588090
676735,696800
676736,586783
676738,594483
676742,581316
676751,586425
676766,591415
676773,584906
676774,585709
676774,584266
676782,582308
676786,583236
676794,580921
676794,586598
676797,589968
676802,585220
676807,583657
676810,682531
676819,594887
676823,576502
676823,214771
676825,580780
676827,592243
676828,585322
676830,595410
676834,670537
676851,586671
676874,589498
676885,592820
676893,471449
676894,596123
676916,590143
676916,207783
676927,686050
676927,591102
676942,584612
676947,589607
676965,585152
676970,226309
676977,340659
676984,581640
676985,585883
676990,581646
676997,306352
676998,243674
677000,198743
677001,674780
677020,587662
677021,596692
677021,582588
677034,585748
677043,576905
677044,582841
677049,588205
677051,583524
677054,587641
677054,590947
677056,580150
677064,642381
677071,580248
677075,588584
677075,591219
677082,585376
677083,583950
677099,583136
677103,580923
677108,674639
677110,678408
677120,580660
677121,671914
677126,589504
677132,669650
677136,196697
677137,590259
677138,583183
677141,662839
677153,672810
677155,582237
677162,581274
677183,584701
677186,588042
677190,593390
677191,591710
677197,576748
677215,511699
175247,875764
175249,880222
175265,326116
175288,865529
175311,848754
175313,904831
175321,333973
175341,316685
175345,868703
175348,872658
175361,870178
175363,318390
175365,895093
175399,877771
175413,329736
175429,323222
175454,335732
175454,857023
175460,336226
175470,335567
175482,314711
175497,877976
175502,884456
175511,335780
175512,320889
175521,873577
175525,892268
175531,319092
175537,860305
175579,916475
175583,332212
175598,861308
175605,318232
175615,873225
175621,330625
175629,909511
175644,864110
175651,869875
175662,856495
175682,796154
175714,858730
175724,325420
175730,330230
175732,317277
175755,873195
175766,894526
175769,315609
175770,324890
175774,331635
175791,881325
175800,327930
175846,330926
175878,853012
175887,856213
175916,864812
175952,888910
175953,854934
175956,307585
175962,327830
175966,306170
175968,337215
175971,314351
175985,863400
175995,884316
176004,320895
176020,856338
176036,335410
176039,324139
176053,317858
176066,870692
176095,333703
176097,325563
176110,312435
176121,873122
176123,884527
176137,328469
176147,329826
176154,902933
176160,869492
176206,887397
176218,788325
176236,334332
176241,910963
176248,836638
176253,849791
176255,331318
176262,332602
176304,322969
176321,331794
176325,850283
176332,883970
176337,888590
176345,860748
176349,337138
176349,327247
176384,876663
176387,335620
176391,891060
176406,861184
176414,327597
176422,857309
176426,884460
176438,878683
176444,874009
176455,316495
176464,878734
176467,326628
176471,876238
176478,880836
176482,324743
176482,898613
176494,321671
176496,875976
176503,329200
176504,324657
176506,879673
176507,887611
176509,882307
176532,327239
176537,883443
176546,339605
176546,878207
176549,872015
176551,867225
176567,871337
176569,889951
176583,332537
176587,871586
176596,320672
176600,880229
176614,906511
176630,317603
176633,890284
176656,328440
176671,869226
176673,316933
176712,317018
176713,869761
176723,314772
176725,871831
176755,844370
176805,330147
176808,859449
176823,876377
176829,325867
176833,872335
176833,890649
176850,324132
176857,335042
176869,884952
176907,863754
176922,323516
176928,323282
176932,313122
176933,321352
176938,328601
176948,881988
176989,323737
176991,853238
177000,874764
177002,876911
177004,328765
177012,868630
177036,319855
177053,872740
177056,338418
177070,878995
177070,865701
177086,837018
177089,875558
177099,866564
177101,861971
177109,859961
177130,870333
177136,854257
177136,868786
177145,336157
177146,882460
177175,320609
177176,882909
177179,317198
177184,837679
177194,899719
177195,322223
177209,907278
177217,797524
177217,337676
177224,883956
177225,888263
177228,313378
177229,327781
177234,881024
177241,894780
177241,335071
177244,329383
177251,866384
177255,856677
177255,881401
177263,866062
177291,882114
177328,874633
177328,337945
177332,885741
177334,310984
177338,890079
177349,340488
177361,323426
177376,324656
177390,881260
177459,313068
177470,868545
177478,837842
177481,859183
177488,886909
177499,334183
177510,327441
177511,854285
177518,900396
177520,314220
177520,326704
177521,313116
177534,867827
177535,326697
177549,333437
177576,880399
177591,861163
177594,864080
177596,873158
177601,884095
177604,893526
177606,313915
177609,868035
177614,326607
177620,323483
177626,317113
177631,327751
177632,327113
177650,862942
177661,326744
177662,870152
177675,328675
177676,798787
177677,899268
177680,330282
177685,322465
177700,332740
177715,871775
177726,327071
177729,314877
177740,884534
177755,320009
177765,880432
177771,886658
177777,329933
177784,317342
177785,316585
177806,327213
177819,325415
177820,873791
177828,873859
177861,902733
177864,329447
177870,900375
177881,867259
177881,879852
177888,340846
177889,331450
177922,871009
177937,319408
177942,874464
177954,329817
177967,325742
177980,311136
177986,814884
177991,873870
178000,335537
178001,321188
178007,320389
178032,873791
178056,316058
178069,865944
178082,881841
178089,865958
178119,867526
178122,886532
178148,880752
178167,857553
178173,860273
178175,330824
178176,876776
178182,849879
178192,326532
178196,337750
178218,872595
178228,885718
178236,330974
178237,888809
178242,329323
178243,333753
178260,330408
178268,877430
178287,323223
178297,900674
178311,345082
178312,894214
178316,851880
178317,332034
178319,884159
178326,316854
178330,322159
178335,854657
178336,330868
178341,892915
178352,337834
178356,329060
178369,888387
178369,867637
178370,893502
178382,887160
178396,328965
178401,850657
178405,867295
178427,324416
178445,892510
178446,815994
178451,841593
178479,330752
178486,867840
178493,332781
178496,878723
178512,326081
178524,896649
178535,869126
178545,876621
178555,884559
178566,332340
178568,333182
178592,881231
178593,336298
178613,883978
178623,859991
178628,862557
178643,878614
178645,878168
178669,886060
178670,877858
178672,332981
178678,792401
178685,329696
178691,322637
178707,878981
178724,873162
178728,337060
178729,897379
178730,898342
178746,327016
178747,864792
178759,325568
178760,318528
178775,893239
178786,871637
178787,321024
178789,869872
178789,792642
178792,880834
178792,328702
178792,324023
178810,334636
178812,326958
178819,881267
178841,333262
178844,907070
178856,891166
178863,322734
178865,320146
178888,879537
178899,330557
178904,866073
178933,326249
178939,879325
178949,908077
178956,884522
178971,894367
178978,888583
178992,324352
178999,884842
179006,889417
179007,885050
179021,326645
179023,872823
179026,323823
179027,321362
179028,870842
179029,827669
179042,332112
179062,333570
179065,872882
179087,890973
179108,874385
179126,868369
179127,887383
179145,868353
179150,869994
179154,896146
179159,873157
179161,823480
179167,880486
179172,893002
179189,895015
179214,337372
179237,866934
179253,861038
179257,334177
179257,323900
179257,313759
179274,880621
179295,889485
179298,326014
179300,881084
179300,874918
179304,868147
179309,881154
179322,331251
179326,874810
179329,856020
179332,863857
179394,800736
179402,337088
179410,872617
179413,870503
179427,873445
179433,898220
179440,881664
179471,333533
179477,877617
179482,331695
179504,882657
179515,327081
179519,875348
179531,315422
179534,338484
179559,329194
179560,789692
179569,333698
179579,884801
179595,846220
179598,829758
179602,865264
179606,869616
179606,325135
179621,325760
179626,854034
179627,316614
179629,871132
179633,807947
179641,860811
179650,870179
179656,325265
179658,888247
179665,331159
179690,896321
179696,881734
179707,855156
179743,886193
179746,817304
179748,327837
179779,909011
179783,869080
179793,882380
179794,871552
179797,865235
179799,804431
179805,334732
179807,319614
179807,884895
179809,334877
179834,778688
179840,342328
179850,326610
179850,878289
179858,887144
179869,875742
179877,881482
179878,307345
179891,328642
179913,879753
179917,866156
179921,321938
179924,889843
179935,324844
179937,877148
179937,890066
179941,904721
179946,332783
179949,619604
179949,877186
179958,876850
179964,843933
179964,885197
180001,886768
180002,877189
180030,331529
180041,858451
180051,865983
180063,829791
180063,869681
180096,887989
180099,875604
180122,866370
180124,877647
180150,863446
180174,846927
180181,342683
180204,864844
180206,860639
180215,879155
180228,341532
180229,321447
180236,328172
180238,883006
180245,864283
180257,863287
180262,325399
180268,339550
180298,892182
180318,874184
180323,881842
180324,890408
180359,304779
180366,336696
180367,903732
180375,871304
180379,862114
180379,325788
180392,890650
180395,331252
180398,317716
180421,305434
180431,327730
180433,876176
180445,870228
180456,869864
180458,332404
180458,843080
180460,881744
180464,885652
180472,868770
180472,802913
180498,870396
180500,878557
180502,877282
180508,889619
180536,853185
180555,857057
180559,869816
180590,333894
180599,331264
180602,341293
180629,873416
180634,321916
180652,882325
180667,860432
180679,337244
180708,322823
180731,330558
180733,900420
180737,332712
180745,878505
180756,890739
180764,879076
180777,871629
180788,876320
180790,872848
180795,883520
180795,331639
180800,326473
180802,319443
180805,877691
180806,901525
180806,322134
180808,837316
180820,317903
180823,884184
180834,885671
180893,884355
180893,886817
180900,881098
180916,868236
180916,874422
180923,866132
180927,328474
180934,882585
180942,771633
180970,313365
180984,866399
180997,869817
181004,875511
181016,876819
181022,320536
181038,879260
181045,333341
181054,827551
181059,883775
181075,890136
181076,880688
181082,878229
181087,882711
181094,881951
181103,316227
181133,876332
181149,872712
181161,878842
181171,328724
181173,333731
181184,868138
181185,848067
181189,902231
181196,327133
181202,846209
181205,336778
181210,335833
181221,861893
181224,893528
181225,852880
181244,898122
181246,344343
181250,920189
181253,345356
181256,872944
181258,331487
181260,884544
181264,336517
181268,872651
181281,872278
181285,884576
181286,887472
181288,872853
181293,330271
181294,337018
181295,894882
181296,888731
181311,871204
181325,880809
181327,862426
181336,883026
181341,854347
181363,870532
181364,873909
181365,335474
181376,808970
181391,876981
181405,878330
181406,890284
181407,854582
181409,893781
181421,318575
181437,856213
181438,858227
181446,871085
181455,324338
181459,882794
181462,846646
181463,873058
181470,863953
181475,871993
181483,343831
181489,878054
181499,334735
181510,333818
181525,868041
181545,332971
181546,325094
181561,879288
181563,849583
181570,317190
181573,874215
181579,331395
181592,894445
181613,872517
181615,879520
181619,812364
181622,854499
181626,877053
181632,858479
181639,862579
181639,308255
181652,890001
181656,321480
181660,862737
181660,330791
181685,881691
181688,319216
181698,320095
181701,320870
181706,871182
181717,865603
181738,317502
181746,313929
181759,809713
181771,810987
181773,875061
181779,877415
181789,879061
181790,864364
181828,878728
181837,847496
181849,813989
181850,852484
181852,881884
181854,321482
181880,875135
181880,863866
181894,876604
181894,876180
181899,877486
181902,338318
181915,343326
181923,329361
181929,881188
181937,334168
181954,338950
181955,315182
181959,874086
181964,838473
181981,874860
181985,880434
181990,313271
181992,897144
182004,887588
182019,871825
182034,878603
182039,889690
182042,915638
182043,890042
182050,883823
182050,888892
182053,335718
182055,877944
182058,881052
182059,871339
182064,880423
182071,884689
182074,878254
182078,880977
182081,318383
182096,328284
182100,865162
182108,326852
182123,873503
182136,878687
182143,873463
182149,325812
182150,887313
182154,323431
182163,878966
182168,318541
182184,880789
182194,319630
182196,881613
182207,865424
182214,883184
182215,320942
182227,325813
182235,868767
182237,870352
182246,858768
182249,328932
182256,873471
182275,878051
182279,341159
182280,875678
182284,880494
182285,328532
182291,894134
182295,314648
182310,874060
182310,315634
182323,320984
182325,883608
182347,325031
182360,877144
182370,800838
182372,784727
182387,872396
182387,328439
182420,875308
182421,323205
182423,330177
182423,869732
182430,329733
182455,863878
182457,879082
182467,832188
182472,896654
182484,878512
182485,342855
182500,876831
182501,314274
182505,876428
182513,863944
182529,858846
182529,858393
182530,867716
182533,895336
182544,886582
182550,876914
182568,889880
182579,880735
182591,846155
182603,340504
182609,869609
182621,315724
182628,881830
182631,881088
182636,875885
182638,886726
182640,878387
182647,886374
182647,325362
182654,882440
182678,860859
182685,881309
182690,864781
182705,874334
182710,890753
182717,874332
182718,885894
182722,864126
182746,876272
182766,329316
182775,861008
182786,873656
182787,887307
182795,914710
182796,887650
182797,877801
182808,869404
182829,890783
182836,334059
182852,881616
182859,877274
182861,332519
182866,834790
182874,791357
182876,870879
182876,335313
182880,872843
182880,881268
182919,893999
182920,866491
182964,878626
182968,879131
182975,860354
182980,870122
182987,334360
182988,875918
182993,880840
183010,886492
183012,879246
183014,870482
183027,843942
183033,873494
183042,871701
183047,858101
183057,878091
183061,847582
183076,871490
183076,890884
183096,325673
183100,327596
183103,871934
183105,878597
183106,869256
183108,885390
183108,340135
183119,872951
183119,878622
183146,318250
183146,865611
183149,324201
183163,881539
183171,322970
183185,786670
183190,880851
183200,334976
677232,579590
677236,578231
677242,589057
677242,584113
677243,581232
677244,586846
677247,218890
677250,684921
677253,682494
677258,580800
677260,581301
677264,591508
677267,584406
677273,284882
677279,605189
677281,326563
677282,587408
677285,590180
677286,587181
677292,587422
677295,584930
677295,254389
677296,590810
677308,593574
677313,311553
677314,587858
677320,584301
677324,680964
677327,585339
677328,681362
677329,591631
677338,590702
677339,588100
677348,587943
677352,585913
677356,585850
677360,593580
677364,584630
677366,576368
677369,593317
677370,587239
677375,583686
677384,587462
677394,578659
677394,343948
677397,275259
677409,584551
677411,579771
677417,591845
677421,583570
677437,597257
677452,590474
677456,584387
677460,692053
677466,583687
677477,268725
677479,586791
677482,586081
677483,584657
677490,586250
677506,584844
677508,583546
677509,578498
677517,583759
677519,591010
677528,587079
677528,575093
677546,581742
677548,593043
677567,221177
677569,689816
677572,585864
677575,680622
677579,594447
677595,592985
677625,678392
677628,590950
677634,182182
677638,284339
677639,579650
677643,595393
677644,701775
677651,587430
677653,579376
677658,578567
677667,665530
677673,588434
677675,588215
677677,587359
677682,591633
677690,589146
677695,589119
677703,575523
677733,580750
677744,668211
677751,586640
677755,595545
677761,586541
677763,493661
677768,589046
677774,673040
677778,582519
677783,585090
677785,591395
677786,595839
677790,580649
677792,336264
677796,581260
677800,577736
677819,582130
677849,579124
677854,593038
677860,579003
677861,584213
677865,255821
677872,288353
677880,585779
677883,591677
677884,174027
677887,583993
677889,583603
677897,694535
677902,582067
677904,583567
677905,776870
677923,577420
677927,582274
677929,593036
677931,588832
677936,593417
677942,585785
677945,674678
677947,658774
677962,404698
677976,689063
677976,581067
677981,581953
677986,585817
677987,581685
677992,579127
677992,701909
677996,699309
678004,592880
678004,590064
678024,579789
678026,570973
678027,585925
678028,589082
678029,583294
678030,268003
678040,702402
678054,591759
678059,677531
678067,581025
678072,587465
678076,578605
678076,588583
678091,592818
678105,593626
678107,591465
678113,715175
678117,686931
678124,583263
678129,591484
678144,224445
678166,583447
678191,578212
678193,584326
678197,580344
678233,585405
678258,587517
678269,581195
678277,582669
678282,706345
678283,589840
678287,221113
678294,580559
678313,577715
678324,700428
678333,583520
678338,589142
678347,583690
678357,404234
678358,582139
678366,580628
678368,536727
678369,589446
678379,694963
678386,593092
678397,599542
678405,686541
678415,236982
678428,590194
678430,586407
678437,575396
678445,580445
678447,582492
678451,661721
678460,590083
678465,689963
678466,592436
678475,585080
678491,256934
678492,697283
678496,580780
678499,587710
678511,662952
678511,686744
678515,206846
678517,242754
678520,579900
678523,588045
678536,202295
678536,690894
678540,297292
678553,583926
678557,584516
678564,252247
678576,583274
678581,576921
678614,585526
678621,701800
678626,584008
678639,587181
678646,238434
678653,701937
678653,588868
678655,584185
678659,221940
678660,690184
678668,582106
678674,585273
678681,585375
678704,581654
678707,701400
678721,473487
678723,578320
678727,245147
678731,704089
678745,246860
678747,677505
678759,589417
678767,246734
678787,596234
678799,528321
678808,666075
678812,583660
678819,589528
678833,581422
678834,733435
678839,588014
678843,578447
678846,670604
678847,577305
678848,593109
678861,582282
678870,584253
678871,583167
678877,583458
678901,590654
678902,276938
678902,599336
678911,579875
678917,690186
678924,657133
678973,664755
679000,682374
679003,580924
679004,362190
679012,583261
679015,657848
679022,237143
679034,216297
679057,192849
679082,589740
679083,711590
679086,589721
679087,590356
679087,585360
679090,589474
679098,580396
679098,576955
679098,589738
679101,580949
679102,590121
679106,675536
679130,585069
679139,283701
679141,244467
679157,196869
679160,584499
679164,578764
679179,587941
679180,701036
679184,707824
679190,583556
679190,584318
679213,580103
679242,676564
679244,589076
679245,210697
679245,582718
679255,589273
679258,298538
679284,591175
679287,759912
679291,576176
679295,586864
679300,591310
679300,324018
679322,589881
679332,684969
679351,587463
679358,591907
679362,685823
679366,215841
679372,298319
679373,585498
679376,594273
679377,584778
679380,594932
679384,663796
679394,403106
679400,581612
679412,136145
679425,325037
679427,396980
679433,537384
679437,213575
679457,683791
679462,275991
679462,584007
679465,673705
679466,588393
679476,596544
679480,581500
679483,599087
679499,574490
679508,579466
679511,256000
679522,583494
679552,587971
679555,582424
679557,589535
679560,588400
679586,580253
679587,702616
679607,588465
679621,681054
679627,691360
679667,690620
679679,582792
679687,584550
679691,674405
679699,579144
679710,586823
679743,588475
679748,683681
679749,592393
679772,689666
679783,586208
679785,687582
679794,583477
679803,293406
679808,591654
679809,247885
679825,653970
679830,136102
679837,694132
679849,584229
679852,697299
679853,589436
679861,582969
679862,405210
679893,232067
679893,586026
679893,685886
679913,591659
679917,106365
679920,680707
679930,585812
679937,586003
679946,294327
679946,401591
679957,599345
679958,578960
679960,349403
679971,577308
679976,678154
679995,589339
679999,663753
680002,665505
680030,508929
680039,595349
680042,582898
680042,254581
680057,600146
680080,587427
680099,726007
680100,593017
680100,580039
680124,587660
680147,197498
680148,584550
680149,591250
680158,586213
680188,245048
680194,589829
680203,588382
680212,299249
680218,588295
680232,585082
680239,209985
680242,590043
680261,684213
680271,577667
680277,585782
680288,216960
680295,585135
680298,678818
680299,688811
680310,656882
680312,225483
680332,586507
680337,681796
680368,580460
680383,268300
680387,591837
680387,598649
680396,687006
680398,582982
680399,404750
680400,258880
680411,691989
680432,584096
680444,587314
680449,675554
680455,593946
680456,694111
680456,595388
680459,591245
680483,661880
680484,681374
680487,593019
680488,589674
680491,436571
680507,191090
680512,205798
680523,162689
680523,166116
680537,657314
680540,585398
680546,708551
680549,586075
680550,674683
680550,580189
680560,592590
680574,585277
680574,707708
680579,409075
680586,577484
680594,580293
680619,690933
680627,583304
680645,590038
680685,313328
680688,683987
680691,702874
680734,676009
680735,583038
680736,589907
680744,589750
680768,583063
680779,407652
680792,585014
680792,672072
680795,255029
680807,220987
680821,699272
680836,672452
680846,679012
680852,685301
680853,681251
680865,672179
680883,224773
680890,690714
680891,221848
680914,582484
680957,589964
680966,589505
680970,585503
680974,684898
680979,671340
680981,239682
680986,250168
680996,584715
681018,670681
681046,196728
681058,252983
681063,667525
681065,136755
681079,243711
681094,574079
681097,597303
681101,694133
681105,687236
681112,703170
681114,224416
681120,596517
681125,576358
681125,581302
681126,585903
681136,695812
681151,680205
681169,681418
681170,591212
681174,594080
681187,763206
681198,589710
681210,579394
681217,250967
681275,408793
681283,592270
681284,590681
681288,685693
681290,236490
681290,399343
681320,202857
681324,262916
681353,184219
681366,681461
681377,680654
681392,249982
681397,398340
681405,583758
681408,400222
681412,662181
681421,407545
681434,682062
681441,277313
681443,677132
681451,406722
681454,571560
681489,585553
681531,688425
681537,208729
681543,677510
681566,584459
681623,681713
681633,585596
681652,586986
681653,688539
681653,576367
681656,716536
681679,294136
681684,690879
681693,591269
681695,594611
681702,667016
681705,234209
681719,701541
681733,256361
681741,660180
681765,683691
681773,580385
681778,673149
681800,587497
681810,685147
681810,593064
681817,584973
681822,321246
681839,592312
681844,664606
681860,583343
681868,666669
681911,165309
681936,697500
681938,229549
681944,591752
681946,655943
681952,585734
681957,678360
681966,695229
681972,671169
682012,592606
682016,586648
682022,686189
682031,587860
682032,407513
682044,219610
682045,593287
682048,670499
682057,249450
682065,397885
682066,265305
682089,556985
682105,666864
682117,585949
682118,208116
682180,255821
682184,399285
682215,272881
682231,589962
682255,305070
682271,683585
682276,344129
682280,397007
682301,212769
682304,689774
682313,209971
682318,579089
682323,684748
682326,254488
682337,310007
682345,585880
682351,590509
682358,689362
682380,688399
682381,682031
682398,683494
682412,312156
682446,587466
682454,307609
682460,412169
682465,300965
682484,258768
682503,399236
682509,677548
682513,402904
682520,586109
682521,692664
682536,691033
682555,683183
682572,219080
682579,302372
682580,683265
682581,597656
682586,409329
682586,598486
682623,677760
682624,225414
682633,680543
682649,413025
682657,404788
682658,403516
682660,270130
682670,270144
682671,175285
682673,295319
682680,700632
682682,597991
682686,232451
682698,403114
682701,330085
682763,403053
682767,693485
682768,163416
682787,587571
682791,409126
682799,591510
682819,406559
682828,407431
682872,284763
682886,583422
682897,648519
682909,672491
682930,676055
682936,591817
682937,685240
682941,585949
682945,292955
682975,583229
682981,581189
682999,398191
683013,680685
683017,678745
683024,409682
683056,697137
683118,694891
683121,245633
683122,251166
683136,407323
683149,405137
683151,216032
683184,409754
683210,690877
683211,405707
683228,411539
683245,689896
683246,407897
683262,653148
683293,655473
683317,603290
683324,278249
683324,406793
683327,300575
683330,674243
683334,311997
683339,727879
683347,688082
683371,404773
683404,243916
683409,668391
683412,682899
683422,265444
683427,402093
683435,452846
683439,761784
683454,690944
683457,291741
683490,586057
683497,586454
683497,401485
683503,692134
683506,706662
683559,706074
683576,404458
683583,684713
683587,407678
683592,414108
683597,689651
683617,588827
683620,414348
683630,678798
683645,675945
683647,404154
683653,689553
683680,406981
683683,409944
683685,407139
683689,176155
683706,578160
683719,402618
683726,680038
683775,401550
683783,691208
683818,404647
683836,231321
683855,406519
683857,669827
683863,676809
683881,645043
683900,300107
683900,410379
683908,688580
683925,197488
683939,705863
683943,679478
683960,578720
683970,654178
683978,304434
683998,679378
684004,688983
684004,404855
684007,198794
684010,576593
684021,677159
684032,418818
684035,299419
684059,402810
684075,401166
684087,295297
684107,406252
684125,577023
684140,690806
684150,405655
684164,692571
684170,651647
684171,406425
684192,399700
684210,409802
684240,407014
684249,412181
684255,676006
684264,719416
684265,401661
684267,405115
684268,293850
684277,346104
684298,682060
684314,405700
684315,404942
684316,679096
684319,207938
684333,472571
684341,405473
684341,664844
684345,663038
684352,667484
684362,407991
684405,650304
684408,155170
684438,682365
684451,675070
684462,687422
684462,405427
684464,406352
684466,666199
684501,687952
684506,401184
684512,248703
684515,676733
684521,404447
684521,697328
684526,686418
684539,409616
684559,667223
684580,175966
684587,399886
684596,684707
684598,705124
684600,402540
684607,405036
684618,580440
684621,224731
684630,408092
684635,680236
684646,408450
684669,674868
684672,685207
684674,408535
684681,699744
684685,658931
684694,408712
684712,400156
684719,678252
684724,677421
684730,694992
684731,680418
684735,403386
684748,403514
684751,399967
684761,401600
684764,588734
684768,295299
684784,403024
684801,400918
684806,679919
684818,407538
684828,386399
684833,685300
684849,399591
684871,408470
684885,294745
684889,688072
684890,681938
684903,408616
684907,399421
684917,269316
684932,409026
684936,287104
684960,404236
684963,681706
684970,665366
684998,406937
685000,408205
685002,696058
685012,406907
685018,403268
685023,690528
685029,318014
685040,401556
685072,244161
685096,332396
685100,397902
685101,517085
685102,407634
685119,584067
685126,659072
685137,149247
685146,335908
685153,405037
685159,675632
685172,700276
685175,240321
685180,300448
685194,692412
685222,688030
685247,400263
685259,679594
685263,695796
685267,405852
685289,409281
685293,407297
685294,406491
685312,406432
685324,405123
685332,685056
685333,406815
685341,403316
685349,409999
685349,404582
685355,403521
685363,399331
685368,399009
685370,326499
685376,655725
685379,405814
685389,691980
685391,403505
685407,670420
685422,402586
685438,409274
685444,660431
685445,209975
685468,491459
685486,404659
685492,198672
685494,405772
685496,408178
685497,251735
685515,208498
685517,402321
685518,250997
685522,405713
685526,166211
685528,404266
685530,401758
685532,649525
685538,675479
685547,395511
685566,587119
685573,663688
685575,670434
685581,223530
685601,404686
685610,703086
685630,696670
685641,297523
685643,294151
685670,405051
685680,676783
685687,685820
685698,351535
685701,354188
685703,401632
685708,703343
685714,586776
685718,406387
685723,400373
685738,694011
685759,673525
685761,593346
685767,406527
685773,412062
685774,720197
685794,248972
685806,404740
685810,185451
685814,396993
685834,193124
685837,584311
685839,238363
685854,240966
685866,266426
685874,689825
685881,669430
685886,408990
685887,405995
685895,679241
685898,589360
685901,493419
685923,329502
685925,674522
685925,399977
685935,257075
685936,404135
685937,674531
685943,406190
685948,660645
685949,404903
685960,303697
685966,404809
685997,399852
686001,406107
686016,672120
686028,307195
686033,690805
686040,662796
686043,697972
686055,404108
686056,292195
686072,403199
686088,684657
686093,406227
686106,401142
686132,677027
686140,402008
686141,400542
686144,243725
686152,586691
686153,407757
686163,404405
686180,400526
686184,408621
686196,687217
686199,399343
686208,677272
686231,688678
686232,303752
686238,405659
686245,408273
686247,407989
686249,409564
686258,213980
686272,404927
686273,294071
686283,252478
686298,404505
686299,407121
686313,403578
686327,314253
686331,406794
686338,408940
686344,395470
686345,398518
686355,406839
686369,664417
686375,402799
686381,677975
686385,235586
686385,672180
686386,271414
686387,214880
686387,657429
686412,403005
686415,406269
686416,656382
686426,409629
686429,222548
686434,695382
686444,687146
686463,331052
686465,596593
686466,403048
686469,405856
686470,282702
686482,697774
686487,406283
686502,410572
686503,407360
686503,675148
686521,403724
686542,406963
686544,401723
686549,683792
686553,404765
686558,665785
686580,404893
686580,405208
686585,290239
686602,674469
686609,404929
686625,405561
686633,407041
686638,405085
686638,688361
686640,286325
686651,656982
686664,683727
686666,407670
686678,692464
686685,408404
686702,269885
686706,407632
686743,683871
686760,409246
686772,400968
686781,241995
686786,701618
686787,664057
686850,307230
686857,402126
686858,400212
686858,405051
686874,398707
686892,676668
686908,408474
686932,408485
686941,401642
686951,322115
686960,409502
686980,405971
686985,597232
686988,696871
687001,191915
687001,403122
687003,409405
687020,404629
687022,398159
687030,411697
687039,678862
687040,665579
687068,247816
687070,403738
687071,409208
687072,706913
687077,695785
687083,402431
687086,689838
687086,403614
687091,703784
687094,308160
687096,405002
687112,407730
687120,399720
687128,307255
687130,405844
687142,308397
687146,700966
687146,399594
687146,401969
687177,681325
687186,685267
687186,405366
687191,399606
687192,407081
687198,410044
687208,408695
687209,403555
687211,397732
687226,702247
687226,403213
687260,399305
687265,678449
687270,403256
687274,707532
687283,405269
687292,404129
687294,409795
687296,401465
687301,667589
687303,400594
687312,403276
687314,681202
687315,408114
687321,401335
687325,403844
687326,405520
687346,398798
687357,674416
687362,404135
687363,406838
687364,399546
687372,404554
687373,400676
687378,673735
687383,327688
687390,403480
687395,405599
687402,404838
687416,535177
687418,687818
687420,308741
687440,654839
687441,401011
687444,239461
687448,671260
687456,407655
687462,404063
687482,407576
687484,404777
687500,722765
687500,403464
687508,702588
687512,234284
687559,407012
687575,402157
687578,175707
687586,677175
687606,401246
687607,405445
687610,398228
687614,172242
687618,598397
687620,406319
687629,656070
687640,140742
687643,661452
687644,201915
687648,404956
687654,679691
687658,402415
687661,234938
687665,400683
687667,401982
687671,401657
687673,407345
687673,407913
687679,677190
687685,653463
687690,681327
687692,406652
687692,680841
687702,406170
687711,237577
687713,472522
687719,670291
687735,249097
687737,249118
687748,404048
687755,693395
687766,410427
687771,404615
687772,699985
687775,400670
687790,404853
687815,692638
687816,404077
687819,676768
687822,403454
687825,402136
687830,409095
687840,404168
687841,664263
687843,405712
687846,244988
687852,315512
687854,403029
687871,401909
687881,404960
687896,678100
687898,337468
687924,662399
687925,677422
687938,673185
687943,338933
687955,172973
687956,687846
687981,399056
687988,656207
687993,410181
687999,259573
687999,406316
688012,666558
688020,408748
688023,707919
688036,406816
688041,712186
688042,404042
688046,688023
688057,396415
688059,670842
688063,675257
688069,681768
688071,401939
688075,407603
688075,399261
688077,407637
688081,402481
688094,673925
688115,675014
688118,405663
688119,247225
688125,406204
688130,406154
688138,673713
688140,398930
688147,414538
688148,402631
688154,403199
688172,407148
688173,659261
688177,405296
688179,406801
688183,657848
688185,412320
688187,289453
688212,214057
688212,405143
688231,398430
688241,394044
688243,405688
688258,403361
688266,687584
688268,407017
688271,676339
688272,337993
688273,405576
688278,409254
688281,404867
688284,406207
688304,405768
688307,405889
688311,692367
688317,267903
688328,253750
688330,408733
688332,273296
688342,305131
688350,288595
688354,183409
688360,399406
688372,398816
688374,695543
688376,686475
688382,398068
688389,670967
688395,691400
688432,409086
688435,400179
688448,407543
688449,679642
688461,410467
688467,162021
688482,658585
688493,240372
688503,684053
688505,659630
688510,680894
688527,402935
688533,401893
688551,408829
688554,410742
688557,394610
688566,411028
688571,402617
688574,405662
688575,404737
688586,744827
688589,291957
688593,411300
688615,685681
688620,405547
688625,449282
688628,409540
688633,403602
688633,406656
688639,150748
688642,494867
688650,702270
688656,399754
688684,400431
688690,399853
688692,403711
688698,407218
688718,406097
688732,400740
688737,401217
688741,241437
688745,409921
688753,296188
688770,404310
688779,662935
688785,410835
688786,694820
688798,287925
688798,400041
688816,655492
688821,699047
688822,692120
688826,404024
688837,409664
688848,408075
688850,403412
688852,175428
688854,411543
688856,247541
688858,248847
688861,405237
688867,413865
688871,404334
688875,135217
688883,700145
688884,196029
688908,406118
688914,405071
688940,680325
688945,406994
688963,694114
688977,406811
688979,406110
688983,699366
689000,405685
689032,406031
689057,405893
689068,686248
689071,404509
689088,402705
689101,404486
689107,656170
689116,679838
689119,403408
689126,404715
689151,684261
689168,666899
689180,323150
689181,663055
689186,404494
689194,400305
689204,407531
689211,405928
689230,681365
689237,676313
689240,583792
689243,406580
689255,404179
689268,260185
689276,408199
689278,412300
689282,400876
689282,405041
689288,240928
689288,279476
689304,258292
689308,667285
689315,651746
689322,142604
689328,277897
689333,663594
689340,406371
689345,400515
689349,403119
689362,399488
689367,404327
689392,396344
689399,410397
689406,267712
689411,311009
689425,409018
689432,696790
689433,234302
689434,404202
689435,408818
689440,400257
689448,716218
689451,407628
689454,409228
689454,407857
689454,410520
689458,696022
689464,658328
689467,403165
689474,406645
689480,403346
689490,398739
689493,680002
689501,310689
689519,218694
689523,227453
689523,681526
689538,695785
689544,683852
689549,253996
689555,404113
689560,407781
689560,671871
689576,121047
689591,293846
689600,674916
689606,214102
689619,287182
689620,692278
689645,229422
689665,403501
689673,409211
689688,273599
689693,405331
689697,406839
689698,399987
689701,411878
689707,169521
689718,296073
689746,401697
689748,398918
689750,164709
689762,407277
689766,401049
689776,411677
689777,713339
689779,688164
689785,401808
689785,406567
689807,675655
689811,340860
689815,651768
689819,676388
689823,401690
689846,678802
689854,408008
689860,539813
689873,396144
689894,403759
689897,764180
689902,407562
689911,406055
689915,692765
689928,406419
689940,395593
689945,687109
689946,404957
689959,409646
689965,406962
689965,266536
689999,397458
690005,658202
690006,402375
690019,407997
690020,408522
690024,402810
690026,231923
690029,404495
690033,189563
690039,405207
690047,402063
690055,262749
690062,397422
690071,690144
690074,282939
690086,286730
690088,400920
690106,402393
690115,402535
690126,399740
690134,405713
690139,327978
690149,408561
690152,407866
690153,693820
690157,400779
690168,399520
690174,409348
690174,395344
690179,681342
690202,407133
690203,281178
690209,401325
690221,353814
690227,694033
690235,407740
690236,675267
690238,406395
690239,282209
690245,408431
690250,402412
690254,333201
690256,401821
690260,403177
690266,665739
690268,405873
690275,412017
690283,673571
690295,304290
690297,405889
690307,399072
690318,404679
690326,669839
690332,218750
690336,686207
690345,662155
690362,288992
690368,404679
690374,682574
690375,286457
690392,409533
690393,405865
690394,405444
690397,405525
690411,246859
690433,404839
690440,409300
690443,403061
690445,398373
690451,165088
690463,679927
690489,412896
690491,257069
690497,404187
690508,409370
690516,693090
690518,407387
690521,404716
690522,664607
690524,490234
690529,402424
690540,499452
690543,404649
690545,400069
690549,410558
690563,403254
690566,303960
690596,411487
690607,691052
690617,407465
690637,678450
690642,396418
690642,404386
690655,694388
690673,404362
690677,228929
690697,405185
690703,700790
690706,400150
690714,396156
690725,412259
690738,667996
690753,690818
690755,404874
690757,682987
690757,403929
690765,336595
690782,657255
690784,669507
690796,676256
690801,404757
690816,404598
690832,409272
690834,700684
690836,163236
690838,407566
690865,403292
690881,689534
690901,780917
690903,404059
690912,705303
690918,657658
690934,686428
690935,402401
690939,230257
690943,403064
690945,399642
690959,405450
690970,400332
690973,718746
690975,409801
690989,257105
690991,395386
691000,675448
691001,647304
691004,406439
691009,407555
691014,666118
691014,293189
691014,399958
691016,662380
691022,402239
691035,302985
691036,403665
691055,406183
691061,400042
691087,405008
691092,408529
691139,301386
691146,405726
691154,244453
691160,402206
691177,400979
691180,406679
691188,281652
691192,267958
691201,406447
691205,690211
691206,711406
691207,683616
691214,284164
691215,403615
691228,407062
691255,704815
691265,183588
691278,272833
691282,672912
691284,404204
691286,185553
691292,408541
691297,400959
691305,409710
691307,206100
691313,334494
691315,714658
691328,303016
691329,381702
691338,398944
691346,685472
691350,241844
691350,683827
691356,404947
691364,176242
691374,297083
691376,403626
691382,685065
691382,683028
691386,171661
691387,409692
691392,232201
691393,693550
691396,400400
691398,405177
691401,413759
691404,322481
691406,405475
691420,411167
691426,407558
691431,664079
691435,132900
691439,668190
691444,408691
691451,402124
691451,660713
691463,161131
691485,704585
691493,693764
691495,404842
691496,404494
691499,402216
691500,401833
691506,675923
691513,405129
691515,408139
691521,403815
691523,680620
691535,699654
691536,398975
691542,658461
691548,403045
691548,357609
691560,509355
691572,279597
691594,406801
691594,307779
691596,407253
691603,712205
691607,388881
691612,235594
691614,326170
691621,398466
691626,406336
691640,235738
691641,667694
691644,393193
691646,442181
691651,407358
691656,398988
691658,409599
691660,684394
691670,406653
691681,410228
691708,404742
691710,401329
691712,401670
691712,402609
691719,407400
691720,359217
691726,408984
691734,403449
691737,697410
691758,257107
691782,402535
691784,233320
691816,291100
691818,688829
691827,273208
691837,687495
691852,701099
691858,411399
691907,398528
691916,688759
691927,404243
691929,686663
691940,201896
691968,410189
691974,264625
691978,402233
691980,157806
691992,711150
692021,406392
692028,691308
692030,285298
692032,696103
692064,401057
692065,679503
692070,654754
692078,681860
692087,403896
692114,210872
692116,408321
692122,399324
692126,411672
692128,404769
692135,401929
692146,684550
692157,407999
692160,692037
692204,402873
692207,177779
692215,444645
692219,402779
692225,405830
692229,691043
692256,721963
692262,405465
692268,700029
692273,690670
692305,405245
692306,678386
692336,674462
692336,668036
692338,408064
692339,411315
692347,402598
692370,404970
692370,310211
692375,306891
692378,678328
692380,678278
692395,405042
692395,405928
692400,402987
692408,399018
692422,150336
692438,406569
692453,300769
692458,406165
692462,405863
692471,401929
692488,315908
692504,399680
692523,674613
692534,680530
692536,440230
692547,407302
692552,291632
692561,686924
692567,689494
692580,441130
692584,332595
692589,397947
692589,399321
692595,411969
692609,409456
692620,278616
692628,407229
692644,402732
692678,292554
692691,702262
692693,199435
692694,666844
692715,412665
692718,400794
692742,409643
692748,407915
692752,407476
692753,285209
692761,407612
692771,412378
692785,211609
692787,709092
692787,296893
692794,411388
692803,306683
692821,687092
692829,695674
692833,403318
692838,408567
692847,439182
692853,691544
692868,333623
692869,405248
692882,198758
692895,322700
692896,402388
692900,666874
692907,708779
692909,300461
692913,403913
692915,315742
692924,440878
692932,676988
692943,684962
692949,409349
692950,654200
692953,441533
692959,401037
692961,678469
692962,403176
692963,403066
692990,686120
692991,693737
692995,407536
693007,681291
693084,241604
693111,405839
693125,671565
693143,661857
693147,409146
693157,405914
693160,404579
693167,405882
693169,338311
693183,414540
693203,410397
693206,438431
693207,698970
693213,438377
693216,440838
693236,699132
693266,441157
693272,696285
693276,405481
693285,676434
693287,308908
693295,672966
693303,411269
693307,287205
693311,689201
693339,407819
693341,440957
693344,401937
693345,698620
693368,403707
693401,293365
693404,134163
693408,442274
693411,683000
693413,692076
693416,240155
693426,440433
693430,693737
693444,671743
693468,402863
693472,317685
693478,287879
693497,298762
693518,281936
693525,406997
693525,404397
693538,441412
693542,403502
693568,161132
693576,408376
693577,240906
693578,404679
693583,304213
693592,407042
693592,434960
693605,654815
693619,408571
693661,405897
693671,468537
693674,288361
693678,285070
693680,441821
693681,682931
693685,705330
693695,409770
693696,279724
693698,680867
693740,400861
693745,674912
693756,665892
693759,297304
693762,446730
693768,680280
693778,400778
693781,407327
693785,410735
693787,441965
693806,403279
693806,441603
693822,694597
693828,681112
693833,404677
693837,441250
693837,442661
693838,691698
693847,294141
693849,439956
693856,400722
693868,409163
693868,438977
693880,733876
693882,439982
693884,679101
693888,438908
693889,446516
693897,656858
693903,444953
693903,402608
693908,302192
693920,403989
693943,405045
693951,441399
693962,407516
693977,288562
693979,368238
693981,401931
694003,406577
694005,402456
694022,405848
694026,305779
694037,677573
694047,439194
694057,164729
694059,680254
694064,692895
694080,258314
694080,301197
694093,443035
694096,672776
694097,719278
694102,276126
694104,292699
694124,441268
694127,658754
694130,212746
694131,440632
694137,444236
694150,399144
694154,442395
694170,676370
694174,404512
694175,687332
694181,440836
694188,274654
694191,238152
694208,681897
694209,441725
694219,679673
694222,661766
694228,441148
694253,409305
694260,405813
694261,443610
694279,438719
694286,439426
694289,442382
694299,442265
694320,657138
694336,401446
694336,399012
694336,669525
694340,400820
694340,445601
694342,314233
694348,405530
694348,437827
694364,445389
694370,680343
694376,441992
694380,297221
694394,441208
694404,446220
694407,313754
694408,369752
694415,439605
694438,407091
694444,439424
694447,696108
694450,401318
694453,441603
694463,670100
694470,278429
694473,438504
694474,440728
694475,147703
694476,441956
694492,256975
694493,690458
694496,318993
694508,443067
694512,410657
694524,401594
694529,264419
694529,224417
694538,310688
694549,686831
694551,440215
694571,443583
694573,440995
694575,442163
694590,129303
694592,667054
694592,442296
694593,651168
694596,686785
694611,441477
694614,686832
694619,443421
694620,441286
694620,402988
694621,239121
694621,444521
694631,439724
694632,161857
694640,441600
694646,259670
694663,402753
694667,319065
694676,281088
694708,689200
694713,694655
694735,445644
694751,405258
694769,292992
694772,442050
694780,441720
694790,441047
694792,441143
694794,443980
694799,411244
694799,400289
694810,444124
694815,439556
694820,704193
694826,441015
694826,442872
694826,440597
694827,442280
694836,401193
694836,442926
694836,319528
694843,407354
694850,442718
694858,442738
694865,441894
694868,441379
694871,290516
694891,404116
694893,442282
694906,442417
694909,307440
694909,440452
694914,441789
694916,676530
694922,442039
694923,436987
694925,243671
694934,438854
694944,400803
694950,156238
694952,441330
694953,442697
694959,440928
694967,402839
694976,440237
694976,440544
694976,439869
694982,445959
694983,440792
694994,443417
695000,439708
695012,667791
695022,669489
695023,177048
695025,439758
695032,682326
695032,308595
695032,438361
695041,442241
695054,444558
695057,275986
695057,445994
695060,443050
695064,401927
695072,442226
695078,439699
695081,442851
695082,439401
695085,439512
695092,442717
695098,440183
695099,441692
695102,443126
695111,442108
695111,442255
695114,440069
695117,279439
695122,441425
695150,682433
695151,442721
695160,444528
695166,438780
695174,442305
695177,441936
695179,682591
695183,267642
695187,667737
695190,441801
695197,444273
695201,444586
695202,440947
695203,442638
695205,675808
695208,440189
695208,441374
695209,408134
695209,438044
695227,443550
695230,440763
695241,669148
695250,312696
695252,442153
695252,443864
695254,290290
695259,171576
695282,279010
695292,437972
695298,659649
695321,441570
695332,441580
695334,693871
695340,440182
695347,438636
695348,685829
695355,440609
695356,407348
695357,200756
695359,443668
695359,406331
695389,403554
695393,442020
695396,441335
695401,404424
695410,442284
695420,407139
695428,443206
695437,222139
695437,304284
695438,442731
695440,441583
695442,441268
695443,442601
695451,339297
695453,441181
695454,353280
695456,168015
695459,445669
695460,439454
695464,441014
695468,696037
695474,442461
695475,439058
695488,681672
695501,439903
695501,681265
695516,405753
695524,440191
695541,439434
695548,440705
695552,441571
695554,444842
695558,444705
695572,441339
695576,442723
695576,440005
695588,443859
695589,438873
695596,441797
695606,441293
695614,691263
695618,441800
695619,444227
695621,444041
695628,441704
695637,439390
695644,439473
695651,441896
695659,353349
695661,251294
695663,401228
695663,440466
695680,696077
695680,443531
695697,442087
695699,442409
695699,441394
695704,442559
695705,442953
695706,443245
695711,686635
695716,441598
695717,442592
695719,686660
695720,440554
695721,443679
695721,444236
695721,441695
695725,671659
695727,695637
695727,282810
695728,298870
695732,444244
695732,440396
695734,407494
695734,440270
695746,445013
695758,261473
695764,441777
695769,443267
695776,683702
695777,439748
695778,438739
695781,741833
695788,438936
695814,444213
695814,441566
695814,438561
695821,676872
695821,441974
695827,241413
695841,186302
695844,691938
695847,441772
695851,439592
695856,297839
695858,442776
695860,676783
695868,443060
695868,445419
695868,442326
695871,406776
695871,402345
695872,441122
695873,676200
695873,440465
695874,314382
695881,438653
695882,439515
695883,440805
695883,406587
695887,443568
695887,441757
695891,261812
695892,700732
695894,405317
695898,440330
695900,439582
695902,439315
695903,441096
695904,706781
695909,438442
695910,445638
695917,304779
695940,443086
695941,444129
695941,444071
695943,659100
695946,442618
695950,440472
695952,441484
695964,444093
695968,298697
695971,444372
695971,295113
695972,440856
695975,441743
695980,442238
695984,438576
695989,443042
695990,700551
695999,442006
696007,441584
696015,441584
696022,438252
696023,440576
696031,440066
696033,157040
696035,442850
696053,439447
696053,300117
696054,441933
696063,406992
696073,303995
696074,443106
696086,442423
696088,217531
696091,441633
696092,440074
696092,440986
696094,407404
696099,443029
696102,442894
696103,443819
696106,673983
696110,441967
696112,443683
696114,443317
696126,444813
696131,408095
696141,436844
696147,441875
696148,441341
696149,441375
696153,439810
696153,440439
696155,445622
696155,199348
696159,671881
696172,438543
696180,680951
696182,441262
696183,441610
696191,441172
696192,446020
696195,442712
696198,443262
696200,442179
696212,440204
696218,443157
696225,439368
696226,691797
696236,443147
696238,674318
696241,443176
696241,440988
696244,439704
696246,444345
696247,442723
696250,443132
696254,441383
696266,440855
696267,444081
696277,441360
696279,439820
696285,403959
696291,444472
696291,409229
696295,439760
696296,443007
696297,269372
696298,441696
696298,441413
696303,439777
696305,437095
696306,441414
696308,143638
696314,443253
696320,440576
696325,441058
696329,442361
696330,440457
696334,270194
696336,148526
696344,441866
696345,441487
696349,441246
696355,709962
696356,440692
696358,443369
696360,209170
696367,439119
696370,400713
696371,664538
696372,439649
696374,404061
696375,442246
696376,440265
696379,443875
696379,442075
696398,439613
696398,443448
696405,443489
696413,235535
696414,441728
696420,268138
696428,444450
696430,402254
696439,441299
696440,439121
696443,442757
696445,441075
696446,700525
696447,441720
696448,438918
696457,442963
696460,223180
696463,440888
696465,441757
696471,441867
696473,442495
696473,440017
696473,440319
696482,183748
696486,443835
696487,442312
696492,441729
696499,439261
696502,440471
696504,732568
696507,442782
696508,443112
696511,442605
696513,442836
696514,664362
696515,145603
696520,443036
696521,439784
696528,664172
696532,442421
696544,697365
696553,679379
696556,437562
696558,441844
696563,442131
696570,439920
696575,405030
696576,444586
696577,298064
696584,439711
696586,440860
696586,441868
696593,442563
696596,439625
696597,438952
696608,193833
696610,444167
696611,441882
696611,668690
696614,307048
696618,446095
696627,440860
696631,440738
696631,441915
696633,441290
696639,443587
696639,444734
696640,440388
696647,440403
696649,441194
696650,393424
696652,403017
696655,442432
696657,440506
696662,437323
696670,441919
696674,440439
696675,439254
696676,665425
696678,699050
696682,439620
696690,439377
696695,441681
696697,439547
696704,442229
696707,439861
696710,441873
696711,439431
696714,441226
696715,444190
696717,444846
696719,444034
696723,440486
696723,438920
696731,441434
696736,439580
696741,404546
696741,440266
696744,439532
696745,441557
696746,441380
696751,408415
696758,407965
696758,440585
696771,441200
696780,406362
696782,695291
696783,441699
696787,682909
696788,444148
696791,313084
696792,440033
696792,441050
696799,280838
696804,442039
696805,244326
696806,441730
696806,674137
696807,443670
696809,440427
696809,704110
696811,442681
696811,444668
696812,442811
696817,403308
696820,444293
696821,439373
696823,443655
696824,444135
696824,440885
696828,440703
696848,443120
696854,443186
696856,444209
696857,684174
696859,399134
696863,442608
696866,438646
696867,680060
696871,315549
696872,661605
696872,441025
696873,441187
696879,444484
696881,443573
696882,439899
696889,441952
696894,443692
696899,440166
696910,702557
696912,439001
696914,441764
696914,442928
696915,440790
696915,674555
696917,441159
696926,442134
696926,442767
696930,353007
696930,441843
696931,680310
696937,236795
696953,702899
696953,437830
696960,443222
696961,440094
696967,440876
696976,442627
696978,441690
696981,438230
696988,443321
696992,444502
696992,444810
696996,443338
696998,442521
697000,441267
697009,695324
697013,442609
697013,440782
697021,440539
697022,440631
697026,440110
697031,321048
697031,441356
697031,443062
697033,441984
697039,671408
697039,406984
697040,278730
697041,443045
697042,441315
697045,445505
697050,440743
697053,443766
697058,441183
697063,439543
697063,315487
697068,443602
697069,441631
697070,444419
697071,442864
697082,441019
697088,438951
697092,672206
697093,440263
697094,437887
697103,675549
697104,441300
697106,442030
697110,663743
697112,444636
697114,441468
697114,442840
697117,330487
697122,443839
697123,441684
697125,441021
697128,441924
697130,441304
697133,439845
697135,438991
697139,440513
697143,439023
697143,440313
697147,440651
697148,443436
697149,407929
697149,442528
697152,442273
697152,164873
697171,441298
697171,443359
697174,443164
697174,441546
697175,440846
697176,674534
697182,267499
697186,441810
697187,443621
697190,437486
697192,442808
697195,443515
697196,445634
697197,441154
697197,444146
697211,647880
697216,442864
697216,441250
697217,272116
697220,442174
697221,441782
697226,439597
697227,408132
697229,685801
697233,443111
697234,441807
697236,442989
697237,684737
697241,441938
697252,441146
697253,441042
697255,687499
697259,442841
697259,439413
697268,442300
697270,674723
697277,263270
697279,443265
697283,442946
697283,443593
697285,442964
697287,208090
697293,439155
697295,441316
697300,439925
697313,699785
697317,283077
697326,441043
697326,441332
697326,407612
697328,439602
697328,686758
697330,683678
697331,441083
697334,442001
697341,440034
697343,666674
697343,443874
697353,441286
697355,443819
697358,443350
697363,440208
697363,442146
697365,440270
697365,442432
697374,441893
697379,439701
697380,443681
697387,439257
697388,443172
697389,264043
697393,438933
697393,442522
697398,444174
697405,290907
697409,405254
697416,443398
697419,438223
697423,440249
697424,440782
697427,439993
697427,439017
697430,672357
697430,442532
697436,445820
697442,444470
697444,441305
697447,444374
697459,445162
697462,440154
697462,439739
697464,440774
697474,442330
697478,443751
697479,440037
697481,441150
697485,441026
697487,442897
697487,441802
697489,302496
697491,440416
697495,692697
697496,439916
697499,442713
697504,441965
697504,440875
697504,440341
697505,442589
697508,443409
697508,441142
697509,442358
697512,318863
697513,442230
697523,438691
697524,685226
697524,442828
697526,441225
697528,439680
697533,672942
697535,440712
697536,440065
697537,442303
697540,441710
697544,445232
697544,441089
697545,441623
697546,444902
697548,440407
697551,442802
697552,335139
697552,444515
697553,439152
697555,318928
697555,442375
697557,439575
697558,717760
697561,440121
697563,439701
697565,443297
697567,440200
697567,754981
697569,438361
697574,314041
697577,440268
697579,437245
697582,441098
697585,438765
697586,442103
697587,442482
697590,195747
697593,279475
697594,698264
697596,442435
697602,270283
697607,439784
697608,436568
697610,439129
697611,442385
697617,442330
697619,265427
697632,439979
697635,307879
697639,436826
697639,441465
697641,706415
697643,439401
697648,439012
697657,442712
697658,680084
697660,676542
697664,441833
697675,439686
697678,263079
697681,440835
697689,441075
697691,440940
697697,442368
697699,442886
697704,439092
697704,680483
697708,441016
697709,440529
697712,440506
697714,440007
697719,700147
697725,440389
697729,677763
697731,688114
697747,439740
697748,437392
697749,402250
697751,440663
697753,161424
697754,440868
697757,441448
697762,442309
697769,441957
697770,443667
697776,693226
697780,441332
697780,443932
697782,446210
697787,439256
697787,440456
697789,168629
697795,443312
697796,439524
697798,445170
697806,439442
697806,440952
697807,441402
697808,673215
697814,441306
697814,439998
697818,441417
697821,442784
697823,282202
697824,136038
697825,441367
697825,694412
697830,440977
697841,443306
697842,441783
697843,444218
697844,439495
697848,294883
697849,299696
697854,443831
697857,443513
697860,441191
697863,440953
697864,444550
697865,665962
697865,499794
697874,298188
697878,441557
697885,439772
697887,441180
697887,438961
697889,442678
697889,441825
697889,440520
697892,397269
697894,665974
697898,443653
697902,442218
697904,405615
697908,441514
697913,438700
697919,441984
697920,324575
697921,442197
697923,442421
697924,441400
697924,442381
697925,442479
697926,444579
697929,436867
697933,443962
697937,442613
697944,440536
697944,251849
697945,441667
697946,442113
697946,441712
697947,439030
697949,444494
697949,443274
697952,441471
697960,438957
697965,441054
697965,440924
697967,441764
697973,440927
697974,698691
697975,406051
697975,440233
697976,442153
697976,440451
697976,441955
697977,443632
697983,681432
697988,436579
697988,441339
697989,303552
697991,442192
697995,441045
697997,441311
697998,439172
697999,444270
698000,443215
698004,441013
698011,443935
698013,298649
698014,443523
698017,281294
698018,441839
698019,439392
698020,442599
698025,439940
698029,441381
698030,442270
698033,438084
698034,672825
698038,441667
698041,443961
698043,442170
698052,438123
698052,440848
698059,446261
698061,440720
698063,441606
698066,439630
698066,440544
698068,442441
698069,438678
698070,442313
698072,269995
698073,441708
698073,440152
698076,683866
698082,441130
698085,399760
698087,440168
698088,437922
698089,438550
698090,439262
698091,441942
698092,442320
698094,706366
698098,441975
698100,439908
698104,443789
698104,443615
698104,440372
698106,440954
698110,674099
698111,438192
698112,671815
698113,441804
698113,440627
698121,682902
698121,333497
698122,444073
698125,440900
698127,440299
698130,438422
698131,440968
698133,443470
698134,442034
698136,444246
698136,442037
698140,438882
698145,441233
698146,443997
698147,439850
698148,441381
698152,493460
698155,441381
698158,342557
698158,437314
698161,439886
698165,672528
698165,441599
698166,443337
698168,442762
698170,443346
698171,441309
698174,299843
698174,438801
698175,664883
698183,441867
698186,439824
698200,443575
698202,442270
698202,440015
698203,439266
698205,440651
698211,698256
698212,668436
698214,445058
698222,442605
698224,441063
698231,406765
698239,438776
698242,441088
698246,441356
698246,286147
698271,301163
698277,441344
698277,441745
698279,442229
698294,280457
698300,444759
698301,441053
698303,443991
698303,297535
698306,441095
698308,442528
698322,298233
698324,441100
698326,444695
698326,443281
698330,441977
698330,444220
698338,292351
698338,444020
698340,438747
698340,439642
698345,441633
698355,442042
698356,439786
698359,443299
698359,438782
698361,442281
698362,293197
698364,290594
698369,441700
698370,441923
698373,440138
698377,443170
698379,440354
698381,442844
698385,676907
698385,441869
698387,443140
698390,442013
698391,285336
698395,440090
698396,443904
698397,442392
698408,441294
698416,441444
698424,441538
698429,272552
698432,130494
698438,441408
698439,441879
698441,671267
698447,441360
698450,441627
698462,437026
698463,769520
698463,439123
698478,442273
698480,440103
698481,438027
698484,441693
698496,439946
698499,444250
698499,441191
698508,442641
698509,442905
698509,442082
698511,434536
698511,441141
698512,442210
698513,443172
698516,443819
698516,439686
698518,398878
698518,439885
698519,439475
698519,666712
698525,443957
698526,442495
698531,442683
698534,437200
698535,667446
698539,442047
698539,440155
698543,439477
698543,441598
698545,438626
698553,212304
698555,439879
698557,303293
698563,441792
698566,441752
698568,300579
698571,444753
698574,440871
698580,814849
698580,439540
698581,443341
698582,442972
698588,441075
698590,273211
698594,438689
698598,441452
698601,442364
698603,439113
698606,440293
698606,442529
698615,440905
698619,239409
698620,297759
698624,439934
698626,442502
698627,440100
698634,442835
698635,180474
698636,443866
698637,684215
698638,438193
698640,445119
698640,441603
698642,445361
698645,441505
698647,655221
698662,440381
698663,440572
698667,442502
698673,316489
698685,281478
698688,441669
698692,441215
698694,442394
698698,441450
698700,442869
698705,439805
698706,442876
698707,440446
698708,692228
698709,441800
698717,441891
698718,442271
698720,441119
698725,442391
698728,296636
698735,443935
698738,695015
698740,441036
698752,667291
698759,443276
698763,440764
698764,439839
698766,441312
698772,287446
698780,442138
698780,443801
698788,442064
698788,668671
698793,440564
698794,442494
698794,440729
698799,439776
698799,440933
698806,439611
698807,442072
698812,323530
698812,700928
698813,677825
698817,437934
698821,691607
698822,440884
698825,441583
698829,443838
698829,440624
698832,439684
698847,440336
698861,683297
698861,282067
698862,698163
698862,443123
698863,447428
698864,680551
698864,685947
698871,442572
698873,443313
698877,440173
698881,442586
698893,590035
698893,442123
698893,440244
698896,312740
698896,233210
698899,441372
698900,445031
698903,667748
698903,440470
698904,442802
698912,441171
698918,306855
698919,444155
698920,678726
698924,439346
698924,446241
698927,442135
698933,443183
698934,438977
698936,441313
698938,441638
698942,442045
698948,440524
698948,353533
698949,440248
698957,441410
698957,442098
698957,440554
698961,441325
698963,440083
698966,201691
698970,287186
698971,438056
698974,439244
698981,437099
698989,687611
698991,436088
698993,442927
698995,442196
699006,441860
699023,303056
699024,438605
699027,779504
699031,443082
699035,441840
699045,439811
699049,443474
699053,442476
699055,441679
699059,442075
699061,444953
699061,288863
699069,439606
699070,442521
699077,162132
699083,689896
699083,439024
699089,442153
699089,321062
699095,440195
699097,443745
699098,443470
699101,687062
699102,440562
699103,442489
699104,443063
699106,440877
699106,442877
699108,438916
699117,441634
699120,674892
699125,437511
699127,289313
699127,668595
699129,438998
699130,444868
699131,445804
699140,241101
699141,442949
699162,303165
699163,362905
699165,441902
699174,442201
699183,444687
699188,442439
699189,439859
699193,440499
699194,306085
699197,598482
699198,442018
699205,444515
699206,445065
699219,440415
699222,442545
699223,440743
699229,442903
699233,273610
699236,438530
699241,441252
699246,442509
699249,441136
699252,442388
699252,291262
699254,441858
699258,445459
699259,678398
699265,438229
699266,442416
699273,442781
699276,441860
699277,440188
699289,673214
699290,675312
699292,439120
699297,441635
699298,117979
699299,444059
699300,442408
699302,442224
699303,689449
699304,443155
699308,441880
699309,444124
699324,441804
699325,440171
699329,444642
699329,439397
699332,442519
699340,443124
699341,443286
699349,442381
699350,438856
699357,444884
699359,443327
699367,444452
699367,443426
699369,444047
699374,446022
699380,440421
699383,446820
699385,438338
699388,443552
699391,441773
699399,442289
699400,442377
699406,443252
699408,685887
699408,442129
699423,443864
699425,443039
699430,445280
699431,287970
699432,444659
699440,441929
699443,439606
699444,304336
699458,439261
699459,649286
699459,440139
699461,442200
699465,443511
699466,439678
699472,441905
699473,332869
699477,441830
699478,439821
699479,295695
699491,293635
699494,288131
699496,440867
699497,441795
699499,442305
699508,440138
699512,442541
699513,440603
699513,292006
699516,440144
699519,667426
699530,441160
699532,439206
699536,439883
699537,439555
699544,299971
699545,439859
699551,399492
699552,662595
699552,408690
699557,296222
699562,441838
699569,442829
699591,680035
699599,440486
699605,444091
699606,441802
699610,439266
699610,682192
699612,441422
699616,443366
699621,438954
699627,442611
699634,441744
699636,442418
699640,442438
699643,198249
699658,439525
699667,120456
699675,351659
699678,443054
699679,295817
699689,195861
699696,443122
699698,439939
699699,440935
699708,440705
699714,441186
699719,441359
699722,441329
699729,439411
699739,440840
699741,239962
699742,445606
699743,443700
699744,427408
699757,441655
699757,444481
699757,328339
699761,442339
699767,256241
699768,443374
699771,440504
699777,441167
699788,442478
699792,318732
699794,686247
699796,443637
699797,438294
699802,222500
699802,445033
699807,441457
699811,442670
699813,442514
699815,309338
699817,443772
699822,656728
699828,441696
699833,444606
699839,440355
699844,169434
699845,322345
699849,441569
699853,439299
699858,681527
699859,318058
699860,286453
699871,439484
699873,439677
699878,442817
699888,438499
699896,316428
699898,663617
699903,441280
699906,440803
699907,304804
699911,441863
699917,438392
699918,439364
699919,440564
699926,444472
699928,325467
699936,294015
699938,442519
699943,440078
699949,438889
699951,671829
699955,441642
699956,441122
699958,440256
699961,439931
699972,443884
699980,444995
699984,245255
699986,208664
699989,442139
699996,440870
699999,441577
700023,441723
700025,439417
700029,441631
700042,436519
700057,441233
700059,440575
700075,682489
700085,443909
700087,440002
700093,442093
700093,437317
700095,289255
700101,696270
700102,444964
700119,662880
700125,445446
700126,685755
700128,244746
700141,661558
700142,442332
700142,437863
700153,676424
700154,682816
700165,442869
700165,441205
700178,445146
700181,441332
700188,438797
700190,439151
700204,440256
700229,440378
700231,674777
700234,442321
700239,442267
700259,437802
700264,673479
700267,437959
700286,442189
700293,351365
700294,273222
700299,269905
700300,440570
700302,444960
700309,441009
700319,442724
700320,290787
700327,440820
700328,440517
700330,293474
700336,301290
700342,291209
700355,292650
700362,441322
700381,348884
700383,665271
700385,438846
700391,439803
700393,695080
700393,329531
700397,443082
700397,443437
700400,443356
700404,283234
700404,442702
700406,319289
700416,681235
700426,250545
700427,303540
700428,301584
700428,439894
700438,440165
700438,442144
700439,665645
700446,439444
700458,295312
700472,437357
700475,440762
700477,309660
700512,281814
700513,442129
700533,441286
700536,445197
700539,440050
700543,444268
700544,440971
700546,201588
700548,678881
700549,300289
700550,309800
700561,216627
700562,441419
700567,136056
700574,681635
700574,442663
700577,330722
700581,676957
700585,443113
700595,681400
700596,439783
700598,443303
700600,441007
700603,441608
700607,272702
700607,439952
700614,442073
700621,438305
700623,441550
700634,440588
700651,129699
700655,442379
700664,300576
700670,441288
700676,678078
700681,408438
700709,442268
700725,703593
700726,443497
700735,444181
700741,185705
700747,438899
700755,672350
700759,443110
700767,687532
700768,440387
700775,681582
700797,438570
700802,440582
700803,438407
700808,441229
700816,442133
700817,680643
700832,256163
700838,702716
700841,236774
700843,443712
700844,443910
700865,293900
700893,441311
700896,695084
700900,260152
700910,313673
700918,258826
700921,291804
700939,330372
700944,688686
700955,441078
700966,291488
700974,444315
700975,440304
700980,439299
700988,441953
701001,440370
701015,441812
701016,310639
701026,293689
701031,671174
701041,293605
701041,753681
701052,308817
701062,247751
701072,444451
701078,291507
701084,326535
701089,692606
701091,441713
701103,698254
701106,290298
701108,652920
701119,678908
701120,349480
701123,445372
701124,267731
701124,438260
701136,441444
701146,675589
701148,149479
701157,441152
701157,438544
701164,299617
701180,679302
701184,441372
701189,294058
701195,442002
701202,692006
701207,443881
701222,671773
701226,683160
701229,439740
701241,442259
701262,282384
701266,669748
701279,443561
701284,443380
701293,444180
701318,441045
701319,744463
701325,444022
701334,443412
701338,283028
701350,144618
701351,290348
701365,673427
701368,441429
701374,292476
701384,331875
701408,636928
701415,441563
701424,276809
701432,175992
701433,688148
701435,253193
701451,665359
701467,296500
701470,442469
701479,294871
701483,256491
701485,203159
701490,698751
701500,438725
701502,442786
701528,438871
701543,266338
701556,681774
701571,444040
701596,276330
701598,652690
701599,681719
701606,691910
701611,295963
701616,669679
701616,698053
701617,353073
701622,314794
701664,442998
701669,306935
701685,688716
701703,441482
701715,701992
701722,165108
701724,291262
701724,672411
701733,673144
701735,667448
701740,332476
701740,440604
701751,683513
701763,684654
701772,443630
701774,324857
701836,699458
701837,441614
701858,443330
701859,280882
701880,319000
701903,281350
701904,286377
701974,440485
701978,281578
701979,440842
701982,303080
701988,670770
701989,289793
702008,283909
702053,291277
702056,324882
702058,266231
702065,153978
702086,298516
702089,664968
702114,691152
702121,437919
702124,280017
702124,271502
702168,307112
702186,441164
702188,702859
702210,282702
702211,337327
702221,678830
702226,156664
702235,283540
702267,279166
702276,166842
702278,111186
702286,443365
702299,444140
702310,293393
702325,278723
702333,299986
702338,672456
702339,286371
702377,659322
702384,691222
702408,438703
702473,655424
702482,309060
702488,253165
702493,178731
702500,439126
702502,280794
702506,295208
702507,259666
702525,169992
702528,339779
702542,320833
702549,672789
702570,149648
702582,690083
702586,440860
702590,688874
702598,288024
702673,694725
702689,677179
702721,278943
702731,298267
702770,298975
702777,437992
702778,688463
702801,665519
702809,289104
702828,284356
702832,170707
702854,146767
702891,678071
702921,669144
702939,241693
702945,294825
702965,723996
702971,270215
702980,322044
702994,279426
703002,689198
703004,438812
703014,278074
703017,339708
703023,161906
703034,276201
703040,442837
703057,345196
703057,282230
703070,299892
703086,687959
703087,292358
703098,677134
703109,663750
703123,304500
703127,278369
703142,678730
703179,675381
703193,668304
703203,668314
703231,268672
703235,678127
703256,679797
703256,300474
703261,441640
703281,282954
703334,291447
703362,163382
703381,332900
703385,306215
703387,281342
703395,688586
703398,161538
703405,326005
703410,309166
703413,255731
703437,223774
703474,702340
703496,302846
703497,290476
703499,658478
703504,291141
703521,669223
703543,294782
703561,151111
703569,712043
703595,682180
703599,301038
703605,273848
703609,280670
703614,309965
703614,179584
703623,287346
703623,167235
703649,686258
703661,284104
703674,344050
703686,685458
703692,286140
703723,297137
703754,230524
703754,438700
703762,686242
703790,275210
703797,292479
703807,332449
703811,221038
703812,665062
703854,340722
703868,277449
703870,166763
703881,678880
703883,275637
703907,668669
703910,160539
703984,294601
703997,670432
704020,173780
704025,279846
704046,669260
704048,355841
704086,273286
704103,308639
704111,306210
704142,315263
704147,283527
704149,677683
704167,285133
704191,217741
704232,149086
704234,259496
704247,323071
704262,297229
704329,149902
704333,314123
704345,289420
704356,337165
704363,326556
704366,295473
704369,374365
704369,309890
704380,711899
704406,325149
704409,697931
704424,135711
704454,338458
704462,314552
704488,306135
704513,283929
704520,306582
704521,694439
704523,708638
704533,286054
704544,303749
704547,160121
704553,145884
704569,703275
704611,302250
704623,305999
704648,288700
704653,277708
704654,272991
704661,254991
704676,223735
704679,281055
704686,656926
704716,703337
704725,249284
704731,294011
704737,692245
704742,286892
704753,301847
704777,274765
704787,700455
704792,679338
704815,264109
704856,295175
704861,286547
704871,651783
704872,244335
704872,300990
704883,283669
704894,276792
704916,332420
704938,691495
704946,318543
704956,286891
704987,299097
705012,366397
705013,300167
705014,657533
705015,297768
705031,306966
705096,664175
705098,179585
705098,331435
705109,669389
705115,300466
705117,300278
705121,228653
705127,714589
705170,281060
705190,708835
705228,284330
705235,308595
705241,316039
705252,293634
705278,131325
705297,295826
705366,296191
705375,291037
705434,297284
705492,685887
705520,701257
705525,288814
705527,146615
705543,696960
705556,280563
705557,293679
705566,200849
705570,655482
705571,272086
705595,178978
705626,681205
705647,288089
705664,225224
705672,691023
705677,182884
705680,685214
705721,317585
705738,284447
705776,293373
705779,280434
705821,305801
705830,147713
705832,200990
705851,692137
705861,295346
705877,684071
705880,278481
705881,211206
705893,686637
705933,148058
705936,691761
705977,302277
705992,285780
705995,292960
705996,738898
706035,358168
706044,680867
706056,261032
706112,661087
706122,306250
706123,291802
706127,274914
706129,303170
706149,144765
706160,302491
706181,273510
706197,279618
706219,264314
706220,312959
706230,301823
706290,305602
706293,314311
706308,283768
706322,310823
706342,290706
706344,280613
706366,308569
706378,299194
706381,146930
706386,679071
706392,281379
706437,137734
706457,170587
706479,687819
706516,685741
706518,267477
706531,148431
706536,933602
706539,278970
706544,153527
706552,661346
706558,679397
706560,300292
706563,284923
706573,788397
706575,275059
706595,156813
706624,164156
706640,266137
706666,781991
706669,702409
706732,289228
706743,322829
706746,671361
706758,202365
706771,683708
706825,689572
706839,674529
706846,687222
706853,308954
706870,271736
706878,240835
706886,285952
706887,252684
706905,287443
706907,664938
706908,340613
706915,295275
706936,329543
706989,699802
706997,312915
707005,153782
707028,288084
707050,292102
707051,295297
707065,281815
707092,311204
707102,151789
707106,294587
707118,289478
707129,229192
707137,232812
707159,691509
707174,685736
707179,303448
707181,307590
707186,168994
707194,685244
707196,572348
707203,298154
707209,157949
707218,295084
707238,268654
707252,653631
707265,669547
707273,672048
707279,688676
707283,695288
707349,235769
707351,298318
707365,283237
707377,329284
707382,279730
707382,276204
707390,255464
707394,312433
707395,310898
707397,288630
707420,259653
707451,669809
707466,293820
707505,294827
707517,661042
707543,692604
707549,282457
707576,312595
707590,271816
707603,298030
707607,167525
707608,687599
707619,276777
707682,295417
707685,275156
707720,288853
707730,689708
707759,139128
707761,678694
707765,277850
707788,166771
707789,323272
707801,333247
707837,253634
707841,676572
707870,281921
707898,290603
707926,282009
707926,278253
707942,293382
707954,285130
707956,637150
707957,168777
707977,276060
707990,697749
707999,302955
708016,308519
708026,188941
708065,313985
708075,320773
708080,294110
708087,303996
708088,702950
708116,316757
708124,165580
708126,169170
708132,326841
708133,221558
708140,668088
708153,120364
708162,155329
708162,285376
708202,158544
708203,259700
708214,670388
708228,682819
708235,289037
708255,324594
708256,299572
708279,304008
708284,293812
708346,691143
708349,137248
708391,685702
708397,769404
708426,287052
708439,132729
708440,255459
708460,278102
708472,277003
708478,318951
708491,264981
708502,680576
708507,227691
708513,301729
708532,165610
708544,233531
708546,293612
708548,294480
708553,337999
708556,303772
708557,683543
708567,312343
708595,281273
708598,256586
708607,270322
708613,812591
708615,193176
708630,295474
708639,296152
708673,148331
708673,673682
708694,295862
708703,280869
708721,691090
708722,303272
708725,295067
708742,282271
708759,310501
708760,274641
708760,274915
708775,155168
708790,682055
708796,316752
708798,299860
708801,292267
708804,162973
708812,675283
708816,166111
708822,277428
708875,262288
708885,680782
708892,691653
708893,293724
708920,189739
708930,311244
708945,290981
708953,158616
708981,299568
708981,277768
708987,278073
708994,293024
708996,293339
709005,298722
709013,300028
709013,326922
709046,287843
709063,261554
709084,290950
709092,290932
709100,307859
709102,282535
709105,691184
709134,310011
709144,277620
709157,278581
709161,282800
709167,673532
709174,321724
709181,289339
709207,297294
709211,130318
709226,294924
709230,278885
709236,289106
709242,157824
709251,186592
709253,288236
709254,787914
709268,277284
709270,287137
709273,284763
709274,304907
709283,296998
709290,284660
709303,276162
709323,297254
709330,681014
709341,717008
709348,286113
709361,821251
709414,668869
709443,203601
709445,294582
709454,304902
709465,277348
709504,289177
709506,683851
709539,287817
709544,334620
709571,176723
709573,681534
709584,315885
709600,151316
709627,293821
709632,277233
709657,319921
709660,676427
709661,349799
709683,293213
709713,353692
709743,294592
709747,298211
709763,290867
709769,285363
709778,762200
709787,273142
709804,288043
709819,274506
709829,296581
709857,318569
709865,282293
709873,268826
709878,272325
709894,270231
709903,192790
709908,276646
709913,304679
709916,671163
709920,310674
709943,291272
709945,690390
709968,281980
709977,155295
709996,266455
710008,684839
710022,278632
710026,285684
710048,275645
710060,276488
710071,262762
710082,671401
710089,288371
710093,321818
710123,291483
710124,161854
710141,291411
710144,284479
710167,295120
710201,357105
710224,277934
710239,289227
710240,290982
710253,287054
710276,300444
710328,293591
710331,303298
710345,134216
710361,237358
710367,189419
710367,238198
710372,278515
710428,299353
710435,295941
710445,726644
710461,299315
710462,300756
710469,154061
710471,295540
710499,802108
710505,286307
710549,306658
710562,285332
710578,269705
710595,298079
710601,321378
710604,282596
710641,295108
710650,672881
710664,305459
710667,287620
710682,290797
710713,672041
710720,269785
710723,157736
710752,272935
710759,639162
710768,323899
710770,333626
710777,659266
710781,170618
710787,691647
710791,304850
710800,292968
710831,266632
710835,302557
710852,263371
710858,290890
710859,323211
710883,723325
710923,307630
710946,684414
710953,248819
710976,299555
710978,283325
711005,279995
711011,265955
711013,691669
711023,302444
711025,302177
711025,269139
711042,292481
711044,666475
711046,199756
711068,274238
711079,291504
711086,151664
711097,326610
711121,177968
711164,277197
711165,126850
711189,376070
711192,218359
711200,306996
711204,668714
711204,296945
711230,748087
711231,296663
711248,689747
711258,287112
711259, 87400
711276,680568
711283,289634
711304,286118
711318,279501
711323,298659
711332,682728
711344,288890
711348,319665
711374,294731
711399,677275
711400,144604
711410,331633
711410,324962
711418,274418
711418,288273
711452,288002
711460,300762
711467,299858
711483,277419
711491,689895
711517,224192
711520,295762
711551,280750
711566,736400
711591,170080
711649,666213
711655,293574
711687,251394
711687,269343
711700,288593
711702,297300
711716,369704
711728,167279
711733,649856
711759,324164
711764,281425
711813,286798
711843,669021
711853,280310
711860,148132
711861,275543
711865,141200
711881,303214
711901,273952
711919,309014
711921,271641
711954,269984
711958,158873
711967,173947
711972,288017
711977,282059
711986,724034
711990,668998
711996,264741
711996,285555
712014,288736
712016,684737
712035,269838
712049,324621
712050,281524
712060,267211
712070,280219
712084,235656
712134,151940
712163,702483
712187,293767
712210,714325
712219,285417
712229,209469
712239,318499
712264,294642
712288,281428
712289,295028
712299,309084
712311,298689
712321,180357
712325,286852
712356,268525
712368,301201
712371,669280
712396,288045
712407,331218
712409,298960
712433,309139
712433,273863
712444,321685
712457,210700
712475,699205
712488,297381
712515,346012
712522,287681
712535,322830
712543,353334
712573,320031
712577,285424
712596,763593
712614,204707
712614,175902
712614,658232
712688,273869
712691,295997
712692,269436
712706,288987
712722,267045
712752,256719
712759,113061
712779,288471
712812,308221
712843,289489
712849,164269
712900,313604
712923,306166
712964,194756
712986,284444
712987,291317
712996,285653
712999,319179
713003,336299
713009,308345
713011,294166
713012,291080
713019,309764
713029,232858
713044,302208
713061,308632
713064,276351
713071,290436
713071,700358
713095,312070
713102,368371
713104,277804
713113,285107
713127,291439
713155,326244
713165,679505
713168,128309
713180,298564
713205,316107
713222,280338
713223,302301
713230,281965
713265,334173
713272,717275
713285,341449
713288,286618
713291,162113
713335,298805
713342,322980
713348,274263
713360,287817
713386,285985
713387,296241
713408,307817
713427,666386
713432,677262
713439,294715
713440,283437
713462,302644
713463,153341
713470,184355
713477,223932
713485,303098
713516,668242
713518,309112
713534,298226
713594,289390
713614,278059
713636,341332
713654,282484
713676,305021
713699,292027
713736,343445
713779,305961
713791,750043
713793,130655
713802,284468
713806,305590
713822,143327
713825,231868
713836,300127
713846,293666
713864,300991
713882,343563
713882,297608
713905,184614
713913,299659
713955,687066
713957,370735
713968,318976
713977,183948
713980,672792
713986,295787
713988,697458
714008,233518
714020,682951
714043,123084
714046,248525
714070,290316
714072,321960
714094,282784
714103,295627
714104,332912
714114,276788
714117,280024
714137,298298
714155,304979
714171,325811
714204,701858
714205,700228
714208,290617
714217,308639
714222,285593
714262,245123
714277,300062
714282,284910
714284,291142
714307,304400
714310,290553
714323,300802
714327,291206
714329,672973
714355,290866
714376,304870
714384,287032
714387,280096
714421,324590
714443,250836
714461,281987
714463,115130
714468,609168
714492,275122
714512,288658
714531,270720
714572,679774
714620,319279
714621,348094
714625,309652
714625,285878
714644,282057
714652,277361
714662,324191
714672,687095
714698,318257
714716,300798
714731,302914
714733,336284
714741,753566
714745,144071
714753,283238
714754,265109
714760,283718
714773,719706
714773,281107
714777,187516
714794,294262
714807,294667
714831,769498
714832,305697
714855,177215
714870,294580
714887,349750
714929,210191
714942,295815
714945,289338
714977,168505
714980,298504
714982,181995
714988,328229
714989,286816
715017,298309
715020,287866
715024,272682
715025,241721
715071,260230
715104,306309
715136,309366
715141,308835
715142,287645
715142,591937
715157,283290
715162,257052
715163,177513
715168,682543
715169,288738
715194,295949
715203,714025
715210,284178
715219,294457
715228,507243
715229,184252
715235,170776
715235,297673
715243,299859
715248,297177
715258,243464
715262,290271
715278,306189
715361,300524
715369,292152
715424,302474
715437,350042
715442,115453
715475,361624
715497,188692
715497,744220
715523,341251
715529,291444
715548,678901
715563,272878
715571,163922
715587,236244
715591,299146
715593,164929
715614,244013
715642,317994
715665,289557
715665,314356
715668,304080
715687,727035
715706,303745
715710,304640
715710,327504
715722,274882
715735,290433
715776,279687
715786,280212
715808,298063
715845,155660
715903,278903
715928,296727
715946,278399
715951,208118
715960,317501
715969,700818
715978,323379
715981,267548
715986,278648
716037,293941
716056,297080
716061,306755
716072,290776
716079,291111
716093,316405
716094,291919
716111,742249
716113,299088
716142,660458
716186,302697
716186,340234
716218,188336
716230,296490
716237,309562
716261,669849
716286,269660
716302,292049
716311,138516
716315,331397
716327,332298
716327,289062
716369,304607
716375,284628
716382,655283
716467,309584
716475,278060
716480,295092
716493,280347
716511,681240
716546,172816
716569,346898
716572,322749
716595,293965
716612,323787
716618,230368
716623,288286
716637,306898
716671,282731
716673,284301
716675,287901
716695,581585
716697,707058
716700,287134
716730,693489
716743,271737
716745,294556
716746,348523
716748,300272
716791,195979
716802,278700
716808,670229
716819,752548
716832,283423
716858,321983
716863,285997
716870,265198
716880,307154
716913,133069
716917,288522
716930,779324
716937,306408
716950,305567
716976,148754
716991,292865
717017,293146
717022,298523
717026,217082
717031,184306
717033,307793
717036,327026
717049,275060
717063,321740
717104,304638
717118,283171
717125,681369
717157,297133
717161,736463
717164,666873
717167,286847
717181,319859
717190,285328
717204,773172
717215,305750
717231,288124
717243,300708
717248,354602
717249,151735
717257,290406
717262,743092
717291,239550
717304,272243
717318,271000
717328,286620
717345,286775
717366,299424
717377,275145
717391,293931
717403,288039
717445,175613
717452,701767
717465,308766
717468,295182
717482,302440
717498,310127
717505,289400
717506,276524
717508,315713
717535,156421
717540,323494
717541,295839
717575,245397
717588,269615
717616,303912
717617,175501
717617,328304
717619,192026
717624,310918
717647,284003
717660,241832
717662,668856
717663,242436
717694,283937
717731,317034
717741,291996
717765,274148
717769,288092
717770,311767
717795,283579
717810,285063
717824,299921
717838,311417
717905,204106
717910,594091
717940,266352
717943,310875
717960,286565
717964,146643
718002,293469
718008,328331
718029,379605
718053,216119
718082,285079
718097,269142
718124,681800
718128,255575
718135,347274
718135,749297
718171,268278
718195,117393
718215,303176
718235,269597
718257,300656
718262,302712
718270,322714
718278,317631
718294,290087
718297,285688
718305,295882
718325,102007
718330,271314
718332,347566
718340,213467
718352,285365
718358,153598
718361,321392
718365,688808
718366,336844
718367,655541
718379,333954
718391,272154
718392,267286
718395,294807
718400,705096
718403,292236
718416,287150
718431,321652
718458,336795
718459,316217
718484,665420
718501,685261
718519,684748
718521,312645
718526,591287
718559,294965
718588,304166
718635,280260
718723,293903
718726,286413
718728,272446
718758,302204
718778,182395
718798,770674
718800,292716
718804,265366
718805,134462
718818,289529
718838,131739
718841,320995
718858,287060
718881,220184
718890,291193
718907,302471
718917,333223
718932,277027
718958,299310
718959,113221
718961,301574
718997,333017
719009,301334
719010,305082
719044,303478
719045,290275
719047,339153
719047,299013
719057,181511
719060,300495
719062,296697
719114,237023
719128,266317
719135,280607
719144,676860
719174,303148
719187,270156
719192,288641
719220,295004
719246,303402
719292,302824
719315,321889
719347,212074
719367,199887
719374,284256
719376,339361
719416,607775
719420,211410
719438,155337
719446,290443
719448,192729
719456,298918
719477,302027
719496,283476
719515,152605
719520,286333
719520,318146
719526,282982
719531,311344
719540,304375
719550,306410
719589,298611
719593,180665
719623,331368
719644,322365
719655,349254
719660,279968
719660,295910
719670,129767
719706,316121
719709,211509
719717,296724
719747,300894
719750,282710
719762,294073
719765,147389
719767,291714
719788,334234
719813,321913
719824,312782
719841,301033
719842,272942
719856,304324
719860,276874
719867,276438
719892,316335
719903,301749
719910,749446
719927,275669
719944,185342
719956,301613
719968,127764
719970,173836
719974,350939
719987,341687
720015,261518
720017,278608
720064,276804
720065,325479
720076,286354
720092,357866
720107,283677
720108,287555
720115,281653
720136,330861
720142,287555
720147,299965
720148,286452
720149,301812
720170,286009
720171,180539
720179,306030
720201,608897
720207,275262
720212,305714
720234,297247
720238,299992
720324,154456
720368,756070
720380,338367
720393,276853
720406,292459
720434,781036
720467,745434
720471,354608
720502,303515
720518,600162
720555,315378
720556,345746
720564,637819
720601,293224
720602,336250
720636,288790
720654,299684
720656,272277
720702,331256
720726,273311
720731,293521
720735,299319
720736,147428
720743,297235
720764,335837
720776,162089
720779,134129
720788,290403
720807,298828
720821,255351
720886,304939
720892,147308
720894,300389
720912,322179
720944,292151
720967,275402
720971,174168
720983,741736
720985,266637
720996,306518
721006,320853
721019,752025
721045,715894
721050,304876
721054,215512
721069,281452
721070,153026
721071,281847
721085,301683
721100,294895
721106,345427
721108,149887
721111,294496
721140,224085
721153,288896
721161,323426
721190,757714
721201,705211
721207,349545
721228,307176
721242,273180
721244,279380
721255,704896
721277,278713
721284,303424
721294,153879
721299,287603
721323,302325
721328,287720
721337,289536
721348,294332
721364,147946
721376,279126
721402,281927
721409,287952
721422,302694
721452,316765
721455,334862
721473,281132
721478,141300
721524,746410
721528,299800
721528,168106
721541,243318
721544,286324
721585,315360
721600,812937
721649,292323
721657,322741
721693,284424
721728,291943
721735,655048
721747,283873
721791,152317
721799,310234
721810,314006
721810,670227
721815,279742
721816,271218
721823,313145
721829,200714
721836,252589
721867,309198
721868,297684
721869,149428
721877,161120
721900,705038
721911,613884
721930,288790
721955,312052
721980,707833
721996,331446
722001,273102
722003,284569
722005,284097
722014,662214
722019,790354
722025,287848
722030,323382
722032,300348
722060,276216
722077,288742
722089,303815
722113,289317
722123,286863
722128,285593
722150,317460
722153,196689
722154,311443
722172,305429
722192,143392
722213,277215
722221,288470
722233,339215
722235,307375
722236,673115
722242,293068
722265,287091
722275,291701
722296,284977
722317,228270
722319,298950
722327,292610
722334,291201
722347,308414
722358,125522
722367,308467
722382,105797
722406,231206
722413,314981
722430,282499
722432,269671
722456,632724
722471,667225
722476,286428
722477,334695
722506,315796
722521,305553
722524,291144
722525,268923
722553,277313
722554,174956
722573,293821
722596,185935
722601,145798
722610,312937
722623,305077
722625,296943
722645,270309
722648,291769
722648,316398
722653,291584
722658,323784
722687,304400
722694,293614
722703,635114
722743,284536
722751,350475
722759,339672
722793,352154
722815,317244
722829,284108
722843,340599
722866,340567
722866,280355
722877,311479
722878,295633
722880,299067
722900,291706
722953,700322
722969,285153
722971,277980
722983,302673
723004,135542
723022,295441
723033,287977
723064,733086
723069,333869
723070,298123
723105,704539
723105,287154
723106,287965
723117,270517
723117,294756
723139,288362
723146,154618
723149,282789
723190,327345
723198,278247
723207,282634
723216,298587
723216,144784
723218,274082
723222,277589
723233,332085
723267,290419
723269,284573
723271,681831
723272,304868
723310,346540
723352,585889
723358,226816
723361,301340
723362,164265
723386,347941
723412,278066
723415,305824
723431,301381
723474,324865
723478,294558
723479,303532
723490,677775
723528,773768
723566,305111
723597,696216
723620,285992
723622,647731
723646,330195
723650,283109
723726,313358
723726,270562
723777,598130
723823,271061
723824,291686
723831,225337
723832,301954
723840,314568
723853,287187
723857,304747
723884,304941
723886,183893
723899,297277
723945,345405
723979,165875
723995,585228
723996,350583
724035,271828
724058,302554
724059,287347
724075,159616
724103,303140
724104,686890
724111,214311
724120,164619
724144,165061
724186,136534
724189,156076
724190,292061
724191,288419
724215,268704
724233,360007
724249,132921
724272,299529
724327,279809
724328,734830
724393,175493
724429,294579
724431,782689
724439,690398
724439,276994
724456,701188
724457,291127
724468,292079
724487,801345
724495,293937
724548,275360
724560,325771
724563,272784
724568,273427
724584,718987
724587,269018
724594,274828
724600,283328
724615,187775
724617,581836
724640,326859
724655,309120
724680,277458
724686,166236
724688,302319
724697,286165
724707,303512
724724,333783
724726,297469
724737,683865
724759,282522
724759,244136
724777,335457
724789,361292
724794,149839
724802,291047
724805,338006
724815,681043
724826,277289
724839,163003
724852,721137
724868,284842
724878,296959
724896,154371
724897,316665
724927,144443
724927,287383
724945,279836
724951,761139
724958,361098
724962,756164
724965,612541
724972,276789
725013,248299
725014,286199
725015,292727
725072,331007
725129,299904
725179,227242
725180,305931
725197,692979
725200,291978
725202,731053
725259,351709
725277,307091
725306,291978
725308,294370
725313,189735
725317,317067
725324,273270
725324,279913
725329,308026
725350,314973
725360,783851
725410,277650
725420,290434
725424,243543
725477,665330
725485,342222
725485,294653
725487,273089
725487,335657
725526,271292
725527,280476
725530,282585
725531,207047
725552,294978
725560,274328
725597,309596
725604,543843
725630,301869
725644,283130
725662,181202
725667,264599
725670,281131
725686,278214
725710,294828
725716,121097
725719,281705
725729,271338
725734,295126
725736,239197
725775,315215
725779,319831
725781,645316
725792,246600
725799,667225
725799,764607
725819,293399
725821,594146
725830,314718
725836,747114
725836,325343
725838,362371
725861,332189
725864,159880
725865,283666
725893,192085
725895,280220
725897,735925
725905,303088
725909,293740
725917,297457
725930,304047
725969,305867
725975,344116
725987,289167
725997,324578
726008,338919
726018,709707
726066,680025
726076,289151
726077,356289
726078,197016
726086,896917
726095,353918
726124,725959
726147,290037
726150,750547
726176,274007
726181,299053
726189,271276
726190,728026
726196,164441
726200,284105
726239,290654
726242,304727
726243,271154
726256,291377
726263,296552
726268,335574
726291,296930
726298,298086
726328,314351
726360,173118
726370,282499
726415,577099
726421,495755
726427,270191
726427,283545
726427,215817
726441,225458
726446,307863
726451,295288
726459,311276
726465,292939
726492,301602
726494,310071
726496,283446
726498,614274
726540,303772
726558,332556
726562,163075
726600,299497
726602,124367
726608,302192
726612,293182
726629,721054
726644,154727
726685,340061
726690,294593
726702,270742
726712,283999
726718,316298
726722,232919
726729,348125
726754,283429
726755,270339
726845,308758
726857,294575
726862,316563
726881,284390
726957,336694
726963,291246
727008,293594
727015,308836
727046,295417
727053,330410
727065,293414
727066,298326
727081,549400
727083,342468
727092,246345
727110,347133
727136,291317
727161,353200
727172,323306
727180,316025
727184,292955
727244,301739
727336,296987
727374,584547
727394,276848
727396,280957
727433,172296
727438,278457
727452,287949
727457,359672
727473,280820
727479,270111
727479,302739
727488,356752
727497,330189
727504,794720
727507,598777
727530,239894
727540,734087
727542,778510
727562,284337
727577,275138
727578,305039
727584,326459
727589,298572
727591,284155
727604,360372
727610,291749
727621,301634
727622,154494
727637,163507
727689,240986
727711,300941
727727,286270
727732,128342
727740,777742
727742,277166
727781,299236
727800,267524
727801,281357
727806,295148
727810,307262
727821,324754
727826,608175
727845,300572
727847,349595
727860,288860
727869,297148
727870,316192
727871,139437
727879,283180
727894,318871
727962,284818
727964,590762
727998,307851
728052,113821
728068,344591
728071,750885
728089,218591
728094,299098
728095,276655
728101,155896
728118,337519
728122,288829
728128,252989
728130,269417
728162,362410
728184,307446
728218,296576
728237,295734
728237,337103
728295,581289
728300,156375
728309,329742
728326,296492
728364,331124
728370,735844
728386,282957
728397,294227
728417,297989
728434,319810
728439,164085
728480,344819
728513,249270
728545,289137
728546,309881
728548,322225
728575,300185
728597,290265
728602,214432
728609,308954
728679,343991
728694,346773
728710,292570
728725,277747
728753,296096
728773,288083
728805,292736
728806,743110
728828,346151
728863,322249
728928,278348
728930,133822
728939,320756
728949,308675
728956,287912
728980,349607
729010,285078
729011,307107
729025,285505
729025,155349
729026,354346
729063,618135
729098,332104
729115,299743
729125,270937
729133,297925
729150,291344
729171,337623
729174,331256
729179,282671
729204,287868
729204,279436
729209,133225
729213,772884
729250,341416
729255,329495
729269,318397
729274,317243
729277,632123
729281,311677
729284,297725
729290,288205
729294,278659
729303,304346
729319,674557
729329,275833
729331,266089
729382,198342
729387,170152
729459,600480
729459,294827
729459,299561
729466,331067
729519,303577
729546,344012
729562,809718
729569,270180
729572,290988
729594,261117
729602,276022
729603,305729
729629,226094
729631,145985
729658,302170
729715,292497
729722,774008
729741,735034
729755,269785
729770,363842
729779,284008
729780,293181
729782,287145
729784,743345
729802,301463
729820,324513
729821,260906
729835,295873
729835,544948
729885,362561
729900,112579
729901,308062
729906,176546
729959,278670
729964,362148
729990,308413
729997,255111
730015,296253
730017,186219
730018,301063
730030,183071
730054,299373
730080,179652
730159,166274
730170,255350
730265,278145
730301,330709
730307,342079
730310,752086
730315,316172
730320,325017
730323,382468
730344,349604
730348,736864
730363,643550
730371,332452
730378,734283
730389,179129
730396,294470
730421,205876
730470,306527
730479,294786
730489,294290
730499,305208
730510,301785
730517,279293
730540,641753
730591,280964
730616,351816
730639,170230
730651,181856
730706,288397
730721,284544
730761,293877
730763,256722
730769,179017
730772,294352
730791,740827
730812,189169
730814,330727
730852,708018
730866,581583
730870,295805
730936,287821
730940,294434
730965,319402
730965,155801
730984,330801
730993,300938
731089,305621
731107,271687
731124,337800
731150,118829
731150,594272
731155,276404
731180,282206
731204,285254
731205,185985
731215,187937
731219,729203
731238,280344
731252,316158
731252,113224
731259,168966
731279,743318
731285,158501
731285,591882
731292,270989
731348,153810
731364,269828
731367,289407
731367,262861
731434,157736
731487,242592
731545,156681
731575,298159
731577,264924
731586,322469
731591,336623
731592,295168
731619,143011
731641,251180
731654,284255
731655,319002
731658,950272
731729,631552
731745,130939
731746,275339
731825,182446
731831,680686
731842,352470
731842,312996
731847,148973
731862,300728
731948,337358
731956,290727
731981,258671
731991,668336
731993,330291
732006,293958
732006,299611
732035,156672
732037,636011
732056,157510
732058,345054
732060,690831
732066,305288
732144,745262
732219,199555
732236,279517
732238,148166
732255,342444
732259,319197
732274,315079
732276,325505
732279,238526
732290,166505
732302,309178
732302,313449
732308,299726
732318,767867
732319,316600
732332,289610
732338,138479
732350,307578
732353,334287
732358,611425
732393,673149
732394,296299
732402,292404
732419,173158
732430,285081
732437,347487
732440,301310
732492,337608
732497,305308
732499,286868
732507,153069
732520,152659
732542,701226
732562,144526
732563,328586
732566,217774
732566,345277
732583,304494
732592,316975
732596,308523
732609,660015
732613,383720
732617,744569
732640,301088
732665,190354
732675,316348
732684,796788
732713,235384
732720,128213
732748,202028
732819,173029
732836,669157
732841,324565
732866,724044
732885,318688
732900,278552
732910,276933
732917,149891
732934,138130
732972,667135
732983,292596
732993,363599
733001,669405
733008,175652
733010,324701
733015,338403
733040,288329
733041,249567
733046,282024
733051,324217
733062,283107
733075,281953
733108,308699
733110,338969
733113,152111
733117,309342
733128,132065
733148,172971
733164,322907
733171,306898
733179,282551
733196,579798
733223,691016
733235,336789
733246,302433
733309,269530
733380,302560
733383,154514
733416,323758
733487,810173
733503,325097
733530,755331
733537,274652
733538,656832
733547,558831
733574,292726
733584,293842
733595,584835
733599,611670
733601,341664
733639,238444
733641,610837
733652,288118
733669,278985
733705,267464
733735,288746
733742,307643
733749,353993
733760,618182
733777,282467
733793,342558
733806,326945
733821,318878
733844,261973
733868,144992
733892,281276
733893,318943
733897,174527
733898,601758
733926,225839
733928,776422
733945,156909
733946,353712
733968,291301
733979,322095
733994,168673
734010,290673
734011,279732
734018,736382
734035,299441
734047,676642
734059,586880
734070,145817
734082,294330
734086,772403
734092,371348
734127,628960
734172,346438
734175,148629
734186,664622
734205,293739
734227,688245
734248,773019
734256,156890
734264,169093
734265,282514
734276,318012
734287,252490
734287,331641
734292,602844
734295,700655
734373,130561
734404,320010
734417,293934
734446,302012
734447,330723
734468,145404
734469,304976
734487,337806
734566,921994
734589,299744
734608,620117
734633,329813
734659,596857
734664,613742
734673,315298
734682,627005
734721,316723
734817,324645
734839,134959
734918,295987
734920,145892
734998,334639
735044,261304
735099,319361
735133,314738
735134,159400
735162,304863
735164,152170
735181,339678
735185,322114
735195,313716
735201,281787
735233,293217
735236,285934
735247,627482
735254,333686
735269,745929
735279,576010
735285,285003
735331,308902
735367,164645
735400,325044
735458,153936
735512,307506
735564,161998
735600,607348
735600,743164
735614,302524
735636,625406
735637,283945
735639,285613
735642,324668
735643,309271
735656,320600
735675,312262
735695,283305
735725,273500
735755,318974
735771,332976
735783,296585
735808,719966
735826,306679
735830,334160
735849,164780
735875,378118
735947,346864
735957,291739
735971,304720
735976,784176
735989,300158
736003,289849
736021,690475
736028,134505
736086,603448
736103,747280
736113,627083
736124,316043
736134,620916
736142,801561
736170,326352
736178,328674
736192,126425
736194,346730
736203,625229
736266,278069
736280,746936
736280,568227
736311,297317
736323,934197
736333,319138
736387,278646
736434,314969
736443,339676
736457,224600
736481,636228
736493,344788
736494,361610
736574,293614
736587,298705
736597,756398
736599,282220
736602,286659
736628,301558
736693,343051
736782,265304
736785,318679
736815,131877
736817,341639
736819,614131
736837,298666
736888,149701
736891,809677
736891,920414
736917,173328
736955,292765
736966,352680
736972,305841
737109,291404
737121,285256
737186,335974
737202,319328
737211,137968
737213,620965
737242,172065
737254,734144
737261,800987
737263,738847
737307,802294
737311,319097
737312,323816
737327,275723
737330,182234
737418,301045
737431,704241
737472,301774
737494,235949
737536,130927
737566,350724
737606,640740
737617,700983
737627,737963
737630,778226
737645,619493
737666,128122
737714,637105
737726,599609
737727,295065
737756,311528
737761,578439
737766,252270
737792,168717
737797,292806
737890,168245
737917,293073
737923,144567
737929,870490
737945,915528
737946,323274
737970,913037
737980,340932
738003,624126
738020,340850
738041,262132
738051,340949
738122,285075
738136,277688
738164,301689
738219,311994
738228,299527
738229,701304
738233,288350
738275,304004
738317,785150
738323,320976
738346,336984
738348,629033
738366,316494
738370,143754
738372,636430
738385,607625
738391,592344
738421,288938
738422,312709
738468,328776
738524,321549
738559,145707
738564,202922
738654,283033
738786,681611
738798,760883
738812,119751
738832,278771
738848,790996
738852,262718
738901,339086
738902,285873
738903,337091
738936,288391
738957,269307
738981,741916
739018,600893
739019,175046
739030,741971
739030,588213
739069,299194
739079,345247
739154,353005
739158,314847
739160,313186
739168,330296
739244,301138
739255,748011
739306,148730
739316,292692
739366,330310
739378,308157
739388,143091
739395,292805
739416,531814
739424,168790
739428,251580
739431,609804
739469,337835
739514,358765
739531,156678
739547,622185
739569,291022
739601,723315
739604,292474
739623,277922
739633,296023
739687,326453
739703,335475
739711,631790
739725,783851
739732,309514
739734,300090
739736,312447
739747,620551
739750,190866
739783,288216
739813,909558
739848,903218
739899,145043
739902,130059
739916,900998
739950,329214
739954,146590
739996,286193
740006,638201
740019,340179
740025,636285
740050,630877
740092,563369
740101,737517
740121,669781
740124,628390
740137,122211
740172,296904
740176,140267
740195,147847
740223,634905
740275,751360
740308,336970
740310,300932
740312,272350
740319,284315
740340,342430
740365,275034
740411,693203
740416,617685
740496,764210
740497,605747
740544,312148
740570,572281
740585,280246
740592,612106
740606,749511
740606,183745
740613,627977
740620,268239
740648,307547
740650,709893
740657,314054
740689,280642
740692,322311
740701,574654
740749,296298
740764,246965
740774,758967
740810,761211
740848,289714
740889,347408
740946,281459
740970,652907
740972,153206
740991,173328
741007,720629
741010,290298
741049,649418
741068,658627
741079,147726
741128,289284
741165,326814
741169,338257
741237,940761
741245,626790
741250,304858
741271,139136
741314,276351
741353,173899
741366,129852
741383,225100
741419,584878
741429,163107
741439,181943
741442,296185
741445,314582
741455,304021
741492,319040
741497,292811
741500,731223
741532,324928
741539,317452
741552,298584
741557,728120
741578,747027
741624,335763
741653,178622
741670,292868
741758,327785
741769,624656
741780,166321
741798,593280
741882,778397
741890,157057
741923,777357
741976,763711
741979,779439
742054,299305
742086,319002
742139,279898
742179,563495
742181,238016
742223,909393
742224,327091
742233,331669
742253,180418
742276,334011
742279,657540
742287,190582
742322,726062
742350,639447
742351,165021
742360,125821
742390,291744
742392,552990
742466,356954
742528,185802
742546,713469
742557,717124
742579,150832
742659,188916
742676,791335
742697,718285
742725,629780
742741,716435
742778,308879
742783,306218
742793,297095
742821,620004
742828,743806
742877,260226
742885,725428
742901,893272
742910,581032
742919,635544
742942,153208
742986,202268
743014,357205
743071,285642
743085,126173
743120,650129
743222,165144
743238,302417
743241,355032
743309,143277
743329,654821
743336,305794
743359,603601
743382,615169
743410,333447
743427,630805
743443,291160
743443,600532
743449,292141
743537,612684
743582,770384
743601,148527
743617,606758
743630,331646
743648,642862
743697,306551
743708,592581
743713,336966
743744,346668
743811,605967
743913,343780
744000,724442
744019,921131
744020,281013
744031,108450
744034,638200
744035,328168
744097,704187
744099,351003
744170,667394
744210,143285
744251,591809
744254,167720
744284,612836
744314,726018
744325,340469
744351,713366
744373,538310
744373,378798
744379,238849
744387,348826
744392,567473
744433,740066
744490,287397
744521,166252
744532,619315
744573,306912
744589,142774
744594,720309
744651,233364
744659,634404
744663,630113
744692,560758
744709,691230
744725,712035
744760,755808
744779,313601
744779,338400
744779,136200
744789,299052
744821,186626
744839,302097
744840,311065
744851,284742
744914,890550
744969,359425
745026,252576
745035,351113
745048,599147
745093,330656
745098,286051
745101,908192
745123,328535
745195,618736
745199,231393
745205,314932
745216,223710
745269,340185
745333,280633
745352,594632
745355,587105
745366,643765
745395,744800
745441,297201
745450,758529
745498,185989
745560,327505
745565,639587
745606,339644
745609,659643
745630,117115
745655,143094
745663,627277
745687,331307
745706,241763
745740,304761
745748,149289
745760,279852
745786,742531
745827,274742
745842,655812
745861,342631
745869,595461
745876,288169
745945,636589
746035,580524
746067,284551
746146,593880
746170,599501
746191,333901
746228,333108
746232,735739
746247,339377
746307,304778
746320,321265
746325,318784
746372,727954
746379,731392
746399,635321
746425,168289
746471,319263
746493,647753
746528,304705
746556,323365
746581,902562
746593,593248
746594,638546
746597,781936
746603,262509
746629,338035
746649,288365
746664,661518
746674,687240
746719,133015
746796,276792
746797,289708
746804,278662
746811,289151
746835,323623
746837,336285
746882,320419
746889,765914
746909,314735
746909,321175
746913,584326
746940,287894
746943,263323
746948,305663
746956,635144
746957,274844
746960,321190
746966,141006
746973,301887
747008,331829
747032,294920
747039,326899
747064,209744
747069,622035
747086,750032
747093,342037
747115,276181
747128,739361
747196,642399
747197,155594
747207,725397
747216,147490
747217,326103
747218,341974
747234,299405
747246,157195
747246,336991
747307,731396
747313,713504
747346,169527
747355,597063
747491,605095
747513,304350
747587,317000
747620,145764
747621,325281
747623,594138
747649,866902
747681,902524
747698,642736
747702,281884
747706,283190
747721,686515
747771,302352
747778,608163
747826,281650
747846,761075
747871,355763
747903,286479
747915,241301
747949,628045
748001,769238
748019,263512
748031,319859
748102,107613
748148,292969
748180,779670
748183,115301
748219,608637
748252,570285
748269,742408
748279,330233
748280,761825
748300,776186
748324,314459
748327,260198
748341,318588
748420,319726
748445,642653
748461,339060
748516,270652
748545,610769
748550,921876
748557,748094
748562,281993
748617,925173
748727,649131
748788,918813
748790,601354
748798,617812
748808,725861
748819,294375
748840,609165
748857,612423
748871,603109
748913,692110
748926,262434
748965,565341
748968,288001
748981,186193
749006,607545
749114,664091
749116,684928
749120,323410
749125,593333
749126,770006
749135,269500
749158,619102
749170,606485
749202,279521
749217,954536
749395,301927
749409,313739
749429,605078
749449,312916
749455,176318
749457,219292
749484,703963
749509,325031
749527,609791
749567,857769
749616,756572
749686,715675
749735,882399
749762,769805
749763,326153
749783,289968
749791,230476
749800,276832
749809,170062
749868,240035
749890,661574
749946,165549
749954,692315
750002,584955
750009,645962
750109,725663
750147,748040
750148,621382
750156,593917
750184,582682
750189,314865
750206,296779
750242,185474
750268,757985
750333,348227
750346,286590
750359,728486
750360,642901
750366,287185
750396,802467
750458,322673
750466,753120
750487,726273
750489,271053
750542,300128
750582,307208
750612,354892
750722,756209
750811,619661
750844,612623
750846,218697
750879,662389
750929,582058
750938,364701
750969,707168
750972,790950
750976,296178
751076,303005
751178,668271
751179,550499
751233,279025
751243,348792
751272,343630
751300,762148
751302,355279
751306,717979
751307,313387
751344,310235
751352,619116
751355,627286
751358,353919
751379,339844
751414,741377
751471,922374
751478,742095
751479,274582
751485,273212
751487,761614
751515,946549
751518,376846
751569,639033
751575,689818
751579,636670
751592,304889
751631,661152
751635,596050
751640,343564
751661,332523
751729,328437
751737,636995
751760,603589
751829,576622
751917,632522
751926,355669
751944,579349
751948,260914
751950,570696
751951,768172
751993,787117
751993,586477
752047,267712
752205,317378
752214,271794
752220,924080
752230,689784
752230,752529
752264,767471
752274,291937
752287,690590
752383,351727
752386,587548
752418,772880
752427,691142
752463,329663
752497,251770
752511,257461
752549,310261
752574,636543
752583,628539
752589,557211
752595,553065
752610,666794
752618,598683
752634,346450
752640,878982
752647,267363
752688,276609
752717,679673
752719,297140
752759,880530
752787,334206
752801,633635
752820,290249
752834,572488
752842,259351
752849,584548
752849,769295
752980,246800
752981,621280
753006,371276
753020,607244
753045,667272
753129,717159
753129,630972
753142,662522
753206,697861
753207,675872
753242,144066
753247,639572
753262,278364
753306,164782
753329,567094
753374,273496
753382,249658
753407,324329
753456,596615
753519,662092
753524,293942
753538,648829
753543,176492
753566,623322
753580,636449
753613,889661
753630,165978
753650,657948
753687,656389
753708,745304
753731,337405
753734,671811
753741,574769
753755,349559
753773,638080
753777,304981
753793,644544
753794,316038
753810,600689
753810,300776
753817,355547
753827,324393
753854,930736
753858,931264
753905,196791
753927,661944
753972,596138
754076,594742
754081,125625
754092,302729
754097,662359
754118,286528
754119,730543
754145,662158
754155,325201
754203,753341
754254,352041
754272,594465
754297,311927
754306,665575
754319,658345
754323,153063
754367,615961
754455,286113
754469,354859
754482,334342
754522,655585
754542,620978
754545,621786
754560,231748
754567,744792
754572,719043
754575,665536
754613,330094
754623,576840
754626,640236
754634,300235
754638,667585
754649,669712
754654,742964
754654,660908
754670,306686
754690,688460
754705,339994
754706,660851
754727,654552
754734,758005
754740,284677
754800,608692
754843,729418
754857,589630
754914,709236
754923,351778
754942,601954
755015,664070
755016,240672
755025,308145
755027,281993
755029,666025
755095,841472
755096,630990
755102,299611
755103,606146
755173,490265
755204,296564
755252,644699
755266,581728
755271,661641
755294,613254
755358,669916
755395,242708
755418,659859
755433,661398
755434,661109
755453,359197
755477,708316
755519,311747
755531,693339
755534,665305
755543,883087
755544,639005
755554,631577
755567,279758
755581,658986
755588,658902
755592,349211
755617,724804
755655,293340
755675,657626
755698,679361
755814,666706
755824,664537
755843,324124
755844,750506
755847,763732
755855,309824
755862,165146
755893,659455
755952,639944
755953,642030
755977,662826
755980,760520
755982,664536
755988,623799
755995,323456
756030,694975
756037,735262
756118,667329
756133,665280
756145,664184
756148,608262
756199,295611
756205,652802
756243,703508
756254,338133
756304,664657
756310,745232
756314,613742
756397,668846
756402,660900
756413,245120
756422,928933
756435,241542
756438,230665
756447,701415
756459,320085
756470,662541
756476,662268
756480,257402
756490,645031
756497,660484
756508,348850
756535,158821
756538,664678
756539,599604
756544,666995
756573,659482
756584,661580
756603,741414
756608,330402
756641,592660
756659,617611
756670,662563
756674,354574
756674,625130
756676,663653
756678,661625
756685,351202
756713,664261
756716,586609
756745,913326
756777,664593
756781,598530
756789,919166
756800,668543
756861,609714
756866,600275
756881,931553
756884,289231
756889,665802
756894,709891
183204,341295
183222,863018
183223,866295
183237,330333
183253,501492
183259,335034
183267,875227
183268,848784
183269,866755
183296,877261
183303,873551
183330,760474
183336,877336
183337,870504
183354,886010
183360,872646
183413,886556
183413,333676
183418,870122
183440,787126
183444,795222
183448,855528
183449,876885
183451,857607
183454,885904
183465,878296
183466,866757
183475,874185
183483,877661
183487,887628
183487,879369
183487,880876
183488,881419
183496,870990
183517,876224
183521,883275
183549,335423
183553,864143
183554,789896
183556,804173
183584,879908
183584,797574
183585,853710
183613,885288
183614,830735
183620,869476
183625,780774
183626,889933
183643,892371
183643,324386
183644,839016
183644,334974
183657,892445
183689,879251
183689,875760
183712,329191
183713,328303
183715,324459
183715,874051
183716,875399
183741,875661
183784,823627
183788,873755
183800,827530
183807,337841
183813,326348
183823,779848
183827,886748
183836,873156
183858,318221
183869,341292
183872,325481
183884,792826
183900,330097
183907,873727
183912,850368
183915,880498
183921,858505
183925,323561
183945,317403
183946,865210
183952,883123
183952,913719
183971,899574
183974,873226
183981,907623
183994,885153
184002,803941
184023,335541
184049,868130
184060,869792
184065,901157
184079,864506
184090,875227
184139,888593
184141,345473
184146,882081
184152,317154
184165,871549
184173,877730
184180,867090
184182,878908
184185,868340
184186,306611
184199,875206
184205,876022
184207,327232
184215,317216
184234,855736
184256,332624
184257,879115
184263,334232
184263,860545
184266,869392
184270,876017
184292,865675
184292,879841
184293,866584
184295,875286
184301,867928
184306,883830
184313,875402
184316,882842
184318,337238
184319,880224
184328,875596
184338,884480
184340,870190
184341,874069
184347,330908
184361,887430
184367,327307
184368,341439
184370,893963
184377,869402
184381,800386
184384,866249
184387,871506
184387,769336
184400,903932
184400,883850
184405,870095
184409,871665
184423,880763
184425,876347
184431,326047
184432,879750
184446,875702
184452,861796
184459,880151
184472,301257
184482,886781
184483,323935
184487,877936
184507,888099
184511,324276
184544,786053
184551,875856
184579,875211
184591,879000
184593,873523
184595,879425
184598,871849
184599,767636
184601,862856
184607,339805
184613,880215
184636,872174
184644,884338
184646,865238
184654,885172
184665,883888
184665,865813
184668,866628
184682,900556
184683,324367
184690,321510
184690,854826
184696,880071
184700,877385
184706,871166
184707,882268
184713,889265
184715,332779
184719,855407
184725,859804
184730,879970
184733,326826
184734,881831
184737,878207
184739,866283
184745,862354
184751,322706
184765,872389
184772,875281
184776,329029
184776,894261
184790,865804
184795,867715
184800,871971
184803,886362
184817,874808
184823,321260
184830,867150
184831,887449
184832,872108
184834,876434
184846,880104
184854,770577
184858,874248
184871,881069
184876,853950
184880,332488
184894,875516
184898,896804
184898,868137
184901,888937
184909,872973
184913,894715
184919,873478
184923,880457
184923,884594
184923,862540
184927,895823
184928,865323
184933,892006
184939,899314
184957,865862
184964,830667
184974,876833
184977,872047
184981,888153
184982,865282
184986,318230
184987,874601
184997,874376
184997,336006
185004,883216
185007,875129
185014,879276
185022,866409
185037,880204
185046,325522
185052,880021
185054,853175
185063,900989
185071,908179
185093,886599
185094,881068
185106,325718
185113,883481
185121,864603
185123,334017
185140,873386
185143,867027
185144,333329
185158,329869
185164,870986
185165,309844
185167,865739
185168,320938
185176,881904
185187,883761
185191,868362
185195,916338
185208,887375
185209,791210
185222,883968
185224,929225
185233,318774
185245,888712
185252,321382
185256,873194
185259,857364
185263,331586
185277,878384
185285,884652
185288,318949
185289,879208
185294,873800
185300,881070
185305,330472
185310,864248
185317,879478
185318,893138
185329,335145
185339,877405
185341,875099
185341,869245
185346,325091
185348,834598
185348,879348
185355,883917
185355,321166
185357,871743
185358,329075
185373,335002
185389,315682
185400,893177
185415,871698
185420,327566
185437,335532
185452,871586
185454,855082
185457,874411
185462,874219
185467,816034
185480,870074
185485,857424
185494,871302
185509,859446
185520,888158
185528,883530
185529,902373
185551,815266
185554,863038
185575,838436
185580,871017
185594,872205
185608,862279
185620,860610
185640,866580
185652,880060
185655,879986
185666,893390
185677,874462
185681,332022
185695,897999
185697,876805
185701,863554
185706,872429
185710,871036
185713,840979
185734,880408
185747,792217
185750,844114
185756,872883
185773,319119
185778,321055
185780,330223
185782,330812
185801,332997
185801,343487
185802,888668
185803,870355
185809,856950
185811,319742
185812,877717
185817,880644
185825,872137
185826,883256
185837,887837
185840,860125
185849,874997
185866,883579
185869,879476
185879,884497
185890,885973
185891,884877
185907,838675
185932,878923
185935,874957
185938,331309
185945,886157
185961,849655
185965,866123
185966,888517
185974,873653
185974,888172
185976,870144
185996,882235
185999,880072
186010,872607
186012,881180
186024,338009
186034,863772
186036,892904
186044,322378
186044,863092
186045,858413
186064,857629
186069,876465
186071,903376
186073,877681
186091,317497
186095,878943
186120,804371
186128,867168
186132,884246
186134,865700
186134,879032
186135,313972
186141,331057
186143,878547
186146,328992
186149,884581
186154,868032
186162,877460
186172,860825
186174,884197
186174,884428
186174,874839
186176,883364
186188,329057
186195,336391
186205,902195
186208,880800
186209,879119
186238,312863
186241,322355
186244,893807
186245,868831
186250,878583
186278,849315
186278,900632
186278,344542
186279,926193
186285,873564
186293,877712
186296,872441
186298,870757
186302,880975
186308,881638
186320,875704
186322,811173
186337,846726
186339,877166
186358,886417
186360,878644
186360,881576
186368,869423
186376,877107
186378,336453
186393,905960
186421,875799
186426,894211
186448,864986
186455,318673
186463,875563
186467,876240
186468,822807
186471,855233
186476,769665
186480,791499
186488,873654
186497,884681
186500,887035
186504,867515
186505,892550
186507,872351
186516,884236
186518,784479
186519,881455
186521,870266
186532,890863
186535,872479
186540,865393
186555,880438
186557,878509
186560,878989
186582,306581
186591,332085
186595,777537
186603,858392
186611,892715
186613,871936
186621,876311
186624,865937
186636,872938
186640,890726
186643,887245
186650,306434
186668,860732
186670,879330
186679,883882
186680,868366
186682,874009
186686,881170
186688,881657
186689,886255
186689,877193
186690,867464
186718,878185
186724,880815
186730,331436
186733,332075
186743,867846
186746,866192
186760,867420
186767,874347
186773,328195
186781,873434
186791,865906
186815,331400
186825,318263
186829,882440
186833,338241
186833,880450
186837,875723
186856,892829
186858,327530
186865,865497
186877,888984
186880,871285
186888,851284
186893,887281
186897,887617
186917,839216
186918,808572
186933,869000
186938,796003
186942,319043
186945,307275
186949,332568
186953,872667
186957,871107
186958,887219
186960,885829
186968,864577
186982,856367
186991,343840
186992,874221
186996,875042
186997,313793
187015,878434
187032,867186
187035,859369
187037,871860
187052,869018
187055,875610
187066,882545
187068,891234
187071,834312
187073,866141
187073,875079
187081,891739
187084,891787
187085,880595
187090,329336
187092,309870
187098,321656
187100,836439
187102,325421
187110,834650
187115,875998
187120,883315
187127,870253
187133,320606
187139,875172
187145,870080
187146,889013
187147,329659
187147,874977
187161,877753
187167,890292
187179,879205
187188,879719
187198,882821
187203,854754
187210,876532
187211,319862
187213,888653
187215,869638
187238,880839
187242,876040
187272,825806
187272,805923
187288,875203
187290,873908
187291,871189
187311,876299
187311,876901
187315,865573
187337,879561
187343,867287
187344,877139
187345,904284
187348,906132
187364,811027
187366,881128
187373,884833
187374,905279
187377,796076
187384,331015
187386,888217
187386,874500
187396,915748
187399,875065
187400,790850
187426,876701
187432,874721
187443,885682
187448,883165
187448,888157
187450,882459
187450,875561
187453,840570
187458,316946
187464,871598
187478,320866
187480,873545
187482,851185
187482,317067
187502,877437
187512,319676
187519,894297
187521,878122
187535,328002
187557,324460
187571,880220
187572,842586
187572,863698
187582,879901
187582,333314
187583,328590
187587,319944
187590,863501
187606,873485
187611,836029
187636,876880
187651,865068
187653,876134
187657,880032
187667,872134
187671,872825
187677,879825
187693,877792
187700,866884
187721,877609
187729,333873
187752,870076
187757,322074
187759,879151
187760,851912
187772,878572
187772,871759
187779,879842
187784,873030
187805,885365
187809,867061
187813,856826
187829,880337
187836,882807
187889,882381
187893,876348
187906,865558
187916,880285
187917,870811
187923,875826
187926,881813
187935,336408
187935,877831
187937,858180
187963,868010
187965,884513
187968,873846
187978,858202
187986,884987
187989,873790
187990,860676
187994,843165
188002,876919
188004,881592
188011,879751
188045,864505
188058,780568
188061,872532
188075,881903
188082,879692
188083,858297
188090,329102
188090,827035
188093,339548
188096,319261
188098,794437
188104,854538
188118,879873
188128,871766
188130,319673
188134,869735
188140,876624
188145,847521
188161,882110
188164,870933
188164,870418
188178,890697
188186,880142
188196,871084
188205,877013
188207,849391
188209,896170
188210,885093
188222,877943
188223,871682
188237,885157
188244,868715
188248,884660
188254,876828
188260,865038
188260,871440
188264,323656
188276,898448
188289,861200
188294,322422
188297,894314
188298,822447
188305,870944
188306,881141
188313,321160
188324,807711
188325,320815
188332,867960
188334,892966
188338,869530
188360,882482
188364,883177
188367,876545
188368,908426
188374,879614
188379,789025
188382,306540
188387,338376
188389,335175
188395,854990
188396,878428
188399,876361
188404,325885
188416,875078
188420,783622
188420,884691
188420,893779
188422,886075
188423,868697
188423,883088
188435,881265
188448,786355
188462,880421
188463,331433
188469,877577
188473,869668
188486,848731
188498,887929
188505,876865
188507,870041
188507,880278
188508,835745
188526,864049
188541,880878
188544,335908
188550,867581
188550,881094
188553,874906
188556,873848
188560,326740
188568,860011
188575,875696
188583,896782
188590,874389
188591,877612
188593,872891
188598,870168
188602,869193
188604,871701
188606,326858
188610,865405
188614,319362
188615,879721
188618,867558
188639,895240
188641,893655
188659,882525
188666,890458
188677,859474
188687,870129
188698,891913
188706,876742
188733,339641
188737,318783
188743,900399
188745,885325
188756,879208
188768,865295
188776,329291
188787,861278
188788,867367
188807,340949
188813,328780
188813,320228
188815,874057
188828,888877
188831,878379
188834,896426
188834,879932
188835,853831
188846,323836
188856,324906
188858,308143
188866,812472
188870,896639
188876,328423
188878,784674
188878,878675
188894,885856
188896,865347
188916,843506
188924,333944
188935,879184
188941,850544
188944,893153
188945,875290
188970,868937
188979,801972
188981,874416
188983,874509
188996,860932
188996,775261
188998,880142
189000,877213
189013,869718
189019,884214
189029,334839
189030,877611
189030,865866
189032,874306
189051,468347
189076,870030
189082,815000
189085,867244
189088,884879
189093,877823
189101,872548
189107,814938
189107,874449
189111,862585
189112,318008
189113,875929
189115,329420
189126,875253
189152,902602
189161,880672
189167,878855
189168,870398
189174,870518
189180,875549
189203,321774
189205,877352
189212,323613
189229,864046
189231,853064
189235,790702
189243,889752
189260,888522
189260,881425
189263,336281
189275,879982
189279,879850
189298,875533
189302,884659
189317,863942
189322,759653
189324,880065
189335,798588
189346,858185
189346,883654
189387,319564
189387,330592
189392,318990
189397,871116
189399,318104
189413,879507
189414,315720
189440,886745
189444,866511
189445,887927
189447,881825
189452,885046
189453,854742
189459,877145
189472,886110
189503,867351
189504,335991
189515,876669
189521,887954
189525,878616
189527,874893
189546,875426
189550,870090
189551,881839
189563,875252
189567,822754
189570,813799
189582,882167
189586,858201
189592,805290
189623,871858
189624,886022
189628,880679
189630,877501
189638,325589
189640,880601
189643,872336
189648,892305
189655,797581
189665,329597
189676,868231
189678,788226
189682,893547
189682,877006
189685,869495
189686,889832
189691,887826
189699,816082
189703,881934
189706,876115
189718,850817
189728,885829
189737,334134
189747,868433
189752,857590
189756,898833
189759,876083
189760,896877
189768,919377
189772,883925
189786,334859
189811,873732
189823,799482
189828,869631
189840,873323
189861,882855
189864,900437
189885,871348
189898,331761
189902,869196
189904,869529
189905,867467
189906,846729
189906,880953
189908,869162
189919,339723
189927,329520
189937,333492
189941,787636
189946,795943
189955,897670
189956,794224
189974,783406
189975,917201
189976,875303
189983,882674
189983,875786
189989,864910
190004,782447
190015,859173
190043,891122
190046,881554
190047,818289
190059,913048
190072,874087
190073,875129
190076,861324
190078,321135
190079,782801
190092,868481
190103,878707
190103,796553
190104,878768
190116,883989
190120,890261
190123,869379
190144,877348
190150,874693
190150,846329
190152,328160
190153,874234
190164,879145
190199,863116
190201,897287
190210,873968
190211,901089
190215,319426
190246,863478
190247,881200
190247,865689
190282,331895
190285,880291
190288,848494
190297,866530
190305,840506
190313,887043
190324,861805
190328,877087
190337,889584
190359,909146
190359,857408
190360,880517
190366,858357
190372,866390
190375,880143
190377,883884
190381,872076
190382,878695
190398,861647
190399,888334
190402,866348
190408,857751
190423,881468
190434,893962
190435,815563
190443,884180
190447,875201
190458,881825
190461,907427
190468,877108
190469,883862
190493,879072
190496,330811
190498,819653
190500,321937
190506,877196
190508,774067
190515,897467
190515,810418
190519,869700
190521,319627
190528,896264
190531,837213
190532,885002
190532,881607
190533,330453
190537,866909
190539,860487
190540,869287
190561,884527
190574,873000
190576,872054
190587,878937
190618,328738
190619,843477
190621,896627
190623,862134
190648,887821
190663,877739
190664,874377
190677,877091
190686,875084
190687,875409
190689,865177
190690,891101
190698,901347
190699,884747
190705,882132
190715,880586
190724,885410
190729,888589
190732,874006
190748,846779
190752,874572
190754,886486
190756,892358
190757,874156
190768,787177
190769,905427
190774,885174
190780,761694
190789,875562
190792,331915
190817,868685
190817,876251
190819,786064
190826,871616
190829,861151
190839,873274
190845,878369
190850,893663
190857,878183
190875,880932
190879,791399
190881,884495
190883,872933
190884,336036
190888,888774
190891,882105
190895,889049
190899,868349
190903,890764
190915,866741
190920,867374
190937,865125
190939,886416
190949,872972
190951,827276
190975,882868
190982,864919
190992,890194
190994,869313
191001,807580
191036,883751
191039,875394
191039,879504
191051,873778
191052,788615
191054,878423
191061,865883
191072,855585
191078,869885
191080,324615
191093,887187
191098,844103
191103,895275
191114,860018
191116,898169
191120,328320
191131,772516
191144,802789
191156,877811
191169,873012
191170,796416
756913,292577
756916,681503
756935,660571
756940,573523
756962,357453
756969,745164
756986,786523
757004,635580
757006,662003
757029,617385
757037,296088
757048,611489
757050,666497
757115,593421
757172,654459
757173,661763
757174,660536
757182,661446
757197,347766
757197,663263
757210,660679
757238,658806
757256,625010
757256,662071
757259,657139
757261,668478
757274,657906
757317,317196
757320,523289
757322,659037
757323,663159
757351,700527
757372,658802
757386,367361
757387,662937
757391,656532
757408,158712
757428,282517
757439,916217
757452,878529
757454,619057
757458,659441
757471,694014
757478,662829
757478,658372
757479,344381
757484,296225
757484,660317
757486,661959
757491,660319
757495,658515
757507,633940
757509,904455
757528,658494
757534,334222
757540,319465
757544,313121
757545,661032
757552,658534
757556,587693
757566,703660
757582,741307
757595,662897
757596,664503
757596,663725
757608,745406
757609,660386
757612,628249
757613,629556
757614,643893
757624,643861
757632,657577
757641,247398
757643,643629
757644,146379
757646,666637
757647,663379
757656,616577
757658,325732
757670,663973
757677,661490
757700,623039
757702,662006
757702,626697
757716,658957
757728,661720
757734,331447
757737,661978
757757,660995
757759,744357
757766,664663
757779,668574
757788,658719
757790,264465
757810,664957
757810,667828
757814,751622
757818,603719
757818,667602
757825,346668
757828,574637
757832,667967
757857,664992
757881,663376
757882,662370
757887,703494
757888,663654
757902,658655
757904,666599
757904,664205
757911,346173
757914,304588
757917,658193
757923,928555
757925,659928
757927,664085
757940,659863
757942,668085
757951,660089
757972,657967
757976,668222
757978,663983
757983,648964
757984,644040
758001,659621
758004,666359
758005,295132
758007,655122
758008,179996
758010,231885
758015,657094
758015,666492
758028,652366
758032,661629
758036,656616
758045,663822
758049,598140
758075,659917
758081,661328
758097,665980
758106,664108
758106,313616
758118,658730
758132,661774
758150,660787
758157,664121
758158,333924
758164,661572
758164,658928
758181,664366
758195,666052
758196,282589
758204,735419
758205,237370
758217,672937
758217,661167
758234,652904
758239,485417
758245,665901
758258,657250
758262,666435
758271,660114
758271,664484
758275,661254
758275,619437
758282,598540
758298,659013
758305,659594
758309,658432
758328,157041
758335,895615
758336,662726
758337,663995
758344,662215
758345,229138
758347,896134
758364,654528
758370,661195
758400,664618
758409,925689
758410,664366
758434,669557
758439,661294
758449,728722
758462,321016
758469,712819
758479,561364
758490,667494
758492,663162
758497,659380
758499,667119
758505,663777
758511,659221
758514,654311
758516,734054
758517,944136
758519,656266
758531,304219
758532,663706
758541,715121
758570,661409
758571,661276
758592,587227
758599,315860
758610,700743
758613,660926
758627,550495
758629,731072
758637,660080
758638,656573
758639,689749
758643,665853
758649,229871
758660,663755
758677,660212
758678,661961
758681,705285
758684,639823
758686,667539
758697,660496
758698,659694
758699,713795
758703,654998
758704,588111
758717,757586
758722,664940
758730,661862
758738,661590
758755,666530
758761,658997
758766,665576
758769,656612
758770,622703
758777,666790
758784,658613
758785,607555
758792,602152
758794,668245
758798,662811
758827,668295
758830,607293
758844,655082
758861,319655
758877,581878
758885,666498
758896,662349
758899,667683
758902,661518
758906,660079
758909,664064
758927,665885
758945,665745
758949,660741
758951,661788
758957,659324
758968,658745
758975,661603
758976,567621
758976,667149
758991,656540
758992,659157
758994,666539
759017,333709
759018,313739
759020,665718
759028,664944
759040,663084
759041,662687
759046,660750
759052,367704
759057,653945
759090,671028
759090,663133
759090,348287
759109,629982
759121,666211
759123,664482
759124,665920
759126,587842
759153,659914
759154,661960
759170,661436
759172,669175
759173,667193
759179,662076
759180,664408
759183,661875
759186,657122
759189,659450
759191,659381
759191,667802
759192,664398
759193,634681
759194,663481
759196,657523
759198,664182
759199,661597
759204,707638
759208,280678
759211,665619
759211,605886
759212,332555
759212,598576
759215,660760
759223,660923
759251,674845
759268,661631
759269,659105
759272,663345
759275,664454
759296,659225
759303,664710
759308,655704
759308,908134
759315,659418
759325,661374
759335,276212
759339,286922
759341,664922
759348,659609
759351,660312
759358,877185
759360,662713
759367,659310
759394,665241
759415,687564
759418,664593
759420,656099
759421,660935
759431,666320
759434,660672
759443,665321
759445,655673
759453,257041
759465,661571
759466,625777
759466,668186
759479,665858
759483,657478
759488,662338
759495,665646
759506,664941
759523,317926
759530,261304
759541,661587
759547,335738
759549,664596
759551,662207
759554,665623
759563,655852
759564,669327
759569,666083
759569,210258
759572,659701
759573,661919
759581,663494
759582,666020
759600,665538
759619,664932
759620,660961
759621,616469
759626,656206
759631,629627
759640,664438
759645,658743
759653,657981
759654,659108
759659,671366
759666,666645
759666,574094
759669,658778
759672,281693
759680,660535
759683,661558
759704,663318
759704,660758
759714,659344
759726,632071
759727,658964
759728,660745
759735,666665
759750,662679
759754,590141
759755,656852
759760,664405
759770,662421
759771,338877
759771,660851
759777,661784
759777,662806
759780,733025
759787,665883
759796,649985
759815,664303
759816,661995
759816,664653
759822,668184
759822,660909
759834,265483
759842,659567
759844,665506
759847,590634
759849,659055
759849,660224
759851,663504
759852,624950
759854,661234
759854,661105
759861,672565
759862,303628
759865,669275
759869,663260
759872,658248
759880,665185
759889,664858
759903,660033
759907,663894
759918,665780
759919,658398
759921,633240
759926,665968
759931,666245
759937,664134
759939,661911
759940,659901
759957,664473
759960,668695
759969,656856
759973,664208
759980,668009
759983,352199
760000,286362
760001,660138
760010,656419
760011,655718
760013,658592
760015,659942
760021,665285
760022,662701
760024,662373
760032,662268
760037,661245
760038,659820
760042,661375
760042,661821
760044,663301
760049,712658
760053,659470
760054,664423
760057,334005
760059,660384
760068,663837
760083,662178
760084,657380
760090,627141
760093,665780
760095,662559
760105,665888
760108,663377
760112,665445
760123,659186
760123,665904
760124,617890
760146,662689
760154,666039
760155,662995
760155,666075
760162,664271
760174,667331
760184,289285
760185,655059
760186,659765
760186,660751
760188,667762
760189,663515
760198,669557
760199,667042
760200,663498
760205,595420
760207,169988
760209,661363
760219,747913
760225,289986
760225,662240
760228,660487
760232,664799
760238,656914
760246,657352
760253,667424
760254,721347
760258,661160
760265,667190
760265,658747
760268,664843
760270,316097
760271,657444
760278,658332
760280,294613
760280,628195
760286,662780
760287,638424
760292,321516
760295,355225
760295,606071
760302,662080
760314,576935
760324,662285
760327,662736
760330,667230
760341,748431
760343,662327
760343,661784
760349,667789
760349,661233
760353,659245
760366,665121
760372,663174
760374,660063
760376,666067
760388,651771
760388,348652
760391,660922
760391,661803
760394,594461
760398,670047
760402,660394
760413,658479
760415,658857
760416,601118
760421,659978
760425,616928
760426,661259
760432,599524
760438,661654
760446,664811
760447,327802
760447,303974
760455,253544
760457,665689
760457,659490
760465,661262
760470,662328
760481,664802
760488,667283
760489,657703
760500,662016
760502,662691
760507,665130
760509,662051
760512,664970
760512,658835
760513,672085
760518,615949
760518,670123
760518,668547
760522,659664
760522,662490
760525,655397
760525,659737
760551,662742
760563,658698
760563,671338
760564,664355
760565,665809
760568,661707
760569,664322
760575,691604
760579,664704
760583,659576
760584,668081
760584,603541
760592,667529
760606,659144
760610,651636
760615,659946
760616,660793
760618,745738
760620,659945
760627,664916
760627,661440
760628,599239
760632,913168
760635,663010
760639,655835
760648,664172
760651,667970
760660,557944
760661,662242
760665,670661
760667,580862
760668,661187
760669,661095
760672,662431
760683,660456
760686,664367
760686,301530
760687,661914
760691,660955
760693,662457
760698,661253
760705,665986
760706,662760
760710,665753
760718,667060
760721,664885
760722,662299
760723,659518
760736,659554
760740,655092
760746,629784
760750,649812
760750,661067
760754,662187
760756,659524
760759,632645
760764,659183
760771,660078
760777,665556
760782,667826
760784,658008
760786,663397
760796,658742
760819,127524
760844,654778
760844,659081
760844,659792
760844,666992
760847,663174
760850,667964
760850,661594
760857,231481
760864,660864
760870,664155
760879,663099
760882,662635
760883,663606
760884,662235
760886,364532
760888,665017
760889,659094
760893,330637
760898,658775
760899,663120
760901,662864
760904,580775
760917,670307
760921,664662
760922,662084
760925,663952
760945,659921
760948,647439
760951,906789
760964,667130
760967,657738
760969,665007
760973,617480
760983,658163
760987,661276
760988,666451
760990,659967
761002,662210
761006,258063
761010,304793
761010,663021
761011,661182
761016,655893
761018,657135
761019,661809
761021,663663
761024,665130
761026,621697
761032,661196
761032,661772
761037,662258
761039,662537
761057,660626
761063,665593
761064,657367
761068,598119
761069,663438
761069,664709
761081,663918
761085,637289
761088,664117
761094,659649
761096,662380
761100,660354
761100,661011
761102,661574
761106,661730
761107,664896
761108,813606
761110,597223
761116,657660
761118,667410
761121,720390
761131,659327
761135,669177
761141,658939
761150,203564
761153,658741
761162,659304
761167,662564
761176,663042
761179,661798
761183,522217
761187,662117
761189,663992
761192,232532
761194,659365
761200,662596
761203,667867
761208,165066
761214,663805
761215,664506
761216,660383
761216,658486
761218,663458
761220,711329
761223,663551
761236,657912
761238,662982
761259,661761
761263,663599
761265,662010
761266,625227
761267,662309
761274,632236
761278,661947
761279,621823
761283,664249
761286,667231
761288,667878
761291,662061
761293,660321
761310,657581
761314,655380
761317,668802
761324,664699
761324,666181
761327,660276
761336,656305
761341,660630
761348,664994
761361,663975
761365,690355
761368,911498
761369,659297
761378,659153
761382,662790
761389,662926
761402,665693
761412,665720
761416,668678
761421,665962
761426,661901
761428,750867
761430,664164
761433,662247
761440,664474
761442,663577
761443,664274
761448,660908
761449,663919
761452,659751
761460,664099
761480,668181
761482,607075
761486,668950
761486,654652
761492,669243
761497,661157
761497,374295
761499,662669
761500,662280
761510,663541
761511,661099
761512,661543
761515,658283
761515,705162
761521,397529
761533,661820
761534,664150
761536,711083
761540,656264
761540,665556
761541,659672
761544,665746
761547,659578
761552,666165
761554,663738
761555,669816
761556,666652
761557,657410
761559,666466
761566,661943
761566,661802
761567,656977
761569,664064
761571,661737
761581,662309
761592,659158
761594,660199
761595,659202
761607,662708
761619,661968
761619,664221
761623,647360
761626,661930
761630,664729
761631,669063
761637,666114
761650,665386
761655,656813
761658,661763
761663,664068
761666,663091
761673,667401
761675,666052
761680,660958
761683,660436
761686,660591
761692,948042
761693,657586
761699,327103
761701,660075
761702,662313
761705,662387
761705,668201
761706,662448
761723,668226
761724,661578
761727,664369
761728,678420
761729,261084
761730,656085
761731,640746
761732,722125
761738,658786
761741,664401
761744,793347
761756,664655
761757,529702
761759,669554
761761,620758
761762,659299
761765,293990
761765,663320
761773,663487
761775,664142
761776,664447
761777,664341
761777,663149
761778,659219
761785,663287
761791,665065
761796,661951
761812,213012
761815,661311
761831,658308
761831,261352
761832,664286
761838,655284
761839,661500
761841,659739
761842,667594
761842,662484
761847,663939
761857,751047
761862,665639
761864,658173
761865,663022
761884,660856
761894,661762
761895,662340
761901,660070
761902,664374
761904,357452
761905,661582
761911,659715
761915,662057
761915,662107
761916,665325
761924,660628
761926,659431
761943,656515
761951,660003
761955,666990
761959,661535
761963,659732
761971,664896
761973,660873
761974,665864
761976,669959
761977,659650
761978,667798
761978,663817
761980,660748
761982,664304
761985,666556
761986,665538
761987,662949
761988,657604
761988,664681
761991,663053
761995,663198
761998,660103
762000,661986
762002,659884
762005,661212
762011,659961
762015,662679
762027,661656
762027,660543
762028,659341
762029,607714
762029,666908
762029,664674
762035,661311
762037,666292
762040,659865
762043,662884
762046,738094
762048,661240
762064,665538
762067,729394
762071,665743
762073,898545
762074,660472
762080,664904
762085,665320
762090,664547
762100,742147
762102,661701
762108,662857
762109,664717
762110,671867
762115,660580
762117,664407
762118,655209
762119,674422
762127,665023
762133,718528
762133,658458
762134,657264
762135,610930
762140,661302
762147,664746
762148,655995
762153,662579
762155,663011
762161,599516
762166,659098
762167,391500
762176,658023
762176,665989
762176,281520
762179,657507
762181,927105
762190,661712
762192,666065
762202,668117
762202,662976
762205,657260
762209,664417
762210,664102
762212,604366
762212,659924
762213,663876
762214,666452
762217,655061
762219,661457
762219,662829
762240,662123
762241,896926
762244,660736
762245,662883
762247,932428
762249,602418
762252,589283
762255,661158
762255,656890
762260,665438
762266,661857
762282,658833
762282,660030
762282,666273
762282,668960
762291,660924
762295,664774
762300,660964
762307,661888
762313,665343
762314,659915
762315,654010
762332,646457
762337,660708
762341,667112
762345,661825
762345,554510
762346,660103
762348,660123
762351,655842
762352,253334
762354,657615
762355,330593
762356,663184
762361,667278
762361,889720
762362,661216
762365,664454
762366,661397
762375,389420
762383,666353
762384,659039
762390,662880
762393,662836
762393,663147
762394,747343
762395,659123
762402,666809
762403,660542
762405,333111
762407,658077
762410,662640
762410,762911
762411,666470
762415,278708
762423,323100
762430,663346
762433,914082
762435,657845
762446,661739
762457,655486
762458,667260
762458,633945
762459,665482
762460,664138
762461,663089
762463,664653
762464,664834
762464,306819
762467,665939
762476,666400
762484,662769
762485,657921
762493,664973
762494,274626
762496,665400
762503,662771
762503,661741
762519,662931
762520,729937
762521,663237
762528,661866
762530,604869
762531,305703
762533,654113
762540,660151
762544,665345
762546,369464
762549,664777
762549,663981
762554,225625
762555,665283
762558,665589
762562,663975
762566,664302
762570,611630
762578,663926
762582,665409
762587,670670
762590,657308
762592,665709
762594,660039
762602,663847
762604,658497
762605,610131
762606,667489
762606,661533
762612,918442
762630,662039
762634,664173
762634,667533
762640,664113
762643,662531
762651,664706
762651,659430
762653,666294
762656,667556
762661,918311
762663,905494
762664,668549
762667,664459
762685,659059
762686,662722
762691,369114
762692,659171
762695,667102
762705,660758
762706,659297
762707,252111
762719,661367
762720,657503
762722,659180
762724,664956
762741,664646
762746,663181
762758,665486
762758,662851
762759,661843
762766,973781
762771,668605
762778,664120
762780,660948
762784,668796
762787,596467
762794,903090
762795,657626
762795,269913
762797,663707
762797,149966
762799,596007
762801,655381
762802,667224
762804,598937
762810,665458
762813,664179
762816,662191
762820,241155
762821,661833
762822,665090
762825,664020
762825,310052
762826,664753
762834,669299
762847,742297
762851,659799
762852,665406
762853,668141
762857,337906
762858,663165
762860,262202
762860,344005
762862,655997
762868,349019
762868,657895
762873,666564
762873,667950
762880,663183
762881,662496
762883,366541
762886,663966
762886,320245
762889,665628
762903,656926
762908,653818
762909,660158
762912,670011
762917,660915
762918,662364
762921,659983
762921,327912
762923,664236
762926,663207
762927,661711
762927,665823
762928,659883
762937,665712
762941,660879
762946,667251
762950,661185
762951,665849
762960,666097
762965,659911
762972,661572
762978,660915
762980,659764
762988,660758
762989,662143
762994,661485
762999,663697
763006,745474
763008,662201
763009,660142
763017,554316
763017,661634
763018,641810
763019,660395
763022,668348
763022,666265
763026,664794
763032,663253
763036,661779
763039,660568
763042,662124
763042,663012
763046,663246
763049,360930
763051,662692
763056,665484
763060,661462
763061,661525
763068,619259
763073,665439
763075,251073
763076,666100
763078,664828
763086,661433
763086,523143
763087,661183
763090,756656
763102,666228
763124,690806
763127,658560
763128,663432
763130,665872
763134,659837
763136,662929
763139,665493
763148,658383
763159,664807
763163,660848
763163,657945
763167,655523
763167,666630
763169,585913
763173,661205
763184,660121
763184,662756
763191,660215
763193,660253
763196,662380
763198,664579
763206,660682
763207,664023
763209,311813
763210,663538
763215,658918
763218,663409
763218,665907
763220,665314
763225,662652
763225,655197
763229,658061
763230,657797
763236,657739
763241,664582
763245,657483
763248,660723
763249,662411
763249,670913
763261,659556
763270,559509
763273,752265
763278,340493
763282,657022
763283,662940
763290,279697
763291,662673
763296,323935
763302,664458
763305,664120
763306,671345
763306,665548
763310,659033
763311,665731
763312,659830
763324,568646
763327,663875
763328,651168
763334,664473
763336,657521
763342,659903
763342,667300
763346,662598
763348,661247
763349,617182
763353,659806
763354,658732
763366,657748
763374,659602
763378,640261
763381,667943
763389,665482
763390,610266
763393,541532
763395,663212
763401,661283
763403,622675
763419,667317
763420,655353
763421,661703
763424,660412
763426,668131
763428,666921
763430,664566
763432,608924
763436,661708
763437,663273
763439,663241
763441,661509
763444,662141
763449,661282
763454,635713
763459,660665
763460,660975
763461,659617
763464,658028
763469,659510
763476,657985
763480,658675
763491,656550
763497,660002
763498,658729
763501,614507
763503,662032
763520,668195
763522,662691
763523,603911
763524,661166
763529,664833
763529,664023
763532,663124
763540,659937
763543,662495
763543,661560
763543,662433
763549,662840
763554,628537
763555,660974
763556,661282
763558,663599
763577,270046
763578,659558
763582,661499
763582,660880
763589,663643
763602,657539
763610,660624
763615,658381
763616,660345
763618,659131
763627,643201
763637,661062
763643,659757
763645,663764
763646,658137
763652,661673
763655,659921
763658,665728
763659,661839
763668,658084
763669,666225
763673,661252
763679,658833
763681,661512
763682,664539
763691,665208
763693,663258
763700,669809
763706,527588
763708,668569
763711,659484
763715,666365
763717,663552
763717,662052
763721,667126
763722,664559
763725,664998
763729,665157
763735,663976
763741,650863
763742,664568
763751,662336
763755,139785
763757,706467
763767,657541
763768,659673
763770,867346
763772,661216
763772,666984
763774,658038
763776,670484
763782,613180
763783,662847
763786,658700
763787,663268
763791,654159
763793,661900
763798,662693
763808,655309
763811,664657
763812,662049
763818,708691
763824,662354
763825,662549
763839,662060
763847,668713
763848,597054
763850,658352
763851,662704
763865,667827
763866,755872
763869,664422
763869,657966
763870,662852
763876,657717
763877,659369
763879,660234
763893,657548
763899,660993
763908,665521
763909,887665
763910,667800
763912,662363
763914,661235
763914,666516
763927,659381
763928,661890
763929,662697
763933,661019
763933,663327
763943,670504
763944,615748
763953,611297
763958,669092
763958,663258
763960,917209
763960,665112
763966,627415
763973,656685
763974,349442
763974,660504
763976,725055
763978,533494
763986,666853
763993,659540
763994,704236
763997,663262
764004,662597
764013,662287
764015,314205
764017,657952
764018,663430
764020,665427
764021,661975
764022,636618
764029,658016
764030,657350
764035,665398
764038,664304
764048,661050
764051,666372
764058,668411
764061,660444
764062,665027
764068,663002
764073,663586
764074,666991
764081,329345
764084,666693
764084,258477
764085,662195
764091,664955
764094,660896
764095,665650
764095,359791
764096,678386
764098,657744
764099,663959
764099,951222
764100,664134
764113,661441
764116,660477
764116,653215
764119,349161
764125,717688
764131,662036
764134,657462
764138,659211
764147,847950
764157,664175
764157,664997
764162,665910
764163,660997
764165,662078
764166,660532
764171,638719
764172,671695
764179,666330
764180,659833
764183,666891
764183,762571
764186,657768
764195,660953
764203,665385
764203,658640
764204,659224
764205,660908
764206,661684
764217,658969
764218,664119
764218,667821
764218,657375
764222,324547
764237,662710
764239,660314
764240,659531
764246,657794
764248,925396
764248,661087
764248,663943
764249,664495
764255,662310
764258,933145
764269,657760
764271,666077
764274,660496
764279,663245
764281,660272
764281,899615
764284,661378
764289,657777
764290,670299
764291,661736
764293,630271
764298,612984
764304,659103
764312,273619
764312,284722
764317,667812
764320,659360
764320,660763
764323,665131
764330,665452
764334,660883
764335,665558
764338,662719
764340,942507
764343,661286
764344,665312
764347,562440
764356,254957
764358,665905
764359,660583
764365,661585
764367,664411
764367,660130
764374,888883
764376,649940
764378,650021
764380,668641
764392,662584
764394,658823
764397,665824
764402,662255
764403,663612
764404,660729
764418,625205
764421,665640
764423,659238
764429,662838
764433,663942
764435,929200
764439,644274
764446,660630
764448,659191
764458,667351
764459,663746
764459,657302
764459,659285
764465,663333
764466,661068
764471,658593
764474,669009
764482,668651
764483,772158
764489,657257
764493,665406
764502,663617
764503,661839
764506,170325
764509,249093
764513,663792
764515,664521
764529,661920
764536,664834
764551,665272
764551,663894
764552,661927
764553,665589
764557,664840
764558,666512
764558,489607
764567,663427
764568,657276
764571,660321
764571,943077
764576,669534
764577,659462
764583,188641
764583,930380
764583,662534
764586,665950
764596,693393
764605,657176
764611,267817
764616,612710
764626,660773
764631,660913
764631,668012
764639,664725
764643,663892
764648,313202
764650,666930
764658,664735
764659,660497
764663,659436
764663,659479
764670,688625
764674,665818
764683,661440
764692,660790
764693,661181
764697,660532
764700,660768
764702,664159
764703,664817
764711,665982
764711,659106
764711,661439
764715,662981
764723,656471
764724,664651
764724,660511
764730,672052
764733,665447
764739,652652
764740,666020
764743,667359
764743,663980
764751,660688
764754,660157
764754,888839
764761,553086
764762,665889
764763,663290
764764,670023
764782,656689
764790,657827
764794,669002
764798,665573
764800,233507
764806,665874
764807,666415
764808,662097
764811,662064
764815,628545
764824,983902
764824,654158
764830,666184
764834,526582
764834,905572
764836,516274
764841,661186
764849,662258
764849,854119
764851,657270
764851,660299
764858,670955
764859,655063
764860,751436
764864,660514
764865,666358
764865,661102
764881,290092
764882,660342
764888,665423
764897,665035
764902,665081
764906,661989
764907,621337
764908,673392
764916,661303
764916,762145
764919,664922
764920,668782
764920,657900
764936,581125
764937,665971
764937,662502
764938,664597
764949,664493
764953,662382
764955,658490
764957,638792
764960,663604
764962,657566
764966,916266
764966,657380
764973,238745
764973,667529
764978,660894
764979,663088
764980,664869
764986,599685
765000,660504
765004,665002
765005,668104
765010,658982
765011,663034
765014,667109
765016,669772
765017,662422
765021,656437
765021,655937
765029,660339
765031,661346
765050,665766
765054,669686
765055,660509
765058,659287
765064,667756
765070,659070
765070,667440
765074,671476
765076,662193
765082,510022
765090,660457
765090,746795
765091,664310
765091,665589
765095,662291
765099,660445
765101,660755
765102,665476
765111,663505
765114,330032
765115,664314
765117,660383
765117,630965
765126,908191
765132,666327
765144,612882
765147,658836
765154,660569
765156,932544
765158,658447
765164,663491
765170,658915
765187,248500
765189,664848
765194,660384
765195,666255
765197,660741
765202,661925
765203,660496
765213,656235
765213,244136
765218,660511
765218,664710
765220,665219
765221,321701
765228,664608
765232,666489
765240,658839
765243,307630
765244,657369
765245,663451
765259,662392
765267,667834
765274,658369
765274,605143
765279,665625
765280,656454
765285,654700
765295,659969
765307,664211
765310,664533
765310,659685
765312,667646
765312,619579
765316,655131
765318,663622
765318,660859
765319,652375
765328,658732
765334,660829
765349,669442
765351,751729
765352,608348
765353,267641
765353,620341
765356,658587
765362,663199
765368,661370
765374,661595
765380,664649
765380,766683
765384,328392
765389,657075
765390,665275
765391,654995
765396,663843
765397,662946
765405,664794
765418,660200
765420,557768
765433,662733
765434,663166
765435,665693
765438,665532
765446,666044
765448,661028
765449,668471
765450,656861
765450,665807
765451,664369
765460,661994
765463,669292
765464,660094
765468,264210
765477,915348
765492,660100
765505,649188
765512,663036
765515,660940
765523,661843
765533,649792
765533,665279
765536,627040
765543,367846
765544,362140
765546,662058
765553,658410
765555,615383
765556,657103
765558,664696
765578,658772
765587,654741
765587,608174
765589,659724
765589,664021
765592,661291
765601,661514
765602,662548
765604,660803
765606,662169
765607,660351
765611,271708
765612,664922
765618,663289
765626,659417
765629,657880
765635,600680
765637,680389
765642,658651
765651,666107
765655,532099
765659,662908
765662,868256
765671,662663
765671,297043
765680,606738
765688,663969
765705,519796
765718,659651
765718,664540
765720,946295
765722,660691
765723,664456
765728,662150
765729,663093
765733,665123
765737,663982
765739,653747
765742,661891
765744,664682
765746,664898
765748,726920
765751,663943
765753,654954
765754,220991
765757,664200
765758,659208
765762,309151
765771,383351
765797,663552
765800,661697
765802,503828
765802,663096
765803,662883
765812,658655
765824,665072
765828,665107
765830,265681
765831,202672
765835,661864
765855,882284
765869,658751
765876,667281
765918,660766
765920,855715
765922,668925
765923,665608
765925,659802
765926,663131
765926,661422
765930,664018
765931,664986
765932,657416
765936,690122
765937,665276
765940,661525
765942,661622
765947,538722
765960,661717
765971,658451
765976,652894
765979,657332
765980,662188
765982,613498
765983,669278
765986,666337
765990,912628
765992,662409
765994,601873
765995,663037
765999,618698
766007,664949
766008,552072
766008,660050
766010,659062
766016,660055
766017,354562
766019,669963
766019,668347
766023,368851
766026,662289
766026,661121
766027,655839
766032,660048
766034,669611
766036,302384
766047,660433
766049,662490
766060,662228
766073,659734
766080,962028
766083,654167
766086,666596
766103,728263
766107,661368
766110,658527
766112,611011
766113,666971
766115,666006
766118,271880
766119,666317
766122,667538
766125,284692
766131,659446
766141,658666
766143,660443
766150,576998
766163,661767
766170,665875
766172,660249
766175,661170
766175,294190
766178,247772
766195,668965
766196,526321
766200,659214
766205,662848
766206,658749
766207,657502
766209,656911
766209,713805
766226,662630
766229,663390
766229,946316
766230,667850
766230,667038
766230,665090
766236,657729
766246,658211
766249,661436
766251,660719
766252,695993
766256,670049
766258,589484
766263,664790
766265,659656
766269,663065
766275,625690
766277,664108
766278,664193
766285,666749
766287,665975
766301,608991
766305,664775
766306,665132
766313,658523
766329,242225
766332,663242
766336,662108
766343,324262
766343,944550
766344,894852
766351,267644
766354,661993
766366,660400
766367,657461
766370,663021
766376,665017
766388,669774
766392,669154
766395,659945
766399,659013
766400,352173
766404,663993
766418,659425
766420,662599
766430,671323
766434,620228
766436,525352
766438,663382
766438,666625
766441,665306
766442,255838
766443,665738
766447,270227
766452,636820
766454,667101
766456,263142
766457,663392
766465,663713
766468,346878
766475,661526
766475,752388
766477,662262
766479,664525
766481,530117
766488,663190
766489,661231
766497,919736
766501,663323
766509,917758
766510,521497
766516,657088
766516,659108
766517,658636
766518,657767
766519,663221
766520,664168
766524,660490
766527,662786
766542,358731
766553,667457
766558,664198
766560,662676
766565,659427
766566,663486
766568,597215
766569,664606
766586,663320
766593,663837
766596,662154
766602,660230
766605,670183
766606,659221
766609,658405
766612,663125
766620,661323
766628,666046
766628,710295
766648,665626
766653,667438
766655,663605
766657,665896
766657,665604
766665,609629
766671,665063
766674,664336
766677,284335
766681,664445
766683,667096
766685,667788
766701,668766
766702,664655
766706,665241
766710,372186
766715,361186
766720,661908
766721,666608
766725,663309
766725,660610
766752,660474
766760,605507
766762,664764
766765,576716
766765,662315
766767,620850
766767,565789
766770,656751
766774,574956
766777,660156
766783,662311
766784,665286
766786,657941
766792,657497
766803,686663
766804,622890
766806,661614
766820,255198
766820,660441
766821,663062
766842,657287
766846,647561
766848,660303
766856,659072
766859,663016
766861,673820
766864,870949
766865,666066
766867,669628
766870,516434
766873,255212
766892,923262
766899,658646
766903,664064
766912,598823
766913,661744
766913,668191
766914,607046
766914,658079
766917,589297
766918,663936
766922,352522
766944,663584
766951,663977
766958,516731
766966,662342
766971,663863
766978,664496
766983,665890
766990,663451
766991,662360
766994,944211
766999,661530
767007,520727
767016,661713
767028,665737
767028,529840
767029,632035
767031,659478
767032,630856
767033,666579
767033,613623
767040,292303
767045,663944
767047,653120
767051,249673
767065,661714
767072,659020
767083,661718
767083,656878
767094,665762
767098,612660
767099,660679
767113,626462
767116,657599
767118,657275
767123,668004
767126,662747
767138,661057
767149,616976
767153,659237
767156,617288
767158,521685
767162,661238
767185,659242
767187,658361
767188,667586
767197,658805
767197,665690
767206,656921
767208,659837
767212,666742
767213,664773
767216,647391
767225,660190
767234,663585
767238,275747
767256,589817
767262,660195
767267,666195
767268,599102
767274,659796
767283,525214
767283,662671
767288,659082
767288,661673
767289,656434
767302,663528
767306,663857
767306,663246
767310,664764
767316,674632
767317,666083
767326,660720
767365,659743
767371,660091
767372,665240
767377,671882
767380,659105
767386,660737
767398,360524
767405,657818
767405,666572
767410,661955
767410,658227
767421,663749
767427,612178
767432,633013
767445,567321
767448,529497
767457,667043
767465,664979
767467,575897
767478,668509
767489,658098
767491,661553
767498,331085
767505,667166
767509,666674
767509,633096
767520,610034
767529,665150
767531,664895
767531,661109
767533,278808
767542,665200
767553,528094
767559,512519
767559,657778
767563,658827
767568,658474
767578,664449
767580,657979
767590,905017
767595,626939
767595,664185
767617,664876
767619,562633
767622,665358
767624,666088
767631,659797
767654,662985
767670,665898
767683,632421
767687,668337
767688,660313
767689,574926
767696,192107
767703,664616
767712,661775
767719,354704
767722,662528
767726,875994
767758,665106
767766,667347
767766,660057
767770,663503
767777,665213
767779,663897
767786,664242
767789,660919
767800,619736
767805,633873
767812,593860
767813,662340
767813,660892
767814,666258
767815,253574
767815,659233
767816,658915
767817,666337
767831,661812
767836,582803
767838,260942
767879,602220
767880,704743
767881,664357
767887,657945
767897,852626
767908,658992
767909,660391
767911,665906
767926,530185
767930,663969
767931,756568
767937,661040
767943,662253
767951,906981
767955,270268
767965,521880
767976,670044
767985,511839
768000,511302
768013,250750
768020,663526
768047,659903
768049,657914
768058,619960
768061,660240
768085,661292
768088,666586
768099,287959
768118,662953
768119,662380
768121,526164
768124,373398
768125,665880
768126,657088
768131,660891
768134,318951
768136,662442
768144,726153
768145,659560
768159,669172
768164,211238
768168,662955
768170,527529
768178,528308
768180,658868
768187,662531
768192,656410
768197,264538
768222,659372
768228,893114
768228,598933
768228,657661
768228,662605
768236,664449
768236,550307
768241,660289
768247,666813
768249,530550
768252,269117
768257,655214
768261,602156
768262,670364
768269,218426
768270,666536
768277,664613
768283,610294
768287,664801
768299,661293
768305,664780
768313,313313
768314,384590
768324,567755
768325,660709
768327,760778
768330,666479
768338,662021
768365,663295
768373,671278
768388,596850
768401,658531
768411,876660
768432,663148
768436,655912
768449,661538
768462,638304
768466,272538
768485,665791
768501,701258
768502,528052
768506,660435
768514,746483
768514,662213
768516,529210
768518,594547
768521,665529
768542,662540
768544,667574
768546,654315
768551,668326
768554,658329
768559,663061
768562,657895
768576,661168
768577,335985
768580,662479
768591,661300
768612,232119
768616,363036
768623,658859
768637,637872
768648,336574
768655,660296
768659,536636
768669,594383
768672,283034
768681,660043
768682,599161
768688,602274
768697,665845
768716,662486
768720,521960
768721,323649
768724,895532
768727,920667
768731,885059
768758,335596
768773,598566
768777,261425
768787,667545
768804,691630
768810,660830
768818,667940
768822,660491
768832,622312
768833,676013
768836,666950
768838,622638
768841,951851
768848,657921
768856,662589
768865,598286
768868,271408
768872,659674
768886,662123
768892,663897
768894,657643
768896,660845
768898,525986
768902,660192
768920,665778
768935,663716
768940,596345
768940,665192
768961,664845
768962,693655
768964,664572
768969,520297
768972,270800
768988,660350
769002,249198
769013,608949
769013,587173
769020,761962
769020,342111
769022,644122
769039,661748
769063,522271
769063,665618
769090,665324
769097,757420
769102,942988
769118,659997
769133,658598
769153,663992
769157,665986
769166,658088
769168,657718
769194,876594
769198,665307
769204,661388
769204,661902
769208,702399
769208,660570
769213,312904
769215,667045
769219,762176
769223,655694
769225,698238
769228,240603
769231,657050
769244,683629
769255,702787
769258,938341
769277,930749
769303,752747
769309,911673
769315,531560
769316,659839
769319,897554
769320,922287
769323,662963
769327,664096
769333,663069
769350,655633
769353,509246
769359,613135
769384,657543
769390,609336
769405,699339
769428,661103
769442,272606
769459,663468
769460,655452
769461,664787
769485,663688
769488,662496
769553,637668
769555,608773
769556,634441
769559,890719
769562,232487
769564,577220
769565,664491
769565,659552
769568,659548
769568,659611
769569,660914
769572,658502
769580,660384
769580,585036
769582,659389
769590,661571
769608,676478
769608,658300
769614,276435
769624,660411
769637,398395
769639,672845
769641,294850
769646,663768
769655,925751
769663,673538
769666,356952
769667,481516
769667,665148
769675,569809
769678,663684
769702,589073
769709,278597
769725,660198
769725,670240
769726,664941
769734,709400
769739,886461
769745,516503
769750,659513
769753,634702
769755,580307
769759,594492
769765,671437
769768,587881
769785,657796
769795,663871
769805,662653
769812,658066
769829,659231
769851,708853
769856,663301
769857,694805
769864,660082
769876,352112
769889,691489
769891,876199
769903,656441
769912,320197
769917,629925
769918,670022
769944,886440
769946,883201
769961,660045
769963,658907
769969,661196
769970,660824
769987,639188
769992,518910
769994,343055
769995,664805
770003,615231
770015   1000000
770018,808597
770068,586896
770083,610318
770085,549485
770096,660435
770111,522657
770123,523236
770126,487364
770137,266345
770142,661967
770158,940879
770158,309704
770174,655843
770187,518726
770229,729580
770239,614596
770241,280701
770241,604376
770253,662372
770259,298389
770266,660974
770268,613700
770283,362307
770292,297949
770298,663020
770304,532990
770307,659014
770321,657453
770324,158872
770333,273541
770344,513938
770363,916158
770380,699944
770401,662513
770409,662327
770414,570862
770415,656376
770438,665316
770443,583461
770461,601323
770482,957336
770486,636968
770493,607095
770501,628917
770521,663653
770535,664386
770553,666141
770567,668165
770576,526057
770588,660787
770590,627285
770611,356982
770614,628009
770618,254704
770622,527441
770624,532852
770656,940457
770669,668409
770684,523895
770695,913636
770711,312466
770719,522542
770730,590160
770732,509583
770769,246754
770786,286878
770802,599935
770802,339765
770834,590616
770842,527009
770852,661190
770859,573957
770868,611832
770874,657441
770894,661796
770896,663698
770901,312496
770916,666778
770924,522720
770938,636391
770944,625126
770961,563610
770965,697552
770966,607175
770994,521997
770999,695514
771001,600119
771013,584645
771040,277619
771046,680889
771064,622187
771078,623591
771094,896176
771102,666149
771129,913563
771141,213466
771148,936773
771149,490258
771152,927748
771154,593162
771179,682924
771185,661449
771214,318499
771244,615235
771252,515355
771257,403543
771266,709484
771271,359437
771292,334243
771306,320893
771316,665454
771333,736000
771335,321576
771337,554587
771372,892643
771393,575814
771393,660792
771411,527193
771415,690743
771416,261471
771418,668812
771428,609524
771431,661706
771451,632167
771477,933781
771492,663082
771507,663495
771511,346488
771518,345743
771560,703014
771578,624811
771591,627421
771593,275866
771610,666564
771618,665945
771624,705366
771634,350466
771635,613604
771661,515734
771682,530965
771702,661530
771717,311095
771729,587898
771731,527690
771759,519906
771812,933464
771814,366099
771828,661935
771872,593839
771886,313346
771888,643261
771905,661107
771914,616662
771924,531220
771929,657134
771933,571569
771957,526620
771964,666388
771991,582060
771999,251648
772006,321894
772009,341649
772025,629079
772060,526676
772088,630836
772124,343881
772181,252412
772191,590565
772204,593100
772212,570392
772221,246025
772233,374650
772238,519439
772251,525313
772270,242050
772273,583275
772275,631497
772296,526223
772316,900539
772316,519962
772327,636328
772329,610748
772332,257161
772343,517802
772353,675104
772384,522641
772387,385623
772390,364681
772410,662987
772419,598469
772448,664929
772461,310549
772462,762154
772494,626650
772498,789859
772508,554183
772519,639537
772528,809109
772534,628147
772545,286120
772562,759082
772567,221410
772570,613454
772585,131756
772603,635078
772603,674684
772603,709932
772607,630569
772620,266584
772623,369941
772637,716468
772655,868818
772660,370672
772671,782551
772671,706679
772686,550823
772712,529979
772725,254196
772733,703877
772751,525050
772791,529344
772796,698452
772798,602035
772805,632389
772819,625146
772836,329463
772840,625337
772841,523983
772861,236015
772866,162550
772868,274820
772872,525439
772893,614811
772896,290714
772920,589091
772955,555737
772996,533320
773042,666834
773052,535038
773067,526812
773071,189746
773074,271150
773086,340184
773109,371368
773114,527023
773144,601540
773150,304356
773186,690577
773193,264040
773201,615985
773217,314992
773217,604807
773218,612211
773221,520019
773234,276739
773235,625625
773246,569606
773254,534152
773257,613779
773274,678246
773274,638466
773281,523035
773288,879342
773291,570579
773295,342937
773333,935785
773334,245963
773334,651415
773340,529730
773344,639465
773394,824859
773402,297888
773416,533408
773421,527955
773473,644847
773482,648334
773483,286459
773487,573096
773507,524847
773510,719822
773514,638782
773519,287003
773526,593930
773555,932683
773558,915420
773593,530509
773630,528980
773678,264220
773695,608321
773739,741720
773748,706629
773753,590282
773788,292560
773792,657145
773820,725283
773825,631460
773833,596088
773849,526746
773866,230242
773872,567498
773872,380297
773881,684856
773887,649037
773901,897590
773914,619308
773924,331114
773932,514228
774005,542450
774086,524382
774095,696522
774114,683874
774164,683023
774176,611333
774213,313027
774214,522513
774233,258334
774251,525744
774278,608056
774280,627312
774294,651309
774310,568242
774339,354969
774340,343236
774367,899637
774386,266100
774395,272609
774406,333132
774411,622018
774411,519457
774442,590203
774449,681741
774450,689805
774463,601450
774471,529091
774476,523264
774487,639490
774501,528836
774506,364009
774509,675587
774533,633069
774540,240134
774552,469829
774582,513245
774585,540311
774585,567853
774610,908732
774617,669340
774631,520227
774636,592311
774655,618240
774668,252828
774690,613829
774693,277646
774702,873168
774712,304639
774712,592748
774719,495927
774731,726963
774752,316893
774761,300125
774778,299365
774784,578972
774793,525880
774811,239045
774821,791670
774824,302117
774876,518091
774881,534712
774881,930153
774883,301580
774885,533668
774892,367956
774965,534565
774966,360323
774975,855366
774978,568210
774999,276580
775004,600052
775023,324430
775048,295883
775070,534371
775072,311180
775073,602738
775091,524536
775094,912470
775142,635954
775159,344194
775165,702216
775187,524181
775225,566010
775260,155613
775268,338726
775284,515336
775294,595414
775300,372267
775300,535101
775324,628793
775325,635345
775352,666016
775376,611368
775389,523228
775393,529403
775406,531801
775414,635351
775422,331028
775423,383392
775433,667086
775457,579967
775465,590674
775468,585886
775496,628552
775498,195068
775504,577996
775506,526811
775533,703960
775535,531479
775552,526807
775569,641036
775570,717273
775574,602411
775600,273087
775643,524887
775676,368636
775691,536943
775699,530012
775703,695283
775714,663746
775719,645609
775736,537957
775739,525489
775744,588737
775745,938400
775778,602818
775783,707736
775793,523080
775800,620692
775806,554023
775807,279236
775811,574857
775816,254036
775826,326513
775828,197363
775844,248402
775861,565409
775877,534964
775881,874636
775884,612236
775920,382013
775948,519345
775959,914549
775962,525067
775975,530789
775983,715025
775985,530270
775992,718611
775993,628429
776040,741007
776056,625432
776064,531308
776064,635431
776066,524220
776068,703133
776074,522793
776077,525717
776079,924608
776090,595506
776094,694619
776101,250877
776101,362671
776112,606301
776121,238639
776123,631877
776136,662920
776137,608505
776143,286600
776149,582540
776149,310204
776150,244893
776193,658912
776205,716420
776207,374680
776207,269021
776227,624752
776232,937348
776241,367834
776245,537079
776277,772121
776289,660651
776302,537309
776308,366725
776334,301974
776337,634202
776342,526939
776364,897334
776378,534080
776388,681672
776399,263826
776405,594019
776416,918879
776425,658101
776426,685055
776427,365796
776429,256189
776429,691503
776450,290577
776455,962943
776458,607753
776502,288714
776507,510193
776514,293066
776514,922054
776526,603027
776534,585969
776543,683080
776553,530114
776562,487742
776572,938498
776594,599206
776604,307200
776637,308498
776645,660184
776681,639297
776688,532133
776693,842618
776693,254296
776700,619047
776702,589746
776733,353536
776734,249811
776773,571376
776775,524155
776780,666030
776802,520856
776805,593861
776810,931096
776811,519477
776822,882198
776836,644579
776845,620985
776858,290098
776860,278200
776868,272164
776878,273175
776879,296193
776890,316996
776904,910385
776925,568775
776930,526799
776930,523786
776933,708021
776939,521544
776942,535061
776950,630705
776952,515661
776959,587390
776961,327779
776965,764546
776996,535729
776998,592861
777009,271965
777033,534005
777047,634187
777052,300201
777067,551877
777069,237323
777075,589651
777076,687868
777101,396276
777105,516747
777118,783390
777126,523248
777132,507797
777140,681032
777146,725183
777147,665069
777157,606891
777161,917483
777166,885718
777178,921124
777178,529854
777181,459064
777229,641009
777237,600212
777248,350691
777261,529794
777265,646037
777266,613010
777271,350846
777271,662335
777278,344106
777287,362661
777289,906041
777313,894080
777318,539377
777339,895593
777344,713592
777374,646463
777376,689713
777393,780378
777420,650444
777447,527816
777455,519030
777474,222631
777497,692797
777512,932833
777515,600240
777517,657496
777526,610498
777528,530915
777552,892153
777557,273142
777561,647103
777585,406802
777589,530162
777595,628824
777600,537818
777601,628890
777620,701434
777634,691278
777634,646646
777644,363053
777655,248426
777664,526536
777687,324322
777703,598799
777728,270102
777781,277812
777805,614896
777828,360254
777835,600951
777838,366723
777841,250794
777861,619116
777883,366349
777887,696322
777888,348280
777888,518311
777903,616326
777919,649856
777921,533709
777921,628030
777925,231374
777929,521890
777944,538656
777985,734115
777995,646784
778020,526019
778022,606240
778029,381545
778031,564410
778057,737323
778067,566377
778100,421818
778105,690759
778115,331416
778122,357238
778132,516828
778172,536084
778173,519371
778185,284740
778190,342747
778195,901616
778230,585105
778247,601045
778260,597686
778288,587738
778292,595267
778298,653551
778300,727364
778320,712650
778335,333811
778338,878318
778341,531156
778345,521978
778369,583582
778395,243518
778401,884064
778447,320485
778460,321056
778472,524939
778481,927526
778484,870618
778490,934944
778502,714393
778507,510865
778510,252400
778516,165351
778528,589121
778535,360894
778544,374960
778544,525376
778557,651208
778568,366961
778596,388641
778608,788307
778631,531236
778634,602722
778638,909576
778657,638984
778674,725114
778680,857767
778691,950371
778693,634335
778705,330433
778717,601722
778721,621407
778750,621460
778755,707359
778761,323364
778766,631784
778767,682053
778770,946605
778776,579885
778777,381705
778778,650940
778778,523453
778784,515395
778791,355612
778796,628499
778798,608195
778803,338769
778805,596678
778810,268542
778851,526494
778851,936951
778851,607509
778863,291513
778866,606494
778872,601299
778878,615310
778892,534696
778912,255820
778916,730026
778919,270668
778931,224465
778950,647252
778950,335300
778950,621847
778951,371314
778971,299227
778979,579827
779000,272256
779002,703546
779004,283917
779010,607164
779031,370795
779040,261646
779045,527175
779064,305374
779104,581110
779108,864142
779126,638494
779150,500231
779152,783873
779175,312617
779181,582679
779190,517401
779193,753003
779226,251565
779231,376723
779252,538705
779253,613927
779276,518546
779280,595131
779297,527257
779303,694293
779324,880382
779326,518425
779326,367334
779329,678420
779331,514537
779334,231962
779338,251439
779363,331277
779363,527925
779402,621621
779416,682600
779417,284058
779482,917692
779486,725765
779489,638784
779504,627172
779519,285228
779554,526485
779556,627689
779561,692091
779565,900313
779574,531875
779585,583441
779587,627075
779603,295181
779616,705965
779619,522631
779641,521096
779652,249593
779654,542048
779655,527665
779685,317450
779700,262313
779726,592676
779739,724706
779743,671095
779746,590696
779748,601196
779791,930591
779796,637993
779838,522227
779843,315864
779850,519385
779870,595428
779877,246047
779881,909338
779887,662830
779887,530358
779891,942993
779947,545118
779959,309894
779965,378185
779969,515209
779971,278552
779971,610260
779985,288252
779991,605139
779999,345600
780017,259400
780018,513258
780023,531112
780032,607001
780064,576257
780071,528803
780079,698985
780090,635669
780093,637218
780111,623981
780120,668484
780138,514024
780148,637063
780164,311729
780169,324704
780174,591290
780179,588063
780179,294578
780200,635953
780228,611675
780291,603155
780306,341272
780311,943157
780322,570590
780339,765423
780363,327395
780371,677049
780382,613302
780384,230783
780399,274744
780413,529550
780420,525666
780422,653603
780438,620920
780452,557968
780459,616197
780465,628553
780474,913543
780482,302443
780484,644146
780496,624210
780561,640123
780566,604670
780588,527375
780594,532364
780596,683208
780598,742083
780604,289395
780610,313911
780613,764525
780623,604575
780630,687327
780637,286941
780639,252558
780665,592116
780669,716286
780699,624436
780702,588992
780704,537490
780709,649297
780732,570284
780732,540769
780742,637968
780779,678690
780804,887634
780810,276508
780815,724037
780834,740409
780850,246137
780860,721125
780872,239195
780876,903667
780887,376501
780900,532368
780904,526248
780905,681454
780920,598151
780960,340683
780961,727275
780962,522173
780971,528670
780992,526985
781004,928298
781010,297238
781046,536845
781051,727731
781055,344557
781058,953092
781067,522857
781070,625870
781074,368253
781083,526858
781099,637720
781101,607684
781123,325241
781126,690329
781131,527904
781141,665002
781152,692103
781154,342986
781159,536796
781178,231604
781193,520659
781195,635839
781201,539078
781214,524773
781223,767133
781226,588644
781237,313941
781246,642451
781249,888317
781258,594271
781258,587388
781288,677477
781300,394676
781303,929337
781306,532931
781306,602436
781308,884118
781322,323972
781323,519386
781341,613607
781345,528683
781386,362323
781400,520159
781401,520570
781410,517914
781415,531703
781428,348401
781431,583509
781448,733857
781450,635438
781454,645913
781463,734316
781467,357754
781478,643798
781481,272127
781493,259628
781502,602064
781513,634345
781519,523338
781527,607221
781539,365153
781578,643405
781582,584237
781616,730714
781633,674723
781670,337805
781673,526921
781681,592490
781685,218014
781704,324993
781711,650658
781717,537812
781750,599662
781760,313302
781760,533787
781769,531118
781793,836571
781794,578248
781814,896171
781816,702849
781829,748738
781838,525124
781858,679140
781858,563758
781858,520936
781888,578090
781891,594696
781892,627099
781893,650844
781895,328167
781902,374116
781916,509551
781952,326833
781993,590371
781999,535445
782009,693718
782019,707127
782024,317058
782032,637146
782038,324150
782052,249432
782066,751977
782068,951075
782074,368522
782077,586278
782106,143926
782134,343121
782142,735812
782151,687959
782159,272425
782181,670901
782182,664632
782187,684491
782198,722749
782203,469185
782212,968179
782214,257076
782226,687793
782245,434990
782289,516310
782304,640694
782311,320201
782320,588676
782329,926983
782346,285639
782351,357580
782375,678480
782376,641693
782393,528259
782395,285243
782410,759162
782410,607202
782437,775023
782442,523672
782476,387272
782491,521767
782542,755219
782585,861905
782640,349513
782644,296374
782686,317486
782690,349925
782696,631426
782703,631772
782754,918063
782756,250783
782765,585834
782765,289514
782782,317024
782792,264610
782809,648726
782814,624043
782822,708753
782831,634341
782833,603956
782837,230564
782837,652606
782845,268397
782846,909092
782857,374824
782889,530113
782890,909249
782895,632141
782897,944613
782907,310520
782911,625127
782918,521760
782937,713049
782948,320642
782962,893261
782967,626475
783004,364718
783006,351677
783019,212946
783055,383778
783056,714437
783061,270287
783135,605971
783158,641059
783167,384151
783169,372741
783176,644115
783177,656899
783185,692884
783187,587927
783192,344480
783255,628665
783257,351720
783266,578519
783267,526194
783305,531172
783318,523670
783322,674640
783329,351958
783330,522475
783332,913529
783352,523318
783355,287873
783358,889130
783377,516244
783397,905303
783419,597216
783434,700610
783440,614660
783445,605588
783459,661402
783475,514441
783489,946213
783494,593215
783498,529611
783504,522542
783523,641269
783531,732642
783539,602625
783547,626642
783561,591587
783568,272545
783594,321915
783602,306692
783617,639297
783627,275458
783648,526873
783653,688505
783653,576255
783690,336984
783692,705900
783700,617595
783709,927632
783710,186085
783722,753638
783725,520687
783727,525932
783734,643264
783744,516118
783754,545067
783755,227419
783758,629447
783760,902768
783763,361386
783769,675565
783798,617464
783819,133180
783820,591688
783826,258766
783856,515513
783871,673115
783876,245628
783882,594354
783884,156518
783898,681499
783911,679881
783921,322743
783927,715260
783936,519169
783939,347430
783952,515408
783966,532352
783967,295792
783983,580845
783989,280621
783992,626361
783993,608354
784000,729513
784002,711520
784017,962235
784026,600422
784040,514944
784041,910656
784055,307602
784061,885390
784078,705047
784084,202671
784085,521496
784087,353297
784096,365914
784122,572462
784124,543685
784132,921065
784138,279377
784142,870856
784153,550575
784153,351954
784166,629627
784204,628410
784219,353805
784239,521725
784265,283939
784272,518978
784275,523587
784285,907619
784288,515079
784329,526827
784355,530869
784373,990855
784392,533032
784397,320628
784399,511420
784463,273858
784465,357065
784466,726983
784479,606085
784480,463189
784499,908154
784504,294288
784534,655585
784535,608369
784540,710956
784540,525888
784546,532633
784548,254316
784554,937332
784571,289121
784575,687305
784592,699323
784642,903883
784661,692119
784683,631863
784686,511743
784689,191510
784698,532325
784703,319464
784707,526239
784709,318963
784710,623567
784711,710722
784724,342440
784728,518168
784731,900204
784764,537377
784767,338197
784775,454029
784783,528664
784793,526450
784811,409358
784821,607803
784833,873365
784834,870741
784838,280759
784847,208079
784852,599012
784857,519292
784868,509944
784874,255306
784877,722725
784883,738019
784892,137051
784897,874904
784905,367722
784910,717203
784913,350391
784915,528209
784920,623341
784941,387918
784973,610413
784979,292790
784982,256272
784984,562737
784985,670327
784987,914774
784990,521542
785008,487434
785008,869862
785016,614886
785019,604553
785033,613364
785046,353338
785052,666415
785063,881840
785069,692870
785078,347827
785084,943279
785086,929654
785112,686644
785123,897236
785133,585397
785152,233290
785158,512096
785178,244367
785185,322346
785190,545276
785192,536990
785199,615117
785212,515407
785214,701355
785227,658512
785247,367575
785278,279290
785317,660226
785320,363395
785323,637480
785327,275688
785354,655417
785360,592700
785364,516199
785364,330817
785371,674281
785372,529502
785426,899992
785431,275504
785432,514674
785443,783855
785454,934765
785456,882147
785462,599234
785469,609742
785477,762338
785482,555787
785493,684284
785497,602656
785502,526675
785529,293897
785531,140166
785535,700961
785550,597146
785555,664120
785579,681571
785581,695739
785592,580737
785600,271739
785602,636899
785607,695489
785614,496012
785615,637169
785616,340057
785617,360686
785620,634383
785634,611386
785646,693688
785656,654413
785656,930014
785679,575174
785683,595881
785685,162042
785713,518206
785724,510596
785739,605598
785753,514602
785772,921853
785776,891133
785802,573713
785802,901709
785804,520770
785805,271817
785807,680749
785831,639019
785854,797489
785867,302846
785904,701632
785908,875940
785918,358994
785928,637288
785934,318365
785967,381687
785968,150566
785969,751250
785974,702698
785981,687356
785999,672705
786009,366935
786020,649530
786032,630028
786057,939720
786059,351057
786078,654426
786086,624157
786095,583907
786100,571892
786114,936901
786121,454208
786126,529988
786126,600222
786140,519252
786147,705170
786153,570609
786157,713460
786158,629748
786162,538428
786164,521194
786166,213792
786176,172998
786180,522782
786189,525641
786194,570912
786231,166036
786234,906352
786266,171367
786267,629337
786272,700764
786304,490040
786309,505553
786313,505264
786322,915932
786351,724996
786361,634027
786363,681289
786375,321649
786382,580377
786383,615762
786401,335361
786405,332661
786446,651644
786454,912754
786464,251711
786478,593449
786486,267934
786496,689948
786502,517736
786510,612795
786511,304982
786518,661243
786519,624264
786524,610805
786532,322898
786550,593412
786558,683951
786564,342794
786576,687594
786602,611489
786606,520696
786613,131465
786623,732526
786627,664759
786635,859237
786637,524798
786641,714363
786648,596208
786670,363098
786671,529403
786671,651252
786678,576364
786680,619245
786689,622115
786692,361278
786726,610933
786740,351411
786763,657683
786765,683973
786769,539818
786787,274731
786799,628783
786801,668596
786802,677687
786822,636837
786834,605240
786838,523066
786839,348052
786879,353277
786885,897480
786900,369283
786932,338938
786938,951160
786989,726646
786992,338786
786996,358304
786999,911526
787006,621447
787008,513432
787013,337824
787026,116053
787048,604211
787066,595203
787071,645074
787073,528340
787075,580063
787075,529449
787079,615711
787083,528435
787085,286522
787093,344310
787107,939573
787121,536027
787130,530230
787154,596745
787158,659735
787163,884218
787178,262849
787187,326559
787188,492080
787251,667012
787264,603727
787265,362247
787299,238200
787302,511564
787305,529877
787324,358245
787351,937238
787354,604921
787363,939403
787365,358906
787366,602743
787373,297437
787376,282910
787387,349484
787408,619386
787409,346277
787416,520798
787440,616706
787444,364137
787455,582957
787476,355815
787488,387840
787494,940937
787497,356303
787498,317829
787515,599273
787520,339694
787528,317916
787532,283898
787532,677367
787533,922361
787536,287940
787571,305014
787578,761205
787585,311631
787597,316842
787610,649908
787614,627924
787629,740604
787639,354587
787650,281820
787656,703332
787672,520880
787681,521588
787682,879338
787706,384098
787718,620668
787723,606499
787725,562558
787726,911631
787737,700185
787749,295572
787751,644897
787765,676150
787767,586877
787769,864454
787769,301835
787781,888682
787786,352744
787792,489895
787797,610749
787798,667140
787819,713515
787822,252733
787834,308503
787839,705631
787845,169976
787867,506206
787873,264979
787876,661673
787899,614791
787948,176237
787951,761438
787967,671839
787980,279276
787998,358041
788006,699973
788007,351925
788013,946599
788014,520731
788026,516471
788027,650277
788031,235358
788048,599787
788064,693832
788066,645195
788074,571316
788080,525672
788090,314489
788103,387058
788161,386582
788165,255291
788175,614066
788198,910005
788209,621187
788212,527102
788234,535009
788252,298816
788265,615804
788273,572083
788280,584517
788320,878948
788326,921995
788349,578536
788358,531031
788364,692542
788370,715121
788390,664300
788398,631746
788402,298580
788408,497026
788427,333545
788430,226200
788437,209863
788443,527125
788443,583792
788457,577804
788465,656938
788494,536841
788515,904875
788529,372924
788547,913672
788548,588242
788557,316221
788576,326422
788582,331615
788583,651748
788584,261071
788593,723867
788623,944571
788625,585188
788630,699015
788639,627082
788656,635984
788668,235430
788688,278684
788688,583937
788727,542208
788758,614956
788760,479418
788768,368538
788772,636008
788781,606950
788788,351482
788800,692448
788801,690695
788805,523299
788857,368186
788860,207629
788881,320021
788889,510576
788890,946125
788895,270911
788897,533806
788909,292882
788914,272289
788914,860665
788918,273409
788948,659202
788949,624453
788980,633229
788985,639821
788987,603011
789003,256635
789026,620425
789029,356896
789055,624757
789057,525302
789062,898866
789101,266871
789115,931033
789132,640635
789137,314778
789150,325580
789155,622802
789160,559454
789177,577833
789178,351009
789195,566806
789201,912200
789208,218258
789214,805405
789240,542733
789247,591032
789255,339737
789261,967099
789262,697354
789267,309381
789278,487206
789307,342501
789340,359590
789392,312999
789394,920870
789420,718027
789421,342896
789439,194604
789467,617340
789484,345907
789488,519335
789495,623960
789521,613667
789550,519339
789555,612376
789566,272589
789583,689045
789594,623717
789604,632411
789606,248386
789615,585631
789626,667320
789626,532400
789648,647949
789650,352081
789656,342232
789670,305160
789697,309398
789707,329665
789709,569541
789719,325586
789724,659254
789754,542513
789793,628372
789795,622059
789811,299459
789813,746547
789837,871743
789838,317755
789841,884581
789848,580679
789865,164981
789879,254777
789887,885286
789899,680409
789905,486385
789910,317742
789931,507400
789935,354306
789938,923396
789941,938437
789941,186531
789954,326470
789958,344472
789975,675949
789981,297927
790013,529013
790025,285189
790027,294550
790069,674888
790090,904817
790092,362364
790092,273982
790145,650517
790146,710693
790154,254288
790180,606501
790213,490937
790215,983026
790219,842965
790229,517901
790234,579087
790235,923681
790251,352687
790263,629878
790281,347571
790287,370931
790303,381737
790314,880287
790315,454841
790327,617332
790330,598435
790339,616568
790348,283925
790363,355123
790384,930036
790387,271742
790389,623923
790389,220745
790397,344183
790399,361276
790402,363978
790423,679223
790425,687129
790436,643099
790439,625622
790453,624874
790464,584272
790470,305261
790473,362208
790478,498820
790481,317390
790496,206077
790511,624338
790521,784654
790528,363977
790562,532385
790569,898568
790569,765271
790580,636756
790585,391997
790589,357214
790596,154480
790602,299488
790605,343679
790605,224677
790632,361688
790638,277640
790639,911857
790644,931216
790654,694382
790654,358008
790654,331783
790656,686583
790665,337976
790675,620846
790688,377805
790707,143235
790720,745593
790738,320314
790755,633374
790775,372238
790789,613256
790796,902979
790805,453874
790806,593351
790824,690142
790835,914676
790851,681163
790868,341084
790873,673811
790882,723641
790892,341106
790929,922179
790931,633818
790952,632361
790956,676315
790967,521424
790968,352823
790975,319705
790982,513253
790985,522795
791000,704063
791002,678681
791004,701144
791018,313659
791024,685109
791029,264971
791032,627989
791032,979021
791037,621191
791041,685919
791052,609924
791061,335867
791062,710471
791065,259221
791068,624324
791074,331441
791080,527366
791085,721959
791086,305183
791088,363798
791091,257925
791104,617878
791106,316302
791140,334560
791149,346043
791172,875394
791202,621206
791208,575572
791208,696441
791216,644688
791217,936448
791218,131723
791222,599689
791225,262930
791227,331786
791238,689265
791257,623501
791259,647018
791279,918810
791286,642309
791288,257894
791295,874303
791305,638940
791321,593979
791324,273639
791334,355122
791343,515976
791351,629073
791352,318728
791423,706588
791426,636499
791441,728167
791447,925325
791458,699943
791458,873927
791464,701033
791505,491048
791511,705264
791539,245567
791540,699993
791588,723873
791605,331580
791621,906923
791622,328593
791627,712583
791627,719871
791629,336178
791632,591530
791639,608535
791654,593010
791657,349588
791658,326913
791676,602158
791691,300587
791694,573922
791707,603598
791732,337878
791735,635838
791752,605823
791775,984949
791785,356498
791791,605050
791805,617417
791807,605978
791851,153457
791894,707538
791920,696437
791926,581328
791930,488745
791976,335675
792001,325932
792012,266197
792018,562863
792021,720149
792023,599642
792027,183916
792031,326803
792037,655755
792050,339554
792088,619579
792099,690421
792104,903561
792107,329469
792114,340498
792130,585824
792136,676755
792146,522802
792152,652616
792157,626221
792169,907419
792171,277046
792193,599756
792196,272663
792197,731563
792221,722906
792227,619162
792233,337819
792244,328973
792265,596561
792277,301753
792300,137703
792322,604253
792335,656818
792351,935574
792358,200794
792382,326354
792390,323400
792413,348832
792439,690625
792441,725960
792448,235320
792449,714378
792476,925717
792480,670336
792491,202832
792514,370723
792515,688878
792518,724984
792522,564972
792545,357510
792555,246785
792560,619459
792569,333430
792589,589205
792594,504352
792614,606098
792653,355953
792684,695982
792710,384874
792714,674032
792726,894676
792729,377648
792732,149220
792733,549078
792755,387295
792775,600750
792781,682417
792796,178394
792800,663908
792804,631528
792813,613603
792825,893927
792833,905620
792836,269901
792848,594899
792860,326988
792872,159870
792889,719902
792891,729759
792903,658826
792909,919489
792912,278199
792914,595901
792932,323210
792933,291356
792935,177227
792937,614620
792947,330585
792955,869938
792955,369422
792963,602349
792972,608428
792985,182848
792988,322695
793006,196043
793009,360930
793019,628722
793022,629783
793025,639345
793029,938399
793044,508624
793077,683580
793084,454724
793110,315927
793115,611437
793118,917309
793123,925684
793141,349731
793147,547250
793160,659394
793168,636180
793186,730007
793192,345389
793207,269113
793211,165777
793219,586927
793241,524138
793250,634167
793254,893834
793258,664817
793267,527044
793277,351888
793278,528848
793314,481592
793333,511306
793338,690080
793348,879421
793374,615699
793379,346165
793391,321195
793434,628134
793439,304545
793449,358917
793452,341560
793466,254610
793467,508994
793474,653519
793483,932157
793486,371303
793487,253876
793515,621720
793538,276625
793570,884735
793585,624677
793588,638299
793593,876013
793611,626741
793622,289440
793625,612099
793636,269094
793660,490774
793664,579175
793668,518571
793704,611909
793732,607799
793771,273887
793777,900087
793799,673177
793805,337775
793822,695370
793847,626198
793877,691530
793893,713933
793905,328862
793912,652582
793915,853056
793922,239309
793938,620225
793942,341186
793965,263860
793966,661898
793977,684602
793981,929880
793987,741255
793996,280060
794007,626535
794015,759193
794017,259164
794020,697072
794033,595950
794053,244224
794055,933833
794058,772400
794069,594925
794082,610723
794082,233239
794096,705003
794099,639642
794099,313749
794102,638780
794108,630106
794113,175268
794122,357055
794126,227267
794133,339461
794168,921937
794177,862249
794178,718284
794185,260401
794186,567643
794204,173185
794214,524421
794219,375996
794223,705624
794223,627068
794225,685179
794230,690575
794236,632932
794253,605890
794255,528767
794256,348363
794269,240646
794270,284338
794292,111939
794293,669711
794315,329740
794319,613970
794334,920606
794337,164537
794339,277878
794367,614225
794379,710263
794402,868556
794422,564841
794426,335111
794440,582738
794440,360140
794449,371393
794462,447371
794482,332124
794490,725140
794491,364145
794492,389530
794513,571452
794514,622232
794523,887722
794537,909446
794549,607865
794559,622073
794561,330879
794571,321341
794577,622017
794587,721057
794592,588678
794599,322736
794602,345080
794611,619483
794624,670873
794630,362928
794630,244708
794638,254345
794650,340738
794651,891185
794662,352514
794666,371713
794667,580442
794670,324311
794671,644462
794676,609601
794688,778319
794695,709106
794719,887032
794746,918710
794752,248425
794771,944544
794790,911005
794794,315914
794816,355401
794835,584726
794841,740135
794844,491899
794886,656086
794886,945907
794887,645814
794896,670389
794919,599180
794934,343708
794945,874159
794952,384622
794953,284964
794956,699691
794961,967336
794966,630948
794966,177851
794977,641633
794979,182625
794987,661321
794999,581241
795014,722091
795015,791576
795016,600225
795017,610798
795031,609283
795032,591849
795032,896706
795055,372946
795055,597789
795057,386902
795062,322323
795063,714395
795108,533585
795121,574873
795139,657626
795153,266034
795163,334662
795197,483208
795204,484423
795225,339107
795258,558231
795286,318831
795287,141069
795307,564449
795312,738610
795318,522716
795333,514325
795343,380758
795352,293291
795356,351088
795388,261354
795397,524731
795401,703188
795426,690902
795447,361462
795454,896984
795456,350426
795467,694962
795468,620809
795476,345328
795478,671578
795483,495152
795514,671259
795516,664974
795519,476109
795521,292537
795532,187397
795539,628792
795541,606253
795562,710199
795563,605925
795571,898929
795577,899462
795578,706526
795582,337736
795583,562411
795583,366062
795588,243632
795590,939094
795599,281208
795624,723405
795632,598585
795636,612919
795640,948940
795657,693406
795669,682089
795679,595592
795685,335597
795689,896627
795697,362629
795700,288918
795709,679296
795717,200969
795724,330289
795728,718374
795732,593910
795736,224253
795740,941373
795743,595146
795752,917370
795779,337282
795785,927207
795789,643585
795795,620868
795805,366230
795835,678756
795844,631637
795857,370583
795885,175129
795912,351177
795913,248358
795942,349777
795944,320008
795947,332804
795960,592095
795984,714767
795991,630828
795991,692649
796012,691523
796013,227179
796047,714539
796054,711502
796062,588422
796063,327729
796067,336657
796080,718485
796095,886733
796099,602174
796102,309116
796109,626718
796117,329930
796123,647042
796133,223441
796144,183428
796168,603285
796168,300896
796171,334973
796183,362440
796189,254213
796196,657990
796241,177120
796247,646229
796258,654118
796266,478620
796269,656205
796281,390598
796289,182253
796298,623688
796300,950800
796305,270790
796307,721163
796309,588625
796336,657080
796339,699044
796344,485648
796346,365786
796372,306598
796390,690101
796391,628988
796421,679123
796424,361676
796426,680482
796441,619692
796449,606910
796454,305501
796471,711192
796481,700802
796528,612497
796534,938195
796546,351608
796584,270106
796590,687829
796594,591157
796597,308762
796619,591080
796664,598703
796680,504536
796684,224347
796689,690946
796690,575917
796708,377123
796722,385086
796726,357264
796736,725874
796739,694910
796740,363540
796748,884631
796750,627050
796776,358425
796779,615535
796786,724606
796803,911135
796805,634850
796841,333267
796844,268120
796854,661483
796870,855049
796878,920560
796881,302726
796896,473640
796908,576229
796924,276727
796928,578736
796931,291805
796944,671944
796944,718955
796964,683463
796990,163681
797012,194845
797014,337337
797036,647302
797044,613358
797046,663426
797052,898351
797064,722346
797075,730987
797087,279695
797091,444564
797107,913400
797109,905974
797112,464635
797115,260856
797135,677099
797157,951102
797191,312130
797202,294297
797218,340931
797232,493609
797236,388464
797237,326369
797240,162740
797254,587025
797262,596182
797273,637174
797283,270958
797306,632043
797316,652053
797326,714925
797330,353037
797334,343485
797341,636660
797361,703815
797390,681301
797392,340224
797404,238360
797405,189907
797409,641633
797423,257982
797437,682806
797451,695410
797453,285419
797464,331512
797518,777006
797519,603692
797523,271558
797553,301722
797554,719234
797574,644665
797584,578097
797603,231709
797608,601959
797618,345134
797621,176865
797660,605003
797661,568454
797664,320466
797671,964539
797674,937894
797679,646258
797683,353740
797689,150607
797717,552974
797745,298950
797775,530457
797781,835555
797793,539427
797797,482132
797806,602768
797808,888955
797814,706923
797816,352212
797822,591379
797830,849155
797837,483115
797839,890375
797849,326711
797853,938454
797867,500911
797872,487004
797885,313869
797893,166787
797896,872659
797906,677243
797934,601185
797946,747487
797949,671893
797969,320112
797986,521901
797987,183386
798013,618775
798013,249055
798034,658249
798041,712386
798047,336446
798052,570968
798057,939740
798065,939376
798068,345600
798104,350625
798105,954065
798106,581186
798108,690670
798116,631524
798125,717293
798131,905035
798137,367909
798139,364877
798144,933742
798145,345098
798159,273973
798167,713528
798173,707404
798184,922891
798213,700812
798213,873968
798215,695197
798232,391685
798234,324911
798256,207382
798257,655708
798261,173466
798275,583949
798286,650078
798296,662084
798311,252323
798363,672438
798372,171759
798388,307717
798402,168502
798412,625178
798419,331199
798420,677794
798425,617875
798427,599142
798431,650899
798431,243183
798435,683948
798442,354673
798447,341188
798456,687939
798464,335859
798478,363812
798481,620912
798486,319512
798491,379811
798495,564543
798501,298568
798513,256637
798539,971466
798542,946762
798558,610425
798573,319881
798603,352956
798609,143742
798610,566834
798622,909164
798627,349878
798628,596437
798633,600178
798638,745494
798640,363058
798656,706391
798659,668373
798668,933955
798684,307507
798694,696719
798709,622027
798716,942594
798735,600044
798735,649121
798748,585729
798773,294853
798774,655468
798775,698613
798785,272533
798794,168423
798795,300265
798803,909382
798814,167868
798832,240370
798837,691894
798855,636656
798907,714523
798907,355742
798915,908201
798917,266740
798925,634584
798930,351218
798944,654921
798948,920716
798955,689498
798966,743081
798995,900367
799004,360452
799021,707425
799032,319100
799034,340215
799042,381491
799081,326213
799090,291178
799125,607101
799128,377364
799140,343396
799149,621927
799150,492141
799159,240720
799170,761585
799176,230861
799179,317483
799184,904644
799193,927860
799196,907575
799199,893148
799202,933266
799202,923226
799206,628799
799213,706896
799216,176977
799240,346786
799243,656768
799248,677484
799256,340040
799257,361768
799260,601651
799264,364748
799269,264703
799282,693857
799292,902601
799298,668137
799315,729564
799322,332674
799326,306164
799330,273789
799341,648998
799341,970059
799342,613163
799345,635723
799363,342213
799372,699473
799385,577513
799390,234223
799391,701856
799405,595391
799405,639154
799405,927850
799416,880787
799418,322720
799420,351829
799421,353716
799421,534231
799430,619953
799438,435554
799444,331120
799470,933243
799479,918643
799491,357744
799494,931788
799496,634012
799523,612969
799536,358232
799544,347948
799553,367352
799557,296819
799560,744804
799560,608897
799581,708322
799585,616166
799589,499371
799624,379638
799626,265439
799647,685467
799658,693540
799660,707841
799667,646700
799668,676375
799679,505693
799688,946450
799709,627279
799710,599867
799725,389162
799736,254628
799737,923390
799740,238955
799742,498577
799743,343462
799755,278278
799765,764679
799773,928361
799782,247555
799785,561044
799794,892732
799798,939487
799818,692109
799819,882891
799821,650523
799831,261594
799837,880927
799837,912747
799840,615059
799841,712137
799847,579773
799853,252011
799858,623361
799873,681970
799891,320772
799892,362361
799897,465130
799909,620586
799913,573439
799918,377235
799928,368161
799937,347281
799945,321542
799946,570449
799950,866893
799962,661945
799966,629689
799967,337161
799972,698107
799976,982867
799979,696095
800007,920289
800040,914151
800068,917390
800072,345029
800091,299103
800097,651828
800097,574818
800101,293290
800102,588655
800111,877374
800116,730842
800120,690756
800121,646306
800122,780084
800126,191126
800130,615979
800136,911258
800152,594884
800157,171165
800173,171947
800186,314896
800188,374747
800204,864728
800204,712241
800217,705147
800218,188873
800218,268411
800242,343691
800244,901144
800251,378935
800261,616106
800276,284061
800284,927937
800296,313023
800300,644703
800308,377690
800325,328531
800329,225385
800334,395140
800337,629971
800342,376053
800345,590494
800346,572569
800353,688781
800354,595695
800356,315803
800360,695925
800364,679199
800372,646015
800384,614469
800392,714412
800393,363959
800402,193911
800427,338384
800437,172190
800442,719281
800444,286867
800447,379972
800462,591644
800464,603756
800465,909626
800476,630457
800480,183931
800482,489192
800489,373494
800492,652485
800514,584905
800517,497875
800548,348999
800550,580305
800560,673047
800568,495898
800577,674003
800604,880511
800613,357947
800622,376141
800638,593642
800649,726265
800667,473400
800674,923794
800678,664111
800686,633124
800700,908463
800706,651813
800715,920401
800723,690701
800727,368407
800733,740258
800741,395979
800741,540996
800744,328742
800747,353920
800751,920775
800758,233250
800775,588772
800792,364708
800792,854584
800802,654680
800815,345681
800820,591621
800862,356769
800876,550549
800881,907932
800896,930526
800916,662435
800927,174675
800943,361477
800945,280258
800951,921881
800951,617667
800958,904529
800965,650123
800996,695446
801000,334618
801000,409112
801010,634775
801017,619605
801034,261469
801045,351415
801049,883857
801054,283622
801062,323667
801078,656142
801092,342339
801117,583714
801130,675186
801185,195036
801191,190472
801198,688485
801200,258998
801202,318552
801205,614843
801218,930575
801228,890951
801231,364182
801239,350892
801248,908000
801259,687356
801264,590241
801295,362378
801306,696061
801306,845747
801325,582606
801352,630706
801373,717323
801374,269152
801386,632699
801388,907450
801393,703654
801397,519485
801399,347159
801400,614770
801419,897025
801420,597359
801431,362425
801433,620614
801434,296392
801470,910920
801473,375182
801478,690101
801482,687228
801484,356676
801499,321452
801508,597639
801521,658514
801538,655284
801539,282272
801543,882314
801551,588485
801574,893607
801575,350484
801585,717427
801587,302176
801590,919833
801615,699825
801622,585612
801630,355672
801640,331688
801649,702351
801652,685175
801655,632825
801655,319654
801679,600751
801691,710301
801699,714268
801712,904284
801724,718096
801725,644657
801727,930200
801731,542421
801731,661838
801745,687980
801756,492053
801759,259883
801764,492416
801769,919037
801770,315778
801772,687025
801775,711929
801779,273402
801790,375453
801798,195419
801802,552992
801807,692467
801818,623590
801820,710711
801826,907195
801827,607782
801833,355642
801844,326243
801849,889802
801858,365927
801884,149426
801909,333237
801918,392504
801918,715976
801923,628915
801938,342479
801939,240845
801956,677327
801957,352656
801959,597080
801959,338534
801961,928414
801964,599277
801970,891971
801993,736513
801995,934298
802030,939405
802036,274292
802046,686262
802052,741535
802052,694521
802052,942613
802069,188806
802078,342344
802113,938859
802128,870953
802134,326248
802144,603072
802145,152839
802168,914179
802171,743111
802172,246269
802186,328858
802201,654540
802205,333935
802213,523142
802213,892836
802217,657406
802234,910167
802237,697148
802254,352368
802276,614842
802302,237081
802302,306680
802320,305337
802322,368441
802384,278561
802399,212620
802403,183423
802406,366985
802410,857181
802415,684891
802420,346886
802425,284670
802430,356360
802430,352676
802433,391768
802437,943486
802440,706522
802455,350543
802473,289623
802501,375121
802503,709985
802505,245017
802527,887122
802527,277681
802538,867158
802555,936772
802558,361448
802560,344502
802565,576919
802569,608809
802577,920791
802583,672296
802595,361773
802613,869585
802621,322411
802623,623391
802625,191202
802625,367776
802632,606817
802632,679304
802637,247217
802643,934498
802645,346533
802649,746347
802658,518522
802664,883271
802667,594322
802679,652891
802685,148939
802694,731073
802701,682816
802703,573558
802713,394519
802724,916530
802734,649589
802739,190717
802746,342214
802749,648318
802758,618392
802761,185761
802762,321506
802766,701823
802800,647224
802803,636495
802804,586373
802810,676935
802816,904539
802818,357000
802821,729002
802827,338092
802856,695871
802859,571892
802859,576808
802888,370125
802902,610483
802904,594596
802907,692118
802909,595641
802912,916709
802920,579291
802922,561693
802925,910897
802928,606991
802936,498578
802957,311603
802962,360445
802994,340182
803001,642715
803005,936044
803008,623097
803020,575164
803020,623559
803022,650226
803023,343880
803028,717005
803057,354383
803058,910040
803069,392390
803076,336970
803077,184511
803085,639416
803092,568487
803110,269237
803118,646522
803122,653880
803122,354990
803122,703733
803140,144052
803145,921277
803165,661757
803168,863024
803187,643514
803192,263289
803206,659771
803206,311243
803225,642473
803228,587766
803236,307144
803238,650124
803242,895360
803247,865883
803247,690854
803250,351608
803269,604968
803291,696095
803296,303491
803305,364033
803306,852473
803325,584329
803346,353827
803348,331242
803360,369935
803364,303732
803365,733337
803446,188625
803472,353072
803483,191335
803484,370797
803499,730685
803501,862226
803506,869641
803510,159788
803534,261816
803540,890368
803546,336344
803549,951544
803552,258071
803573,668579
803580,908239
803583,296736
803584,153318
803604,935394
803606,926473
803628,467406
803634,326468
803645,839641
803646,892475
803649,187158
803654,683769
803658,133030
803677,698211
803678,673681
803704,680450
803710,347120
803716,336180
803729,587332
803737,174719
803742,368319
803744,303421
803746,673733
803746,689180
803747,945253
803758,675763
803763,366352
803764,895881
803770,315156
803773,352927
803785,690493
803786,384537
803798,731471
803801,265358
803807,352969
803817,468682
803825,207091
803831,345487
803842,314973
803842,855725
803846,485069
803848,476018
803858,335435
803869,177318
803887,740699
803888,321824
803892,314036
803904,329131
803910,257830
803910,737139
803912,367665
803925,671483
803928,654158
803935,578850
803941,604021
803950,615730
803951,367021
803956,906338
803962,615808
803969,332037
803993,686867
804002,319057
804003,321931
804003,644608
804028,350247
804041,553431
804044,330431
804050,253027
804081,322513
804087,891939
804088,581731
804094,594471
804108,343328
804151,643777
804153,331478
804162,350848
804167,705196
804168,632176
804184,951871
804204,885730
804215,660766
804253,636231
804254,487447
804260,387454
804263,565917
804274,649260
804301,174107
804319,179714
804325,261415
804329,628198
804337,347351
804347,894299
804384,300787
804386,273974
804397,320001
804405,917740
804409,191264
804414,355659
804415,928843
804422,313559
804430,634818
804437,650042
804451,712538
804454,916881
804464,142852
804468,339427
804510,642085
804516,369491
804520,616883
804537,638338
804563,651577
804566,278502
804567,584738
804568,686732
804600,682260
804611,701297
804615,626629
804617,606376
804623,591061
804630,890871
804634,631286
804641,352394
804650,313634
804654,943740
804665,238376
804670,820247
804687,728137
804698,940558
804705,336795
804718,340901
804724,754748
804726,732901
804732,684155
804746,186033
804775,929909
804777,693415
804782,701947
804786,723754
804792,754043
804823,352652
804831,378376
804833,652106
804835,624232
804842,480990
804848,285487
804848,609993
804848,915877
804855,603328
804862,919436
804870,696091
804874,702512
804888,500415
804893,166971
804896,176607
804904,629144
804918,583326
804926,291738
804929,394143
804931,709488
804966,344321
804977,335103
804978,350887
804986,693881
804993,861092
804995,588613
804998,702541
805000,376984
805001,593371
805004,304910
805005,168148
805005,249869
805022,324042
805040,312664
805040,689345
805049,172053
805083,698142
805086,902493
805087,506900
805105,716366
805109,328161
805109,319262
805117,889582
805123,375720
805127,345305
805131,712890
805133,251880
805136,732530
805145,283196
805145,892026
805149,705475
805151,337914
805155,306211
805157,699036
805157,578871
805164,684163
805171,628674
805171,280581
805176,185207
805222,352092
805224,690290
805226,894174
805229,181390
805235,897193
805251,621169
805252,642579
805261,843302
805265,676192
805273,881204
805276,387843
805298,723310
805299,605038
805312,351454
805313,347817
805337,345777
805338,604862
805353,899491
805360,618345
805362,586380
805363,637313
805374,662485
805383,167491
805387,356831
805395,679741
805396,362507
805399,910171
805427,685922
805436,150102
805437,878295
805455,394471
805459,161533
805465,291254
805468,189559
805472,895845
805496,693081
805513,834386
805540,934617
805551,691933
805557,308960
805559,152161
805561,714504
805562,240037
805591,716888
805594,593582
805598,703229
805620,899496
805621,891808
805629,681195
805650,339324
805650,654909
805655,169456
805660,702941
805686,708207
805725,205469
805738,592221
805747,666508
805752,349037
805759,142292
805759,604246
805768,725092
805771,725578
805772,865505
805774,914990
805782,473646
805790,925343
805809,904971
805812,597995
805837,175427
805860,368194
805872,606623
805881,185852
805906,711573
805909,704423
805923,690193
805934,711255
805939,157247
805951,712658
805964,352322
805974,332368
805988,300147
805989,896491
805994,682349
806023,750559
806040,718789
806048,166053
806053,728585
806100,678259
806120,166988
806133,600714
806172,615197
806172,173110
806194,363392
806195,588443
806201,701632
806219,708862
806222,875118
806267,634586
806267,605499
806272,290558
806307,166037
806310,384927
806348,895518
806352,698060
806353,320474
806359,735098
806373,641230
806379,307939
806401,329952
806412,379401
806417,926569
806435,126075
806448,725163
806452,734768
806459,332676
806474,887580
806476,169742
806494,625036
806508,942844
806528,680472
806533,353443
806535,676368
806548,590876
806564,297608
806574,678194
806574,667843
806583,727535
806583,905488
806590,565934
806595,173312
806602,509381
806603,344872
806621,954896
806631,705697
806635,573681
806647,494458
806653,682742
806673,626617
806680,608971
806704,285630
806708,483681
806737,628732
806746,579257
806753,600489
806757,620985
806772,685871
806773,677106
806782,533072
806791,260293
806803,723694
806807,526720
806817,618229
806817,674126
806829,290008
806839,592796
806839,719389
806842,694735
806868,734904
806870,197689
806871,194018
806883,618455
806885,308873
806891,612050
806894,329342
806898,926069
806898,914169
806916,644948
806920,248969
806930,696971
806934,396609
806941,658501
806985,886632
806990,623634
807006,573781
807007,683563
807015,885345
807018,601676
807019,672947
807019,564562
807030,576412
807041,305128
807061,170921
807076,675903
807090,252532
807120,608610
807135,193389
807149,347378
807155,822232
807164,726347
807188,903539
807195,274383
807200,273234
807214,622332
807215,700551
807219,264371
807226,192868
807233,688186
807236,659303
807239,341353
807243,715213
807251,333066
807257,939239
807261,873769
807262,356334
807283,849642
807303,690518
807312,274879
807316,648365
807320,365407
807320,390325
807340,877009
807351,929898
807358,514054
807368,884790
807382,662187
807385,699468
807419,349170
807421,231167
807427,918357
807432,218797
807447,646665
807454,648705
807464,572127
807474,596223
807476,352483
807479,348967
807487,167317
807497,948998
807500,174622
807510,698190
807513,624799
807516,170359
807543,372681
807550,335315
807551,863079
807561,564135
807621,232657
807627,748294
807632,181415
807640,372678
807655,571911
807657,882994
807670,910037
807686,483404
807691,371601
807694,351735
807700,877772
807700,885847
807712,160819
807727,308213
807763,911918
807765,905264
807766,930370
807768,619659
807770,608817
807802,372855
807814,333998
807821,637040
807859,305557
807866,696971
807889,346451
807893,634226
807894,716393
807905,677091
807910,624523
807945,510276
807946,614293
807949,486329
807958,262217
807959,332951
807965,290794
807992,904156
807996,175126
808051,625325
808053,185538
808058,717753
808061,696011
808061,834355
808062,391012
808076,226910
808104,689241
808108,863431
808116,896931
808122,174367
808125,583219
808154,636179
808158,204179
808182,234255
808183,689125
808223,295500
808223,201907
808232,623641
808239,600070
808246,761324
808255,699709
808259,185245
808265,692209
808271,341980
808273,331368
808285,650609
808291,897196
808300,273766
808308,617300
808311,267637
808316,639991
808317,911926
808347,315326
808347,706926
808365,691471
808380,230942
808389,933687
808396,505266
808401,684222
808403,322318
808438,631329
808441,315542
808445,307346
808447,532317
808465,597139
808472,168516
808485,662596
808498,220410
808499,613201
808509,850008
808520,634923
808521,714327
808529,938688
808531,323220
808583,346940
808600,300630
808624,160652
808634,610333
808635,713230
808638,653232
808640,665565
808662,702419
808674,273578
808677,622280
808681,878964
808681,598654
808682,634112
808690,216739
808691,679451
808695,655033
808695,265256
808699,593408
808699,928749
808705,350426
808714,692439
808723,470921
808726,609732
808738,709798
808740,152494
808740,340836
808743,916187
808745,897003
808750,583683
808777,139933
808782,377922
808789,606066
808793,234589
808805,698150
808805,346148
808819,884670
808820,323331
808828,586169
808835,900299
808840,323412
808843,946756
808850,862928
808854,251997
808855,333033
808863,321015
808883,366039
808889,911816
808892,623022
808911,161010
808914,715907
808917,324435
808921,878094
808928,340203
808928,140188
808931,727912
808931,925313
808932,242408
808945,614622
808956,327716
808963,589593
808992,159328
808995,926132
809008,355338
809022,891787
809070,856851
809096,582681
809127,612396
809131,871277
809145,580491
809150,636366
809158,707351
809178,341148
809188,640666
809201,291273
809204,597649
809204,181578
809235,687236
809235,595370
809241,223022
809245,351536
809247,289177
809267,370144
809270,166265
809277,811792
809283,591212
809303,310309
809306,334832
809325,678253
809340,699137
809347,694266
809354,737797
809358,638372
809366,650049
809369,627533
809388,383476
809397,874417
809407,166194
809436,625112
809436,368188
809438,166674
809439,285131
809482,721075
809483,197071
809487,615636
809500,908943
809511,714443
809518,700255
809529,149601
809532,366257
809540,930807
809541,606767
809549,717891
809556,350212
809579,487608
809583,344930
809590,455825
809607,950899
809617,321162
809625,699489
809637,709051
809640,368501
809641,758905
809669,728670
809679,598234
809686,634541
809694,707655
809694,892609
809694,580479
809707,368165
809718,695867
809718,636417
809740,700981
809746,721708
809785,714600
809820,227580
809822,176493
809826,371284
809836,182362
809844,636752
809844,736636
809845,877412
809850,588828
809851,705581
809862,234017
809869,606889
809875,169391
809877,890151
809880,732517
809892,199729
809911,332639
809931,186577
809940,184555
809961,333589
809968,663860
809983,303033
809987,335910
809994,694799
809995,627488
810010,184603
810013,163603
810026,283057
810030,595779
810034,916128
810054,362541
810056,270412
810063,335975
810080,887248
810082,680635
810082,713320
810090,613665
810092,377480
810102,622745
810119,326118
810120,305970
810139,250597
810166,178447
810186,164883
810194,166626
810205,293668
810247,155502
810291,906379
810309,661941
810311,889774
810324,677578
810360,637137
810365,721117
810372,320650
810375,704598
810385,369863
810385,863387
810404,338193
810407,619544
810417,322107
810447,524889
810454,168702
810456,339950
810457,177563
810467,666891
810480,699408
810481,674919
810485,678561
810490,157670
810511,324331
810514,686031
810518,632941
810521,277543
810525,344567
810532,350652
810544,618733
810546,937835
810554,677940
810561,161386
810565,868230
810569,640867
810576,339762
810576,308472
810578,343966
810584,655457
810584,607485
810589,350254
810593,943421
810600,926627
810609,368612
810616,346028
810621,898631
810621,274682
810632,620613
810638,338483
810677,671272
810678,592127
810682,592557
810711,708264
810716,608489
810751,923750
810767,689890
810777,214022
810806,351338
810809,498981
810818,567198
810819,720169
810820,507911
810827,673157
810827,287289
810830,927905
810836,709864
810836,598834
810839,903174
810849,735936
810863,372417
810872,626006
810872,275195
810875,113210
810878,156155
810913,260898
810920,647558
810945,908938
810948,552509
810953,309866
810962,699164
810984,701713
810987,929396
811003,873074
811009,939148
811027,710683
811028,684697
811032,680256
811034,340435
811069,204806
811073,684543
811082,923454
811102,367045
811103,930459
811137,910932
811156,935972
811161,638077
811186,314333
811190,920740
811200,465062
811206,502822
811209,375859
811211,616067
811256,318508
811272,261138
811281,302459
811293,337050
811302,689566
811308,893755
811308,449875
811321,164518
811330,659695
811342,947882
811344,900010
811347,321006
811359,339986
811374,735818
811375,621602
811388,358875
811389,384121
811393,682230
811406,664010
811415,882079
811439,948604
811455,154170
811457,609332
811465,632351
811471,328605
811475,161143
811478,725288
811480,690745
811514,701549
811517,276809
811517,584853
811519,362404
811524,168500
811537,696113
811580,204701
811581,725527
811581,676010
811582,174907
811607,712383
811612,708903
811639,282603
811654,591090
811661,698248
811664,637085
811673,210366
811681,159444
811693,676437
811694,324413
811704,342515
811719,897365
811731,899804
811737,351424
811741,327983
811744,314201
811750,889237
811751,279754
811776,614250
811778,886107
811793,329550
811794,941193
811803,600574
811820,594850
811828,689126
811830,229254
811834,705482
811845,647619
811846,683213
811847,943699
811860,323784
811874,922290
811881,689198
811920,311811
811941,868347
811961,154362
811976,713284
811981,925896
811981,923609
811982,140054
811983,628913
811983,355328
811983,287255
811984,718300
811984,616986
811996,706836
812008,328941
812011,893072
812012,507979
812022,715813
812024,718678
812026,909634
812026,948190
812066,362979
812068,606629
812082,612695
812091,180460
812094,674697
812098,245916
812103,165965
812111,531468
812138,384196
812141,373554
812143,528218
812148,330461
812153,522232
812178,651667
812207,697645
812211,592988
812217,218918
812218,630532
812248,330678
812251,732622
812251,610441
812270,167569
812271,608415
812276,619102
812278,243064
812282,694943
812302,931197
812321,246158
812333,345662
812347,306558
812357,168059
812359,703708
812368,703266
812368,366082
812384,570268
812392,682585
812394,362490
812406,703386
812415,327043
812437,647227
812455,703036
812457,896866
812467,676177
812467,342704
812486,657143
812499,601184
812500,634527
812505,608346
812507,348120
812517,920209
812520,695915
812521,884125
812528,902074
812534,604812
812538,629040
812540,186029
812544,619645
812546,301084
812549,199884
812555,353477
812559,150652
812562,683774
812565,308288
812569,362643
812571,926872
812606,174888
812611,523117
812612,709333
812643,354021
812651,631550
812654,355958
812667,270329
812694,622085
812703,678250
812738,622926
812739,709767
812760,759507
812761,609227
812764,705086
812766,246285
812779,164881
812787,167985
812789,578443
812793,874751
812801,486481
812808,602078
812811,200785
812827,324589
812829,647820
812851,595913
812884,700870
812889,653264
812894,679951
812901,655341
812910,737404
812919,280100
812932,280184
812940,739553
812944,631925
812969,684857
812970,377853
812971,935648
812974,330631
812991,623219
813002,160646
813023,667422
813026,207124
813048,646986
813060,462651
813060,872306
813073,602476
813075,876325
813076,290975
813084,286573
813097,862963
813100,274197
813105,655073
813129,461863
813145,571446
813159,602399
813162,267633
813166,690123
813167,721785
813179,182110
813188,708184
813194,719317
813215,318109
813219,117336
813240,623850
813246,919732
813323,711772
813328,296847
813334,366128
813351,180155
813361,705424
813366,655476
813369,606049
813372,874404
813387,681196
813393,725454
813402,279423
813404,855862
813404,670836
813421,680222
813429,140938
813442,706742
813446,903240
813468,952831
813470,716577
813471,889331
813473,707572
813481,748478
813490,953595
813494,560261
813495,646591
813506,705929
813507,262630
813510,838088
813517,174505
813521,162253
813523,722577
813529,639359
813547,919283
813548,597840
813568,326123
813615,670778
813631,633908
813642,295753
813651,695464
813663,227561
813665,698844
813706,722900
813714,492270
813719,348013
813725,380379
813735,584764
813736,310690
813741,345865
813744,644918
813750,321399
813751,385212
813757,651258
813763,323163
813764,656581
813765,703455
813767,928699
813768,266814
813779,662087
813789,920898
813791,205297
813820,353619
813824,693303
813859,707437
813881,887211
813881,154584
813888,300286
813889,735436
813894,588473
813894,156859
813900,324512
813917,206578
813926,175329
813927,158166
813950,903036
813960,156075
813960,316747
813970,483310
813971,693850
813979,623400
813982,566774
813988,184538
813989,319062
813990,772274
814001,592632
814002,700771
814006,333224
814008,319377
814010,487123
814027,251414
814027,246895
814045,185901
814060,187152
814065,156770
814069,237661
814070,721321
814074,375285
814083,338614
814083,647451
814111,502326
814123,160703
814125,922007
814128,286519
814144,342035
814150,382105
814152,639410
814170,342534
814173,657823
814184,697852
814189,892046
814203,624260
814270,643602
814273,182636
814281,374245
814281,282381
814283,746088
814292,347036
814292,597610
814301,260089
814314,207113
814320,714426
814356,944174
814357,933913
814367,718440
814382,195790
814382,617826
814408,889515
814410,587898
814416,604070
814424,304539
814429,626091
814435,696216
814461,312027
814464,903627
814486,622280
814491,701640
814502,696847
814508,601025
814509,714562
814522,910967
814528,360575
814543,186455
814547,928855
814547,624085
814555,851314
814569,174250
814585,975213
814592,287016
814597,636185
814597,463249
814599,913209
814605,750936
814620,724787
814622,613235
814633,527907
814636,869568
814639,715830
814655,574339
814661,334011
814667,697831
814674,179626
814682,362518
814696,683011
814713,180792
814746,516878
814748,727341
814756,661610
814789,154331
814801,703276
814805,848019
814814,714637
814817,195459
814827,312315
814828,685636
814828,330164
814845,595220
814849,694697
814873,875858
814892,155933
814892,652273
814918,357057
814941,336598
814944,922152
814946,898446
814956,315795
814957,675977
814975,684169
814978,358034
814986,155026
815023,338792
815029,492541
815055,685079
815061,679282
815064,719472
815065,536779
815068,913889
815080,612832
815084,698677
815084,849887
815087,925241
815092,644021
815101,381902
815107,160561
815114,230778
815116,704258
815119,574264
815120,192465
815122,898067
815123,278931
815133,724486
815139,345237
815141,537918
815149,690034
815155,737205
815161,897960
815176,352259
815178,342458
815187,251223
815205,488556
815214,850816
815215,704533
815217,563056
815223,710538
815232,891577
815242,282369
815245,285216
815275,178156
815279,344199
815287,243260
815287,185728
815290,296028
815291,921773
815308,370474
815335,685260
815338,368631
815346,363226
815350,889232
815390,614461
815393,613026
815401,594626
815417,678906
815422,925014
815440,679318
815445,700839
815465,328265
815467,262083
815468,370157
815498,937039
815498,517349
815503,193879
815503,594245
815514,625863
815519,355404
815534,743646
815547,686554
815548,722893
815548,686143
815556,184540
815566,908436
815570,699146
815602,673829
815603,685146
815613,291133
815629,313094
815633,630073
815671,310530
815679,337440
815686,662672
815704,155721
815709,689033
815734,269988
815744,671923
815746,711507
815749,353095
815762,697158
815770,689446
815774,337178
815781,236877
815788,331452
815805,710314
815807,357781
815812,703499
815817,899538
815829,931783
815831,633179
815831,163986
815841,709597
815844,952367
815851,666912
815855,593067
815857,549187
815858,195616
815863,348881
815877,627370
815887,183702
815903,175519
815934,630004
815937,268067
815940,360566
815964,707979
815967,610009
815998,641575
816018,639518
816019,575775
816031,667123
816049,694807
816051,370711
816052,712004
816053,213877
816064,923293
816076,179610
816081,626744
816082,573999
816084,692242
816100,331623
816113,480361
816121,180781
816126,866397
816139,176474
816139,193952
816148,715822
816154,357424
816173,651423
816179,690986
816186,660290
816193,655259
816199,612543
816212,285840
816244,705954
816248,602075
816261,909593
816271,399191
816286,167616
816292,159723
816292,303277
816300,887097
816302,614601
816306,921337
816310,644233
816326,359884
816331,674423
816355,350101
816356,726130
816356,375538
816356,898966
816369,264021
816400,321535
816413,212519
816415,351231
816438,605145
816465,167042
816487,878711
816492,364971
816493,702894
816518,680131
816521,666623
816522,254774
816524,690480
816553,344582
816553,623488
816556,717321
816572,708418
816579,696534
816581,317355
816596,580781
816600,607023
816611,713534
816628,286116
816630,456974
816634,311409
816640,932656
816644,174927
816644,855147
816688,360051
816696,325609
816697,900621
816722,521132
816730,189411
816734,691176
816750,169836
816775,711133
816777,677388
816795,242623
816799,352747
816803,161196
816804,911622
816813,570427
816834,303023
816841,608816
816848,347506
816850,859981
816861,865801
816863,896147
816867,158671
816891,493026
816895,176507
816897,587801
816903,715558
816903,341731
816924,180920
816926,200597
816928,336879
816936,341487
816946,915222
816953,718252
816956,740124
816976,180935
816977,679595
816984,668625
816991,707994
816998,183296
817023,597236
817032,362429
817041,892981
817050,720564
817054,738063
817069,315764
817071,530643
817073,637894
817078,175522
817079,890718
817084,484846
817091,703440
817101,929776
817109,902403
817112,894727
817113,859387
817121,562284
817126,896297
817134,961075
817166,724420
817198,169222
817204,869188
817218,654069
817244,855873
817265,687770
817269,203355
817278,380873
817279,909869
817280,845710
817298,714687
817299,687675
817300,905709
817305,612696
817309,175155
817310,704960
817318,643605
817342,927199
817363,687937
817376,522792
817384,879924
817384,153221
817392,685492
817401,345607
817403,681777
817419,471960
817420,649902
817441,215923
817449,181698
817452,881875
817462,709431
817469,465074
817472,575391
817544,687251
817552,711707
817564,153336
817568,327633
817571,693453
817582,648899
817585,267707
817591,203702
817601,261136
817614,616342
817638,688945
817642,373496
817643,353600
817673,321932
817679,694497
817680,329729
817691,690337
817693,320226
817694,593368
817699,343518
817705,964876
817715,698225
817721,345535
817725,516604
817729,701349
817734,709165
817739,178752
817754,273846
817771,176826
817772,250849
817775,875419
817779,599133
817792,316029
817809,882038
817831,631352
817833,175977
817834,591210
817845,170500
817848,384302
817860,899044
817861,882694
817862,243050
817871,705902
817873,609596
817884,327754
817896,149028
817896,698438
817910,600922
817912,738766
817921,914190
817935,366422
817937,957216
817942,704653
817949,974367
817971,694435
817972,623874
817974,940528
817989,632876
817990,947072
817992,664942
817997,350939
817999,280114
818010,388444
818021,689164
818033,926672
818042,297641
818065,344825
818069,686352
818070,659904
818084,342168
818096,316053
818100,163526
818100,351922
818117,876595
818134,714484
818145,301714
818161,583492
818161,179539
818174,656484
818177,253909
818195,734349
818201,702247
818211,688139
818239,706768
818251,697080
818257,350271
818262,658311
818284,920842
818299,309693
818330,672083
818375,148666
818389,732295
818390,664077
818395,858485
818403,273470
818411,645428
818436,898529
818446,700212
818448,194057
818448,662121
818454,652063
818457,705696
818466,335618
818466,703876
818467,254028
818473,625317
818478,625051
818481,928195
818487,213181
818488,625566
818499,170302
818499,372083
818509,594742
818510,694856
818511,743559
818515,914223
818516,180060
818531,535690
818541,217357
818543,694308
818565,932576
818567,345089
818575,325793
818575,747701
818576,337561
818592,341270
818623,227850
818669,876626
818675,371460
818694,659618
818696,156848
818699,635812
818708,619173
818723,306263
818725,868950
818728,621183
818732,605694
818737,886494
818742,702134
818745,291672
818748,194256
818750,710821
818779,348525
818786,709785
818786,174144
818796,866912
818797,825855
818843,691100
818862,530912
818866,241696
818891,862214
818897,692772
818905,176906
818911,729428
818924,910862
818927,305391
818931,339232
818975,842332
819004,220615
819010,290466
819025,692301
819025,142147
819041,709327
819042,150479
819054,920461
819054,723565
819060,898083
819064,633791
819064,674050
819070,163643
819077,960634
819079,855255
819085,707216
819095,900660
819098,832070
819103,712519
819105,719655
819116,170938
819116,374865
819125,400531
819125,839024
819133,336889
819149,663136
819159,720233
819177,235058
819186,593299
819192,934882
819210,913894
819223,656483
819224,919769
819228,682568
819241,616347
819251,470962
819265,687119
819292,645056
819294,313803
819306,191981
819311,969645
819322,383125
819333,500749
819340,650219
819345,182876
819347,164277
819362,600610
819362,160365
819371,598067
819376,704510
819386,709563
819435,676490
819450,704578
819462,334678
819464,876663
819465,204728
819470,405360
819474,337484
819487,148721
819489,711789
819491,627846
819496,371549
819511,495304
819513,652664
819545,886819
819549,126278
819549,716034
819554,250619
819561,379589
819564,827501
819581,611677
819604,322836
819618,828409
819636,707206
819643,349998
819645,340888
819655,307089
819662,168086
819673,686503
819688,181979
819692,300481
819702,288303
819709,152334
819718,679420
819718,690879
819740,162499
819749,340135
819750,737107
819750,154750
819758,353530
819759,926642
819763,686117
819785,629094
819802,244212
819819,444385
819822,531288
819830,624153
819841,627313
819846,364906
819860,207863
819871,224920
819871,347695
819872,623045
819877,358421
819886,927193
819888,273141
819888,700406
819901,830901
819922,155132
819941,357935
819942,195944
819977,175304
819990,668539
819998,480218
819999,610334
820013,187223
820016,153050
820025,611766
820041,262468
820041,359349
820045,363445
820054,886657
820054,469495
820065,305291
820066,696606
820068,195365
820088,896134
820092,493215
820092,192441
820095,333367
820107,608721
820112,276943
820133,336856
820134,154941
820153,289290
820169,456453
820184,176899
820214,352832
820220,391677
820241,166875
820246,681150
820261,341965
820265,604365
820270,252627
820295,888229
820304,681116
820317,161049
820325,356205
820330,318744
820342,661607
820350,673015
820353,628129
820366,635929
820372,155948
820378,153838
820379,929798
820389,363885
820398,323861
820398,302865
820410,844817
820442,677527
820443,460825
820456,330056
820457,695239
820462,155173
820469,345560
820473,352118
820479,669245
820484,326318
820497,351443
820497,173189
820506,211914
820514,177989
820518,566256
820532,591103
820538,236082
820555,599972
820557,705605
820568,191003
820578,713155
820581,630535
820594,557741
820622,185564
820645,496143
820656,204188
820657,676136
820665,346421
820672,335672
820686,651194
820708,711906
820711,319694
820722,888119
820725,143912
820751,691586
820755,699961
820764,198696
820784,852586
820784,393424
820786,893205
820786,507543
820795,675832
820802,621087
820809,239802
820823,866031
820826,264260
820828,887531
820832,294623
820837,623377
820841,709118
820859,666739
820862,662962
820878,504391
820878,157900
820880,698743
820884,719697
820886,911027
820901,677771
820904,144755
820906,203881
820908,326525
820913,191655
820932,694309
820934,524897
820934,917174
820945,604730
820953,352501
820979,197154
820989,164419
820990,161591
820990,865777
820992,631665
820996,668037
821013,880082
821027,289690
821037,329546
821040,732274
821041,191262
821055,162287
821062,155728
821066,693277
821074,610056
821075,174612
821092,287667
821098,691243
821099,331828
821104,638926
821121,720967
821140,237359
821142,694280
821142,607396
821145,358038
821158,268117
821158,698912
821181,879831
821201,651012
821202,344565
821263,691339
821266,971831
821269,693876
821289,907048
821318,893388
821347,342419
821361,311135
821407,591351
821418,154492
821421,680763
821428,723391
821443,208285
821447,888254
821449,612301
821462,709362
821478,148710
821480,144634
821484,496971
821485,685978
821495,878249
821496,856229
821498,464687
821503,694200
821508,891964
821509,387664
821514,288422
821527,158834
821527,181863
821541,283157
821549,618278
821569,522531
821576,241710
821577,921399
821590,346993
821595,608157
821610,682590
821620,607637
821624,888951
821634,523614
821634,503693
821635,354884
821637,150123
821644,850597
821647,924247
821652,904948
821659,156087
821659,170933
821682,871048
821689,694243
821695,550568
821699,591567
821707,176407
821707,146717
821715,168852
821722,286128
821726,377517
821740,907098
821741,691471
821757,680316
821759,525911
821759,357040
821766,693688
821778,708024
821795,248925
821797,283303
821802,951197
821808,720495
821812,657571
821817,159058
821827,344767
821828,617471
821829,293144
821837,490477
821843,180332
821846,708468
821854,169942
821858,713034
821859,161928
821866,318306
821869,631890
821902,172044
821907,287589
821919,655000
821921,144229
821927,714913
821939,367695
821952,164022
821956,625209
821961,169926
821962,141298
821968,704180
821973,695806
821979,188973
822012,703207
822013,166350
822015,683799
822026,115298
822026,286664
822049,624924
822053,290476
822054,690526
822066,694659
822074,565526
822080,605531
822081,288206
822107,300000
822109,718946
822117,176123
822128,176768
822133,263422
822133,721517
822138,168490
822139,148580
822140,287493
822151,486620
822157,607728
822163,348327
822167,618051
822171,176757
822179,188425
822186,505795
822191,916688
822200,681155
822202,298697
822207,673439
822214,720489
822216,698067
822218,789120
822220,896507
822232,686753
822240,599774
822256,150260
822258,362023
822278,576854
822289,120184
822298,701210
822299,367556
822302,491427
822303,614453
822305,296052
822308,185309
822309,701591
822330,928154
822331,717724
822333,194624
822336,712626
822336,667679
822352,681494
822354,709068
822357,920891
822369,680524
822385,873448
822386,230656
822404,702688
822411,682915
822412,285234
822413,566075
822418,517732
822422,480924
822429,136832
822438,639174
822440,164433
822450,327459
822458,609019
822477,893280
822493,925836
822502,167047
822511,701150
822526,488700
822531,692090
822545,729259
822562,704140
822562,678114
822565,319470
822571,648317
822580,673870
822581,620277
822604,961619
822607,184559
822626,902862
822628,688741
822652,633603
822659,276673
822663,176575
822667,491577
822679,599283
822682,610972
822684,929580
822702,890526
822712,186995
822721,193988
822729,722490
822734,167753
822734,720428
822749,583678
822761,148843
822798,156911
822801,152464
822801,670471
822809,628110
822817,902808
822828,605786
822848,857463
822863,674911
822881,396320
822883,892643
822890,690544
822910,322780
822913,688996
822915,359132
822919,286036
822923,687615
822927,290380
822927,363347
822932,406055
822933,901495
822943,290199
822943,876885
822947,512531
822955,308861
822957,645029
822968,930136
822977,826010
822996,283536
822999,870581
823004,721803
823004,188783
823010,602040
823016,175176
823039,431441
823041,510362
823048,286511
823064,286395
823074,616903
823074,291469
823092,285117
823097,625614
823101,333611
823112,290900
823115,867956
823117,898043
823121,475753
823142,474001
823148,863896
823161,354023
823163,669513
823166,686094
823176,904683
823184,166715
823187,149421
823188,305415
823191,602577
823197,152820
823200,698082
823201,270609
823206,292123
823212,177920
823217,293483
823219,359615
823220,658802
823223,645305
823223,316376
823226,149719
823239,612531
823245,674596
823250,931319
823274,247679
823276,218219
823282,460552
823284,878316
823285,715077
823292,667203
823293,493010
823297,899472
823315,655856
823322,724739
823326,691669
823336,697109
823351,347669
823356,696605
823360,288572
823362,632902
823363,882290
823384,291238
823402,320897
823405,277869
823420,570905
823442,728773
823448,287498
823459,902943
823459,310120
823465,268726
823465,292337
823477,631293
823519,287207
823522,229543
823535,705455
823549,592288
823556,698939
823561,270130
823564,899350
823583,347300
823592,372058
823605,311653
823613,909185
823629,894304
823636,291747
823656,878813
823662,686903
823663,637060
823688,302986
823693,857305
823700,287995
823701,704202
823702,289379
823706,155719
823715,398318
823722,848472
823726,202841
823731,890112
823737,710936
823738,355792
823757,288158
823759,721656
823767,199296
823770,325563
823777,738979
823778,852125
823781,727564
823785,293992
823789,336638
823793,840052
823802,686864
823803,177033
823804,845952
823804,670085
823807,987895
823812,661277
823828,594583
823832,695320
823843,136130
823845,132656
823847,142766
823865,374984
823866,432978
823866,353859
823867,893777
823875,928574
823884,293001
823892,290880
823898,875072
823920,337607
823925,183612
823941,286149
823961,314680
823975,633885
823976,666660
823977,284804
823983,347800
823992,707371
823999,287147
824015,384964
824030,340493
824064,286642
824068,626972
824069,628077
824077,894217
824078,524265
824081,390840
824094,185828
824103,699352
824113,698383
824118,449441
824121,908397
824127,324767
824137,225547
824145,880499
824146,402462
824155,171484
824165,184757
824193,588616
824195,623570
824197,259767
824204,909193
824204,937466
824204,716417
824213,285855
824226,615384
824228,939312
824231,487080
824232,261794
824238,283525
824245,846904
824247,684919
824250,196912
824255,184054
824264,964186
824268,191327
824272,257951
824273,944218
824287,192088
824291,293862
824293,291013
824298,332279
824301,876633
824302,288958
824331,605148
824340,239822
824342,264139
824351,616277
824357,357562
824361,288090
824361,707664
824365,904429
824370,681613
824386,173295
824393,283668
824410,338256
824413,885838
824447,288671
824450,493470
824456,634463
824462,296838
824495,292404
824498,614741
824500,413335
824506,235756
824518,273116
824527,181489
824539,278211
824547,298178
824549,195859
824549,288461
824550,288372
824567,264601
824573,907697
824584,286075
824592,178919
824606,130431
824628,523912
824633,921120
824637,275989
824660,350466
824673,162501
824686,662938
824695,379277
824702,650992
824703,191747
824708,284589
824713,473833
824725,291423
824731,689617
824732,290453
824738,289376
824743,723515
824760,872763
824788,340193
824789,703633
824797,686388
824799,640804
824800,183599
824823,696800
824826,546436
824837,290787
824840,345796
824849,343369
824852,596067
824861,150944
824868,659792
824885,689004
824890,289575
824892,192105
824895,505198
824915,260472
824937,178643
824941,712073
824952,260163
824970,186637
824977,887348
824985,286887
825006,294395
825014,211006
825018,289922
825039,829747
825042,290172
825050,292497
825050,281169
825055,289050
825056,887877
825059,602229
825061,292726
825079,378118
825090,890926
825090,602512
825095,204884
825116,605088
825135,337467
825135,716835
825145,282901
825146,722747
825147,534572
825148,466837
825161,921148
825169,286310
825186,613126
825189,233432
825204,172671
825204,875106
825211,617535
825214,334564
825229,495596
825235,290051
825238,578340
825242,614477
825248,291127
825252,362084
825257,701581
825263, 95055
825278,653623
825295,913280
825296,158169
825299,859350
825299,916053
825300,168030
825301,285638
825332,481576
825348,290509
825354,395476
825356,297444
825364,897132
825365,321367
825381,594491
825384,630944
825384,179513
825394,401749
825402,192169
825418,716785
825418,288177
825445,696642
825447,183513
825461,610028
825463,288713
825464,163064
825490,908969
825494,287092
825497,401299
825506,331170
825513,208473
825515,675374
825516,642747
825521,292094
825531,712049
825532,287946
825553,720175
825556,356805
825570,326834
825576,607594
825578,182934
825579,290939
825583,301508
825597,725932
825614,148501
825619,720265
825620,172439
825625,276719
825655,205119
825666,289034
825674,292555
825683,284365
825696,649032
825699,288134
825717,282700
825718,372845
825757,284566
825757,663569
825758,597439
825766,294372
825767,289069
825782,291453
825804,174100
825805,285851
825806,292758
825810,145661
825819,858088
825821,324749
825822,326710
825831,143588
825843,311055
825847,905777
825856,844708
825868,286854
825875,481160
825876,901445
825884,405936
825899,344266
825908,372918
825932,672942
825933,291917
825937,649541
825951,316245
825975,895067
825975,289888
825989,488292
826002,406358
826018,487088
826033,493568
826034,960326
826042,493044
826058,915155
826065,628421
826070,323945
826078,284437
826081,295111
826083,701994
826084,286333
826084,292706
826088,174826
826096,591679
826104,287465
826104,265810
826109,931021
826112,871875
826117,189716
826128,279124
826131,687420
826134,289253
826135,623799
826140,695898
826145,290342
826157,715833
826159,680100
826163,910493
826179,844054
826181,359923
826185,692918
826192,292763
826203,286244
826212,285195
826219,582069
826221,643965
826231,235719
826233,158498
826236,893276
826244,176399
826255,700571
826274,649337
826295,460165
826296,153684
826314,291532
826315,894120
826315,153542
826317,738144
826325,704432
826338,637310
826342,268907
826346,875074
826348,877321
826379,658721
826384,289378
826391,289431
826392,883180
826395,288254
826406,171480
826406,386711
826408,347498
826414,293074
826420,363265
826454,283548
826474,281076
826486,165037
826495,720749
826496,642657
826515,270023
826517,708559
826521,674016
826530,181350
826530,376353
826542,568043
826559,460772
826560,287521
826567,656769
826567,199930
826568,291962
826576,167032
826590,693400
826592,377168
826593,138950
826596,649108
826614,475426
826631,300836
826638,295379
826647,291392
826651,285791
826655,287886
826659,671166
826671,829337
826689,642928
826690,289261
826699,288450
826719,476784
826728,711930
826728,855887
826742,705530
826742,895349
826750,699884
826760,519436
826766,696137
826769,656846
826772,293462
826774,293901
826784,321064
826785,169234
826786,289904
826798,287895
826798,291758
826799,289290
826806,712096
826813,915132
826813,286998
826814,294695
826821,658055
826826,683924
826831,289520
826847,709510
826854,687364
826857,358337
826858,175049
826858,305472
826862,951198
826884,625230
826887,194216
826890,287039
826901,177331
826904,153931
826906,291589
826907,655636
826927,628322
826932,333222
826933,674459
826940,693872
826940,142981
826943,284237
826952,282805
826953,204044
826954,165241
826964,281948
826981,332286
826983,285066
826986,292596
826991,255317
826994,605635
826997,217732
827005,233947
827006,739392
827008,390117
827020,323693
827033,289058
827036,288609
827038,294268
827049,284996
827053,281121
827056,628274
827068,362373
827070,287186
827080,292517
827080,347216
827084,916576
827089,292134
827100,404018
827106,154160
827120,294180
827131,385908
827150,751699
827152,370304
827173,640579
827194,297375
827197,291528
827200,146389
827201,289990
827205,216879
827205,649182
827214,384586
827219,290519
827227,285807
827230,190433
827235,600991
827237,358322
827241,735120
827249,294132
827254,205106
827260,308800
827263,196612
827264,287805
827266,294651
827268,725779
827279,286514
827279,158018
827287,715205
827291,284863
827293,836116
827299,408138
827313,290093
827314,291451
827315,734869
827316,666647
827343,512985
827351,399463
827356,160069
827357,704579
827381,338958
827382,283140
827387,392784
827391,680185
827400,637183
827404,145711
827405,288882
827409,710201
827421,209906
827422,346488
827426,283573
827435,914399
827441,170923
827446,722340
827449,291975
827455,667545
827457,641405
827479,302900
827482,869447
827485,287123
827488,346572
827505,661684
827510,288953
827514,165143
827525,702774
827538,352977
827544,715454
827546,290333
827554,889240
827571,291558
827573,878777
827574,299902
827582,695624
827585,294965
827587,870014
827589,166878
827611,406719
827616,287592
827617,891204
827620,597816
827624,393494
827631,616250
827642,884916
827643,292204
827648,919570
827663,686264
827688,319978
827690,180280
827690,881144
827696,300491
827700,696978
827720,908684
827728,218684
827728,888515
827738,711500
827743,171448
827751,337137
827758,367242
827763,291867
827779,676455
827785,864157
827788,522027
827788,281435
827793,356475
827793,289910
827796,201231
827809,397481
827810,290413
827821,574974
827823,290986
827823,830790
827825,919081
827827,388420
827833,865290
827842,296650
827842,286958
827850,294283
827851,340347
827853,598799
827859,297288
827867,290479
827880,735861
827887,288110
827891,726155
827897,946571
827908,709419
827919,352693
827928,894937
827933,294441
827935,205380
827939,293001
827942,293033
827943,288232
827947,498674
827950,138572
827953,292406
827964,693708
827969,292258
827971,179724
827974,186440
827976,375272
827978,713233
827999,294064
828007,721090
828016,879619
828026,592530
828029,706483
828055,256960
828060,288275
828062,291225
828065,285144
828066,873709
828066,292700
828067,289835
828067,398541
828068,711368
828075,656747
828077,680419
828080,940568
828082,670169
828083,286642
828085,295846
828087,632327
828088,288882
828098,562062
828102,893308
828110,510701
828115,319044
828117,295474
828123,535393
828127,679033
828132,695400
828134,288478
828135,287601
828148,156089
828157,291440
828167,295555
828198,150444
828205,184852
828212,285295
828216,655475
828222,921132
828240,293287
828240,893262
828262,287451
828273,382092
828281,309866
828281,289425
828285,911871
828293,288868
828294,184072
828302,705891
828312,877930
828313,889375
828313,290364
828327,283467
828333,710750
828341,285716
828345,292020
828354,173482
828355,601839
828356,167560
828362,908665
828373,133714
828376,291029
828376,599777
828388,698770
828394,875430
828397,285601
828398,289694
828405,176069
828430,286915
828430,397871
828437,695193
828443,288559
828447,289757
828450,294034
828463,195374
828474,298392
828480,285925
828482,139550
828498,711632
828501,258537
828504,400440
828508,288941
828508,286685
828509,287338
828518,697948
828538,287451
828546,290452
828551,286947
828561,195555
828566,623487
828572,288024
828576,394214
828580,342645
828582,324071
828583,182149
828586,366100
828600,877166
828630,292619
828631,532378
828633,290776
828654,290117
828659,400453
828673,284395
828674,286332
828674,291749
828678,853205
828687,339284
828691,287460
828691,907831
828692,288206
828716,296915
828719,293538
828720,396613
828727,343419
828734,610366
828734,156366
828735,287878
828745,286461
828749,281081
828752,289506
828769,865696
828769,293076
828779,707186
828787,131118
828788,895963
828804,415102
828804,284363
828811,678403
828812,406796
828813,285294
828819,286107
828826,927296
828827,497949
828833,263966
828841,646510
828850,291722
828862,321730
828868,174881
828869,395102
828884,359290
828920,840669
828924,287594
828929,288180
828940,297311
828943,408914
828947,283015
828948,116849
828950,723508
828952,265482
828953,603737
828958,672220
828958,173283
828960,925124
828962,296278
828964,629375
828981,357180
828982,293764
828983,289635
828986,717873
828990,296269
828992,703424
828997,290737
828998,621963
829001,180192
829004,291311
829005,289308
829021,281852
829021,701997
829023,290280
829025,295186
829028,150257
829035,649191
829042,154367
829071,285693
829074,167228
829077,287789
829080,867704
829080,289898
829091,867246
829091,300610
829101,691779
829104,610856
829107,862910
829108,254306
829110,710238
829111,282630
829113,640532
829143,289340
829147,289567
829157,815306
829158,702120
829165,591045
829167,292613
829194,667241
829201,173298
829206,164171
829217,339254
829219,601787
829227,679705
829228,695121
829239,757297
829243,502726
829244,282662
829249,289565
829250,679644
829275,288391
829281,694672
829285,287874
829291,288899
829293,351832
829293,950261
829294,290724
829295,291238
829299,285767
829301,905858
829309,292892
829314,727104
829315,511193
829316,607568
829320,700369
829335,198889
829343,281494
829348,285939
829351,562239
829353,292013
829355,406481
829360,670361
829361,382836
829361,347847
829365,305028
829365,165667
829368,286740
829368,287742
829371,559014
829372,294771
829374,737825
829377,267054
829380,899974
829394,679845
829397,640024
829399,373464
829403,602030
829406,384487
829422,701877
829426,155496
829429,703061
829438,296295
829440,905324
829444,288234
829446,339480
829447,694388
829450,288739
829479,718408
829483,291485
829487,644694
829492,284080
829496,293402
829505,287280
829510,351899
829526,667580
829527,653283
829533,185767
829537,296815
829541,311118
829543,650733
829551,194332
829551,386180
829564,293251
829570,183257
829574,144613
829576,872089
829580,673755
829602,288785
829631,327593
829631,852284
829636,343163
829666,345059
829668,390649
829669,172030
829683,861051
829686,649267
829690,287997
829691,681686
829702,286043
829710,910632
829710,292084
829712,289144
829717,851248
829719,261064
829724,174297
829726,357766
829730,284421
829732,848987
829732,174268
829733,294250
829744,293339
829753,923164
829754,566626
829757,291933
829759,603299
829762,288977
829763,290840
829771,288434
829780,286681
829782,660769
829789,882085
829790,203229
829796,286943
829797,288367
829803,875476
829804,163044
829805,674222
829805,293397
829813,182413
829814,294665
829816,190043
829821,650257
829821,287378
829826,294946
829828,292761
829831,289733
829832,286783
829834,353733
829836,291043
829836,713700
829843,658652
829845,409677
829852,286947
829852,282634
829854,290488
829858,694691
829858,628554
829868,658043
829868,902216
829868,284191
829872,319063
829881,290745
829888,285140
829894,289751
829894,893412
829895,886746
829895,641756
829902,677475
829902,291538
829905,287370
829907,412384
829910,294308
829915,285225
829918,400674
829927,346425
829935,297931
829939,296476
829945,294522
829950,287433
829961,328530
829982,157144
829985,867344
829985,288326
829986,609242
829990,291159
830012,294818
830017,163974
830019,162683
830021,270536
830021,145739
830022,182758
830024,897470
830027,634964
830032,525358
830033,285524
830033,856602
830037,296413
830051,295800
830063,284004
830063,296560
830075,406134
830079,912283
830084,664198
830093,395916
830095,337528
830096,636222
830097,636369
830109,291710
830109,288567
830113,869891
830115,731632
830119,914421
830120,290573
830122,185714
830123,288220
830129,177867
830139,285849
830144,891205
830144,897031
830154,293869
830156,893896
830173,393579
830174,142237
830185,281690
830192,387307
830209,291431
830214,287820
830218,174480
830232,880797
830232,157517
830232,674837
830239,290325
830246,733819
830251,588875
830253,287420
830257,290884
830257,282163
830264,286892
830270,402271
830272,726718
830278,628834
830290,292594
830293,288108
830295,867837
830303,161804
830318,154072
830321,709423
830339,289409
830341,286259
830345,295122
830347,287854
830349,290937
830356,287033
830369,290486
830378,190986
830379,288779
830382,285133
830384,259472
830390,289117
830401,910944
830410,295213
830411,183555
830417,291275
830422,386942
830423,292179
830431,292476
830436,395922
830437,509699
830439,291524
830442,388616
830442,285354
830445,168976
830445,283668
830450,262733
830450,608698
830455,285040
830461,591785
830462,386453
830501,898536
830504,682817
830512,542370
830519,287381
830535,896653
830546,289909
830547,290811
830548,265780
830549,880033
830562,162572
830565,295819
830570,843854
830583,397457
830597,391409
830599,863430
830600,281281
830601,902424
830602,165981
830602,593058
830614,287922
830615,879834
830619,664661
830622,378530
830624,288542
830630,712670
830633,922394
830634,143294
830635,288758
830641,293175
830643,402933
830647,693652
830657,873428
830667,290886
830671,876224
830682,280963
830684,871813
830687,289343
830687,391087
830689,619898
830704,841343
830706,146287
830707,390490
830713,673870
830713,857734
830732,192501
830741,906896
830742,286286
830742,290801
830747,295435
830753,281811
830753,287397
830761,287739
830766,890227
830768,291300
830777,725476
830778,885161
830779,263110
830784,381360
830786,341632
830792,294317
830796,895782
830797,287246
830799,286685
830801,290121
830802,287738
830811,289198
830815,754750
830820,288243
830825,392766
830831,289725
830834,362233
830839,171234
830848,296162
830860,392456
830861,694699
830863,955499
830864,288874
830870,707208
830871,150591
830878,687150
830883,221515
830897,288812
830898,698649
830901,290701
830902,287997
830904,302563
830912,708846
830921,194242
830931,165592
830934,640338
830941,887478
830945,718924
830967,341348
830979,391125
830980,260748
830988,294783
830994,712418
831001,295322
831008,295168
831011,196621
831020,630950
831022,338821
831023,285088
831024,216445
831030,868245
831030,616417
831039,292276
831047,291373
831048,712780
831055,188923
831056,281093
831061,283238
831073,858170
831073,290997
831079,285861
831084,291459
831085,286395
831088,221332
831109,249750
831112,296781
831115,291072
831123,399175
831133,616895
831143,175835
831149,385564
831150,287746
831153,334018
831158,280744
831163,290198
831166,711183
831180,378303
831183,728178
831188,294276
831202,149416
831205,288483
831218,290669
831222,288237
831258,858153
831263,904217
831265,191794
831275,730062
831277,497598
831280,581092
831289,863702
831295,290800
831321,665652
831335,148362
831338,394924
831343,284332
831347,867799
831355,692300
831355,295646
831357,293665
831361,173408
831364,587337
831366,297010
831369,191313
831373,689874
831382,289219
831383,626944
831394,290564
831409,872436
831409,292799
831423,704743
831423,598285
831432,596713
831433,415275
831435,585695
831439,283147
831442,291469
831446,291337
831452,673557
831459,286520
831477,287831
831480,289508
831485,697353
831488,153543
831493,845837
831496,924780
831503,346663
831509,639771
831513,288668
831523,351316
831524,282638
831525,902292
831530,289876
831532,674176
831538,881328
831548,289882
831555,697608
831557,151939
831560,331477
831567,389360
831567,400299
831567,670863
831570,286252
831575,168003
831584,153022
831584,942446
831592,644730
831595,277339
831600,289289
831603,400462
831604,290832
831615,345266
831618,155817
831620,290158
831620,405554
831621,637221
831624,393172
831627,499210
831642,373602
831650,386933
831650,284810
831677,403695
831678,286502
831687,907123
831688,291508
831688,401241
831703,675251
831703,286401
831707,639540
831713,333440
831717,612071
831723,353493
831725,812790
831731,688830
831735,274307
831736,286822
831737,291013
831748,149039
831765,316752
831776,713738
831776,286142
831777,482282
831785,287840
831785,971489
831794,415233
831795,402438
831805,289912
831808,287811
831810,889067
831813,898106
831820,211397
831825,271338
831826,291906
831830,288179
831835,299453
831837,613998
831840,291026
831841,157712
831852,916253
831869,298062
831870,284650
831875,183130
831878,352371
831885,213135
831888,399120
831890,393414
831894,633403
831895,673010
831898,293467
831910,679893
831915,291129
831926,875523
831926,395566
831934,917990
831944,897765
831952,178967
831954,286868
831960,295604
831964,627082
831976,195505
831977,935975
831992,284171
832001,291953
832001,267970
832005,290171
832009,281816
832015,172363
832019,212229
832020,405476
832020,861306
832032,288615
832036,832449
832045,872852
832052,286981
832059,287569
832061,179808
832062,399295
832071,351541
832073,282652
832074,713803
832077,656214
832078,393921
832089,586511
832100,392928
832106,289185
832111,895514
832116,497494
832120,893000
832123,507621
832125,287881
832126,192774
832129,163836
832132,600425
832134,404322
832144,285936
832167,293493
832172,185278
832174,384293
832179,282516
832181,400281
832181,289587
832182,550161
832186,402080
832192,931570
832193,296525
832199,703642
832202,913730
832208,292086
832210,289871
832216,382934
832218,288274
832220,595759
832230,646648
832233,854692
832234,321567
832237,295683
832242,849691
832243,298162
832243,292216
832245,142407
832254,886177
832256,389955
832257,297495
832267,145787
832269,291223
832270,239009
832274,699867
832282,395762
832287,359919
832287,696660
832288,386167
832293,179584
832296,432304
832297,394111
832298,285023
832309,748865
832309,605483
832316,494089
832322,149314
832326,119064
832327,297394
832335,403821
832337,291844
832338,195836
832340,379686
832351,398873
832352,676477
832367,397506
832383,116524
832385,648580
832389,399373
832391,288090
832406,642491
832416,347402
832418,725206
832424,706214
832424,284766
832425,286915
832430,577594
832433,156695
832434,291879
832435,284806
832438,138798
832438,294201
832441,161375
832443,306006
832445,149499
832446,202044
832450,293595
832459,328055
832459,384726
832467,163583
832470,386700
832490,293692
832496,168512
832502,291444
832510,954043
832513,291628
832519,314730
832520,288055
832546,388427
832547,676463
832549,152669
832549,286115
832559,166150
832576,291286
832587,265437
832593,148131
832614,400938
832617,397546
832622,701855
832623,701376
832631,593013
832634,323858
832640,913039
832640,289023
832640,283683
832651,486560
832653,288155
832653,400775
832662,284323
832676,287861
832679,186525
832679,323245
832683,292769
832685,396421
832687,631473
832688,292696
832693,289145
832696,400942
832704,286667
832717,390571
832724,288948
832728,881383
832729,282396
832733,292068
832736,844960
832742,363737
832746,290662
832752,704248
832753,153409
832774,294772
832777,298318
832780,150827
832786,288777
832791,618266
832807,314083
832809,518668
832809,388628
832810,361567
832817,284852
832819,461757
832825,172763
832837,292147
832847,289909
832851,429478
832865,718379
832879,296857
832882,407327
832897,289679
832900,705745
832909,900269
832911,391484
832938,350283
832942,288385
832946,540132
832957,394095
832964,653491
832965,289169
832974,940406
832974,293977
832981,175607
832985,393974
832985,192082
832988,286522
832989,387791
832994,286537
832995,714830
832999,395294
833008,936005
833016,924902
833043,358858
833051,289568
833062,632871
833063,236561
833064,358368
833065,293596
833071,182855
833079,270494
833086,185457
833089,679150
833089,661325
833091,278201
833113,291444
833116,715886
833119,631838
833121,297134
833123,386665
833126,324458
833126,291008
833127,649707
833128,294035
833130,717276
833135,399343
833135,741476
833144,163554
833145,709402
833147,208857
833156,600787
833159,286591
833163,716497
833165,676283
833171,685513
833179,418688
833182,401616
833182,284655
833187,874551
833195,249421
833195,762966
833196,396732
833197,399938
833207,676454
833207,284009
833209,604033
833210,678205
833210,282229
833211,290113
833211,158522
833216,273470
833224,289969
833226,651505
833233,652788
833238,666152
833242,712294
833242,612352
833247,407370
833250,690053
833252,413352
833257,287042
833258,191548
833259,292538
833262,400654
833264,288015
833268,292605
833274,929614
833290,407820
833295,883351
833311,385651
833324,657725
833332,290955
833336,289215
833341,397963
833342,395547
833343,890416
833345,698081
833345,290676
833363,704339
833366,637686
833383,289304
833392,165010
833392,286528
833401,273820
833406,292349
833407,605551
833410,287584
833410,869558
833411,168192
833417,290388
833418,283481
833422,292366
833422,383048
833426,901101
833426,398541
833430,297956
833441,260533
833450,290598
833457,294281
833468,640602
833474,689003
833486,837826
833487,285942
833488,177001
833491,269347
833491,144553
833495,199960
833502,396860
833511,886028
833513,288439
833518,292150
833521,289929
833526,692502
833528,295593
833532,288939
833533,193561
833543,345991
833548,682883
833558,157746
833558,680689
833568,296355
833576,903498
833582,718541
833585,691275
833586,121562
833594,291980
833635,483188
833639,138446
833645,162285
833652,286856
833663,881221
833672,902808
833675,856282
833678,678634
833680,398176
833688,644169
833696,291767
833712,295630
833715,395046
833719,171946
833719,405538
833721,846236
833734,288015
833738,292286
833741,288746
833744,631243
833747,900419
833748,290756
833753,288131
833772,295228
833776,394953
833778,735680
833782,292769
833797,814215
833798,291208
833803,308524
833806,630215
833807,287977
833820,518613
833822,285635
833833,232640
833838,293011
833846,252927
833852,278967
833862,618891
833863,387447
833871,657636
833876,292235
833877,888009
833882,298306
833886,704528
833887,292742
833888,665842
833893,304938
833897,284864
833905,284748
833909,870779
833911,707127
833911,281864
833922,472788
833926,288863
833944,288041
833955,391119
833958,338251
833966,129930
833968,315832
833976,675551
833979,877989
833984,381568
833987,289313
833998,288825
834003,610253
834019,398216
834027,288822
834028,883692
834034,286438
834045,310339
834047,412840
834054,243780
834054,899294
834056,292664
834058,405844
834058,410762
834071,295985
834098,912485
834100,292797
834106,868357
834107,135329
834128,387264
834133,873718
834142,886004
834146,165841
834151,288812
834156,280331
834159,397810
834162,654978
834174,291495
834182,328390
834191,380122
834202,653690
834203,295618
834205,193661
834209,286187
834211,289259
834214,293420
834214,283900
834221,288905
834234,286193
834237,690090
834248,328063
834250,191234
834259,285386
834263,290426
834268,288895
834268,677922
834275,152238
834277,398579
834279,288668
834282,259794
834283,300731
834284,290972
834290,235610
834298,287042
834300,151133
834308,398177
834315,285829
834321,385232
834325,164714
834329,692349
834330,397242
834338,399419
834339,504404
834345,293465
834346,283764
834347,913441
834357,294159
834359,697474
834359,899323
834359,955299
834360,677497
834371,388368
834380,346382
834384,902638
834387,366061
834389,389006
834405,676506
834408,382390
834418,388760
834427,288007
834431,294402
834433,325479
834437,536670
834439,290335
834442,676182
834448,339556
834451,176178
834452,355139
834463,187101
834481,284598
834481,281399
834499,297468
834500,402829
834521,391146
834524,359848
834535,285756
834535,708086
834537,290366
834541,289521
834545,392640
834555,289574
834557,481807
834562,685225
834563,290621
834571,647672
834579,287181
834584,346790
834587,367825
834596,287098
834612,688570
834614,637461
834628,391792
834631,488221
834639,905258
834641,398235
834649,662315
834652,892857
834657,863357
834670,916331
834672,877951
834673,164554
834673,266852
834679,291454
834685,374250
834697,700880
834699,390438
834704,897476
834708,141851
834712,405347
834719,941902
834725,366439
834748,358960
834756,386570
834757,290436
834759,321519
834768,411017
834776,293598
834786,287060
834794,394236
834795,858866
834798,156582
834800,289930
834801,386821
834815,384293
834819,397995
834834,286625
834835,376536
834839,298056
834848,721443
834861,286827
834861,875619
834868,886786
834869,403634
834886,155224
834888,285266
834893,393312
834903,628752
834906,841725
834906,287653
834915,631601
834927,194857
834932,289348
834942,917935
834954,408230
834956,281022
834958,344888
834966,399632
834969,395373
834976,404930
834980,289569
834989,715912
834991,189394
834993,192816
834993,321498
835001,284717
835002,250143
835005,392455
835008,285139
835019,882313
835021,398048
835024,478454
835040,286937
835048,200700
835051,337907
835059,646927
835065,593898
835075,281401
835076,596721
835076,286464
835082,584866
835082,889755
835083,395330
835086,508036
835092,569799
835093,390393
835094,513924
835101,286543
835107,331772
835110,400232
835111,386568
835116,406397
835117,154055
835127,914803
835130,296640
835138,286230
835139,845320
835164,703994
835198,286615
835203,402456
835203,402523
835205,339141
835209,391164
835210,627852
835210,399813
835213,881159
835216,289224
835217,285981
835220,399984
835252,304323
835256,518995
835257,290274
835259,402241
835268,622699
835277,400580
835291,397777
835297,684895
835311,712777
835312,289948
835318,679474
835319,292304
835325,695394
835330,391674
835333,690739
835335,535892
835338,203028
835342,400524
835346,394776
835347,177771
835348,154750
835356,393079
835368,407546
835370,876460
835379,160682
835379,598497
835387,288138
835390,681869
835394,676271
835398,354390
835406,395053
835409,402574
835413,588546
835424,284901
835428,410429
835432,155255
835432,284220
835439,404176
835452,722601
835455,395322
835459,823308
835478,852705
835478,879084
835503,150340
835504,395168
835508,287532
835513,174869
835525,165003
835528,390204
835534,401326
835535,609491
835537,391163
835553,869877
835569,878375
835599,703924
835602,190393
835603,397242
835605,392695
835610,411014
835613,912754
835619,404118
835620,878876
835631,673804
835631,625383
835655,485331
835655,937672
835657,226793
835669,141934
835670,641189
835670,269069
835678,189688
835685,615632
835717,919654
835756,387973
835757,605214
835767,393429
835768,879909
835772,192274
835790,399545
835793,396344
835797,640329
835805,286615
835806,267419
835812,289743
835815,385323
835829,662997
835834,882945
835834,288734
835837,719503
835837,349453
835840,286357
835841,395139
835843,399339
835845,286819
835851,178102
835853,255294
835855,607137
835878,293351
835878,669543
835881,612440
835888,512666
835893,390231
835895,861016
835901,628711
835901,488641
835904,289816
835913,369340
835917,391429
835919,176084
835921,187089
835929,291378
835944,400184
835947,282609
835953,608389
835970,398027
835974,406155
835991,594282
836009,395631
836010,682060
836021,292686
836022,868170
836035,191082
836037,916576
836037,291910
836037,900537
836039,657766
836041,616723
836053,401195
836054,288640
836061,253802
836066,397176
836067,392056
836070,303612
836079,901250
836088,294869
836097,870341
836104,868726
836119,379893
836122,909007
836132,278485
836137,163512
836152,398607
836152,182024
836158,394929
836159,282713
836161,188983
836162,610039
836164,463454
836168,299080
836173,693029
836176,143076
836178,237154
836180,283658
836184,283903
836207,163728
836215,158284
836215,389945
836222,289729
836224,700568
836226,385309
836233,307908
836236,456532
836250,387889
836260,294644
836289,707376
836307,924343
836319,399065
836322,623160
836323,391722
836343,323209
836346,407527
836360,173701
836362,398697
836363,396643
836370,893311
836375,385283
836379,396757
836383,920646
836388,403736
836392,198495
836397,888394
836406,515182
836413,626174
836424,392973
836424,703502
836427,156171
836437,843890
836442,859955
836442,161586
836456,616930
836468,395225
836469,195702
836475,399535
836475,636664
836477,289711
836486,639844
836487,609568
836488,398272
836492,398228
836507,290088
836513,399501
836519,393685
836531,700608
836534,396820
836559,397474
836563,406288
836567,179866
191172,880895
191182,872238
191183,346041
191189,881218
191191,861814
191191,326469
191206,878365
191208,872570
191210,892385
191218,875133
191230,866864
191233,901089
191234,883439
191235,873106
191235,844808
191254,878782
191261,864214
191283,870081
191329,875046
191334,877522
191335,872684
191342,872931
191346,831478
191347,807549
191361,875686
191363,879441
191364,867280
191369,846447
191373,879496
191375,873497
191379,883632
191380,884213
191382,848484
191387,875636
191393,873234
191404,802145
191421,879215
191427,860137
191440,855452
191441,877075
191443,874213
191460,879184
191469,887529
191469,883078
191473,885914
191483,876599
191485,896909
191489,869366
191492,881278
191494,869524
191502,863157
191507,857598
191515,857884
191522,868145
191525,903423
191533,782864
191534,876695
191535,870231
191546,888830
191577,341608
191584,867241
191587,877544
191594,885661
191597,879562
191604,879742
191612,885123
191614,895902
191617,777186
191630,794524
191632,334196
191637,868529
191670,884109
191672,879218
191698,893046
191701,869452
191710,878064
191711,872950
191714,317602
191728,885267
191746,852774
191750,883412
191762,884951
191765,859543
191769,766052
191769,859293
191771,892329
191784,868616
191786,886404
191792,870181
191796,850743
191798,873817
191799,885091
191800,895908
191807,872577
191811,875603
191811,331771
191818,873247
191819,873840
191819,868999
191821,903459
191825,876294
191838,883580
191853,866734
191862,864281
191869,868551
191878,877969
191882,857013
191884,873480
191885,876576
191888,889901
191889,891040
191894,882378
191896,880349
191897,839132
191921,877791
191930,865913
191932,882068
191941,328845
191952,876528
191955,781062
191958,877258
191970,324915
191983,883654
191985,868101
191986,875724
191999,880584
191999,888127
192012,876925
192013,886206
192020,335520
192025,886148
192037,874108
192038,876281
192045,787220
192048,855580
192057,873871
192057,335794
192059,830665
192061,869166
192073,337423
192079,857586
192084,867974
192087,863633
192092,793623
192093,846689
192103,884726
192113,865859
192115,863700
192129,886656
192130,865668
192142,807395
192143,866803
192143,885977
192159,895186
192160,777903
192164,858331
192170,804354
192176,872486
192179,339813
192185,878474
192191,903176
192194,882468
192215,786873
192219,875684
192232,870425
192238,880342
192256,837502
192274,878915
192281,859897
192286,891570
192307,886217
192308,882295
192308,871317
192327,863257
192330,817890
192331,332494
192350,875354
192350,329893
192353,869430
192359,865117
192365,874789
192380,891089
192381,865747
192389,853401
192397,807412
192399,868225
192401,894843
192432,897040
192442,898506
192442,883689
192442,870293
192444,902376
192447,876902
192448,890285
192454,883416
192464,875783
192489,799640
192490,880614
192491,876058
192497,327409
192498,884544
192500,869649
192503,884507
192505,879823
192515,868847
192519,868310
192519,811618
192525,868301
192528,883225
192542,331787
192552,853866
192559,879364
192568,800297
192578,897575
192599,872534
192611,882673
192612,875958
192634,856038
192638,886829
192652,336583
192657,882435
192658,910156
192668,868200
192669,867242
192670,872585
192680,335445
192700,869644
192710,788772
192713,875000
192715,877012
192718,888973
192729,909455
192738,875861
192741,871113
192746,887148
192752,870509
192756,875945
192764,886277
192773,879475
192777,863446
192784,858705
192793,322878
192802,794033
192817,881522
192823,316087
192838,852807
192841,884555
192852,889868
192852,888800
192877,864922
192890,795737
192891,860805
192904,793525
192917,328548
192919,325925
192919,888400
192922,330270
192928,871344
192936,873737
192938,853641
192940,750699
192951,793329
192953,870632
192973,866841
192975,874086
192985,901544
193013,876175
193016,859105
193019,878648
193027,886184
193040,869034
193041,881718
193057,877220
193058,879464
193066,873021
193070,894876
193072,891803
193073,885587
193073,871837
193107,783791
193125,878962
193132,848990
193136,875625
193140,839700
193149,871770
193152,854395
193162,889837
193171,775960
193178,330767
193192,889594
193193,784435
193194,880590
193201,779225
193211,879066
193223,872413
193254,888760
193257,866006
193257,861593
193264,880230
193271,877278
193294,873003
193297,875766
193305,868214
193306,325064
193317,332711
193319,873689
193324,329565
193324,881919
193330,882699
193331,886303
193332,910637
193364,893016
193383,321202
193384,882247
193387,905205
193390,784526
193396,868094
193407,875463
193411,872571
193414,875233
193429,877756
193431,884170
193439,881750
193454,884835
193463,851408
193466,873330
193467,837228
193480,883660
193497,323745
193504,880565
193512,886642
193527,877069
193531,872936
193546,850480
193566,893070
193575,875971
193583,882956
193585,326592
193589,870745
193595,892059
193596,832358
193600,887390
193600,898382
193622,867020
193634,891857
193636,878566
193651,890436
193678,888190
193686,896268
193700,852275
193717,851230
193729,850725
193735,800792
193737,807506
193758,899873
193762,886688
193770,878576
193771,878770
193776,343852
193778,908274
193795,886187
193800,874705
193800,881211
193810,329652
193814,905392
193818,891645
193831,881433
193833,889629
193849,890374
193857,883216
193857,795706
193859,785260
193874,871304
193876,866853
193896,898771
193902,784425
193909,331930
193916,869741
193950,861411
193957,869429
193960,861399
193966,880400
193979,326198
193998,807764
194015,892588
194016,911603
194018,782021
194033,883323
194035,787379
194054,881807
194058,882342
194069,875987
194077,328479
194100,880252
194115,792877
194117,805004
194140,862339
194144,883665
194150,874757
194159,881975
194177,881831
194186,895781
194206,813480
194212,793466
194217,871146
194217,885348
194221,856793
194236,864206
194240,889311
194250,870651
194250,872884
194253,855661
194255,820244
194259,861763
194260,865980
194266,884775
194292,884612
194299,865147
194306,880553
194306,878637
194311,888388
194313,831783
194323,890560
194327,882015
194335,878821
194356,889149
194356,901169
194363,871352
194367,873309
194369,867449
194371,337763
194372,889862
194403,877732
194409,876242
194413,877282
194436,873334
194474,876180
194499,886180
194524,887850
194535,338264
194583,877043
194587,800415
194590,865314
194595,875414
194599,867273
194610,883372
194624,854340
194627,911598
194628,877004
194631,876832
194639,871340
194650,861520
194651,873813
194651,810433
194654,868597
194672,901103
194684,889941
194690,874459
194702,862891
194709,797979
194710,861124
194711,866614
194712,878771
194747,877733
194750,864580
194751,878693
194794,323057
194794,811184
194795,868614
194796,881198
194800,879001
194828,874566
194829,849733
194831,870113
194850,806895
194864,316403
194872,806103
194877,890135
194879,878770
194888,889332
194889,777942
194892,812572
194898,866584
194914,885795
194922,887260
194928,884341
194934,883217
194946,766339
194947,789576
194962,919741
194985,854040
194992,871185
195004,888300
195004,767035
195011,870897
195011,824165
195022,874535
195026,864956
195032,886651
195039,882064
195040,339392
195044,875978
195046,901631
195056,888955
195057,905235
195076,870876
195101,870006
195101,873041
195111,857324
195119,342068
195134,799374
195136,810035
195140,780256
195144,887902
195144,883994
195146,782128
195151,870610
195151,880230
195157,882363
195161,867830
195166,475871
195173,886457
195186,873592
195194,875666
195211,851816
195212,864867
195231,320164
195297,845273
195306,878070
195308,881240
195314,873283
195317,866644
195340,888892
195343,870519
195345,886965
195347,870327
195353,884239
195373,879014
195382,880781
195390,866316
195404,850825
195412,884632
195415,885315
195422,877074
195438,322804
195446,867636
195454,892476
195463,869369
195467,897704
195475,789196
195494,884965
195500,828069
195500,865697
195502,892046
195503,344037
195526,850735
195537,872823
195537,878358
195565,884310
195572,875156
195572,793109
195575,861815
195577,891077
195587,861743
195589,793880
195613,773498
195619,866087
195635,853148
195667,873184
195674,872807
195674,797669
195682,850513
195682,869244
195685,793509
195685,873340
195687,874005
195696,877857
195701,868399
195704,873818
195709,881734
195721,891362
195726,901356
195728,877068
195735,868528
195746,879094
195761,878929
195762,794430
195764,882621
195782,862879
195793,894707
195806,787466
195818,869785
195822,889894
195838,880546
195871,870974
195888,787229
195898,343049
195905,868114
195905,880773
195908,889249
195912,864577
195919,869639
195925,884621
195927,832188
195930,852154
195956,814294
195960,818202
195964,872608
195977,766884
195987,337418
195988,854097
195998,867513
196021,843967
196054,890453
196062,864440
196063,920292
196068,314085
196076,792796
196081,323065
196092,787283
196132,841786
196137,885554
196138,852125
196142,337446
196145,801138
196171,881505
196199,875288
196204,871666
196207,887811
196211,872109
196233,845949
196239,883293
196242,322510
196246,876341
196260,873798
196266,329990
196274,877029
196279,534387
196285,787277
196290,781964
196296,797348
196326,867525
196333,329339
196349,924438
196349,881020
196359,321675
196380,883668
196390,879748
196401,884287
196403,770539
196420,867341
196425,894250
196432,867508
196438,882352
196457,829171
196459,874312
196462,873486
196471,860666
196476,796420
196482,882070
196506,870947
196510,873088
196518,874849
196523,920983
196527,791941
196536,860239
196541,345768
196546,792683
196546,868408
196547,886305
196550,891991
196551,859297
196552,783181
196554,767838
196576,321851
196580,886570
196589,872539
196596,854112
196616,878241
196616,873148
196619,774692
196630,894985
196631,882796
196636,766372
196638,322575
196664,891618
196667,875118
196686,890329
196701,316109
196715,897265
196716,877572
196726,871776
196728,874267
196729,862874
196732,875727
196734,868164
196735,773593
196754,860840
196757,795126
196762,859366
196789,798354
196793,882710
196801,800350
196819,790201
196820,888738
196820,885944
196822,873130
196823,869661
196833,322044
196846,886126
196850,873151
196854,862315
196861,790230
196870,910439
196873,792206
196880,860875
196881,784682
196886,802744
196891,789127
196902,871863
196903,878962
196904,870859
196905,862287
196908,875147
196912,880635
196912,796221
196916,870474
196927,881097
196945,872935
196946,328457
196951,872062
196956,874548
196959,881962
196970,865454
196986,876466
196986,810803
197008,897217
197012,775704
197046,890624
197048,868325
197066,891672
197084,855938
197093,860855
197100,886721
197102,890455
197115,859170
197137,879664
197153,860273
197164,883926
197172,876122
197189,763677
197196,882549
197198,885382
197199,864148
197199,801897
197208,849597
197213,889091
197232,884233
197232,867149
197239,885842
197251,881342
197252,858863
197268,865577
197270,865212
197325,867514
197352,865377
197376,810975
197376,874040
197377,874179
197387,886781
197396,792790
197398,866515
197417,878354
197428,829088
197437,890631
197449,850008
197452,793354
197456,878161
197471,784166
197477,844918
197480,813050
197497,808529
197508,888426
197563,802053
197572,873164
197583,858339
197596,876806
197596,870105
197597,867773
197612,793737
197614,880891
197615,805023
197621,815481
197629,878290
197631,808222
197634,892285
197637,868019
197648,871602
197667,328756
197669,873222
197690,774194
197694,854382
197697,868551
197707,872671
197722,879587
197725,842775
197736,875438
197741,809032
197751,846970
197766,847330
197794,328016
197800,874751
197814,881211
197821,907548
197836,861863
197845,863524
197854,852158
197866,890946
197903,868061
197904,805826
197909,311070
197911,864858
197919,842953
197931,883165
197944,326712
197952,872431
197956,773289
197971,331403
197975,879438
197992,792576
197993,891699
198015,877138
198023,861951
198024,859402
198050,882539
198059,866346
198060,804204
198060,853311
198093,801880
198100,865050
198106,866758
198112,873887
198117,756636
198124,803655
198132,867878
198135,809450
198146,878219
198151,870237
198162,865067
198166,871737
198175,878884
198187,797669
198194,340817
198203,884877
198208,337295
198241,878009
198247,846726
198281,887901
198286,868779
198286,811719
198293,893289
198304,875570
198307,867609
198324,863586
198336,884165
198352,483094
198373,870244
198386,849536
198414,881712
198432,879214
198447,805061
198448,881835
198454,864183
198462,868587
198463,804505
198479,788140
198487,876613
198490,879353
198499,793358
198509,795179
198512,885235
198536,884110
198542,876589
198574,857301
198590,887558
198596,885217
198600,878486
198616,792942
198637,867118
198639,863406
198648,864727
198650,858145
198654,879201
198665,803882
198681,862988
198686,874626
198689,791478
198693,849650
198699,786247
198708,873791
198715,894257
198722,863027
198732,851750
198743,791613
198765,865816
198769,792570
198771,854139
198782,874225
198795,887206
198797,787656
198821,864399
198842,779133
198852,878179
198857,901361
198877,858990
198914,765936
198925,876159
198929,871546
198946,876619
198956,871888
198970,858428
199002,798648
199021,900832
199032,905738
199052,867542
199101,315791
836584,409579
836585,395993
836589,866139
836590,295200
836606,402065
836610,395971
836611,264232
836623,869863
836635,257948
836651,181766
836654,289357
836658,403921
836662,402420
836667,292143
836706,410156
836716,308656
836723,186171
836736,478152
836743,682638
836744,289540
836745,179799
836755,292858
836756,165199
836766,922353
836770,289220
836770,202527
836791,191450
836794,877678
836795,859731
836803,704670
836803,178669
836808,846357
836810,396936
836813,288872
836825,391751
836833,393183
836840,405477
836840,692918
836847,698208
836847,679899
836853,875759
836857,290834
836861,870501
836862,291626
836865,402280
836867,678432
836875,327587
836878,176819
836884,711981
836889,288388
836892,258799
836896,286144
836898,171863
836912,291518
836914,293130
836915,140984
836917,396894
836929,505194
836944,305644
836949,534735
836951,395019
836961,187705
836962,399715
836972,899855
836984,407538
836987,389223
836989,294096
836990,391765
836991,407474
836992,673883
837004,851708
837006,388416
837008,635269
837023,293910
837024,385704
837026,674724
837026,950573
837032,899280
837039,393820
837045,341049
837054,393788
837059,935473
837060,387988
837068,669285
837069,383580
837072,370514
837079,630582
837082,287382
837082,387442
837088,403781
837108,854749
837110,394820
837116,638898
837123,824971
837125,409122
837128,266884
837130,680441
837132,289330
837133,908327
837136,633943
837145,298039
837161,386594
837165,180343
837167,388525
837168,302207
837173,685818
837185,396147
837190,284484
837194,150736
837204,293396
837210,735108
837211,562777
837213,265144
837216,947246
837219,287298
837219,298188
837233,293545
837236,658515
837256,870733
837260,932281
837268,287611
837274,237651
837283,569831
837301,378389
837304,396579
837309,408688
837311,292512
837315,421161
837316,517809
837317,494664
837331,396821
837338,402618
837338,286968
837340,381318
837348,402819
837357,923546
837367,879812
837369,909136
837383,617966
837391,398504
837395,398860
837398,381778
837402,382098
837404,288036
837405,178244
837408,380823
837410,515133
837413,169674
837420,704639
837427,405613
837429,390783
837430,396170
837435,665385
837444,859548
837451,896658
837455,289162
837461,429497
837462,592399
837474,614010
837478,287230
837483,150928
837494,409583
837498,389566
837517,890788
837523,390253
837524,489247
837528,290929
837528,384060
837538,658418
837559,399889
837569,145241
837571,391817
837588,277258
837592,674104
837593,401375
837608,853938
837611,381964
837614,383067
837636,387443
837643,145374
837669,482596
837673,271549
837679,920956
837693,493153
837693,156196
837694,709377
837699,399162
837699,176259
837722,388530
837725,385399
837731,386012
837736,660521
837745,305939
837746,702507
837763,875019
837770,393696
837774,587794
837778,334315
837783,372803
837787,174737
837792,291287
837795,906728
837805,195887
837810,688165
837814,296083
837835,388337
837844,890045
837848,412196
837848,393395
837854,389757
837857,281112
837858,390689
837859,391029
837863,403267
837872,395349
837875,684607
837876,395411
837877,295972
837877,267448
837886,483432
837892,404431
837913,394728
837914,919721
837926,289491
837933,266008
837936,394684
837938,454053
837940,388522
837946,336839
837954,386499
837962,690686
837969,402274
837976,907696
837977,401910
837980,640966
837987,401973
837988,397242
837997,389589
837999,387876
838008,404730
838014,408622
838019,395998
838023,385622
838025,594125
838038,930577
838043,295704
838045,410735
838048,892798
838048,392485
838048,672940
838057,392379
838060,634919
838063,392147
838071,614588
838079,170042
838083,264329
838158,388549
838178,402979
838180,401955
838182,309379
838183,162722
838194,488095
838198,908814
838204,394332
838205,660793
838223,905997
838228,873746
838231,290508
838235,392596
838238,893002
838239,408386
838254,557607
838256,135581
838259,400598
838270,159400
838277,867879
838278,919564
838292,396344
838292,418112
838302,213426
838306,868537
838306,289258
838314,893203
838321,384245
838334,391255
838337,394945
838342,398707
838343,918358
838344,679361
838358,714833
838380,386656
838384,902827
838387,890596
838391,400660
838399,407133
838410,874898
838413,403860
838419,633718
838420,398101
838420,711858
838421,696479
838426,387191
838431,494058
838431,617464
838433,395573
838459,641045
838463,289300
838473,688336
838478,702303
838479,528441
838479,259736
838486,397887
838502,691307
838503,287201
838508,396435
838523,688219
838524,294335
838546,663703
838547,401942
838575,284892
838579,406947
838584,286596
838586,880909
838592,404096
838594,683679
838597,389409
838602,178423
838617,905635
838628,399716
838637,503021
838653,390210
838660,412704
838681,851737
838681,399879
838688,401234
838696,853418
838708,374393
838716,713408
838723,741373
838724,637820
838739,685847
838740,251798
838740,394391
838740,292149
838742,922052
838762,402188
838768,311260
838775,353012
838777,399551
838781,393858
838783,170587
838783,291222
838793,399997
838807,703977
838809,138657
838810,402971
838811,148801
838819,395625
838825,186694
838828,409304
838829,404226
838830,398936
838848,678221
838855,144706
838860,186027
838879,264840
838884,255034
838898,399873
838899,382775
838902,924161
838905,175660
838907,379846
838910,402480
838915,170822
838920,271333
838924,838244
838927,403318
838932,384492
838936,392043
838939,312160
838940,387683
838946,390625
838959,849216
838962,283819
838962,162517
838976,168635
838989,651746
839005,839001
839011,954417
839013,393539
839028,273436
839048,378991
839049,390760
839068,387927
839069,511140
839078,410140
839087,286636
839088,178781
839094,409491
839114,392090
839118,284274
839122,399799
839133,632285
839135,189507
839143,417203
839166,385036
839172,169346
839172,911954
839179,889818
839194,162614
839198,406222
839200,603223
839204,390307
839207,412035
839218,173033
839220,380759
839225,397537
839230,406417
839231,276053
839234,405065
839254,394302
839257,899304
839261,173276
839262,168797
839273,471886
839285,874432
839286,683467
839289,388559
839304,170131
839315,599231
839318,868081
839329,906067
839331,395057
839334,653882
839343,888223
839363,335308
839399,655301
839407,287529
839425,864976
839430,678448
839430,400556
839440,391448
839444,168032
839445,126674
839452,705672
839464,396313
839470,401300
839470,403062
839474,385881
839477,703319
839481,644070
839501,717866
839501,887789
839509,333214
839510,400937
839517,868521
839531,170533
839537,387164
839542,890984
839544,269055
839547,208727
839558,386540
839564,409638
839565,700698
839567,392648
839568,219462
839574,686479
839584,402081
839586,663690
839594,886747
839595,391069
839596,387192
839604,337860
839604,479717
839614,337787
839619,314085
839621,381290
839628,902428
839629,509434
839631,392978
839648,396187
839659,394624
839661,890458
839667,880098
839667,890752
839676,394794
839686,184407
839687,393263
839689,401726
839692,690849
839692,840067
839697,265010
839702,702619
839707,387535
839708,396247
839711,184790
839717,882206
839718,393805
839744,649274
839752,167459
839759,164381
839760,403537
839761,386762
839775,168765
839787,408011
839804,402117
839810,395176
839810,904184
839817,315660
839825,396854
839828,395304
839833,384257
839834,715639
839843,168171
839863,396269
839871,395858
839873,384928
839886,603206
839888,162885
839893,388977
839904,261325
839909,221264
839917,325801
839922,882409
839924,505059
839935,894079
839939,170908
839947,657323
839951,632914
839955,673082
839964,388102
839967,398079
839969,389491
839977,917852
839980,391679
839984,408232
839995,342733
840001,881788
840012,141551
840025,394629
840027,412355
840029,191598
840033,683864
840038,394597
840046,243409
840046,114616
840048,878229
840053,882860
840059,645286
840063,645727
840067,906811
840072,390526
840074,391267
840083,393823
840085,882241
840096,676302
840099,676017
840100,515413
840103,392239
840115,384017
840116,632824
840123,395172
840131,940414
840134,904620
840142,381414
840166,393651
840171,293619
840188,397406
840193,686606
840198,520960
840206,399175
840206,701164
840206,402488
840214,476291
840215,392340
840216,401847
840216,393449
840223,864932
840237,410430
840238,395539
840240,698694
840240,195873
840243,399971
840274,392568
840278,384578
840286,410952
840300,664048
840304,174242
840314,714146
840325,127405
840327,608604
840330,660618
840333,387142
840335,573808
840336,175764
840344,396556
840345,329308
840345,378860
840348,572990
840348,405206
840351,396180
840352,391970
840373,394397
840373,248116
840376,895572
840377,391617
840377,395685
840384,400907
840384,924692
840392,381384
840398,409181
840403,500850
840406,284539
840414,503055
840414,386013
840415,914527
840417,416248
840427,609620
840447,863263
840451,184563
840457,402858
840467,396714
840468,333939
840470,403284
840475,392921
840478,391365
840482,167210
840498,880987
840500,391041
840504,758104
840507,589130
840511,305513
840520,349871
840526,336324
840532,622921
840532,595003
840537,386706
840550,897904
840564,132467
840565,923489
840572,886273
840593,632924
840624,399742
840627,396110
840648,857423
840651,307306
840663,941167
840676,395464
840682,888583
840687,903996
840696,619191
840698,390870
840706,373921
840707,279464
840710,151195
840728,401491
840730,408887
840731,645090
840732,494284
840733,153960
840738,653411
840742,404600
840743,929178
840745,403098
840753,628768
840754,622795
840762,603998
840763,247787
840766,116186
840776,255184
840790,284578
840795,622406
840808,499056
840815,876308
840832,392257
840834,587092
840884,400801
840884,134261
840887,885702
840888,709521
840893,389242
840900,662974
840912,401877
840913,403503
840918,399808
840919,149117
840924,904048
840929,397923
840930,186009
840954,150405
840958,512179
840970,414566
840974,392073
840979,647688
840979,168935
840990,920187
840992,401916
841002,718300
841006,882473
841013,367151
841019,388482
841021,156296
841029,404446
841030,862940
841033,405193
841034,487714
841039,626489
841050,260046
841051,874892
841055,654749
841060,419809
841065,902076
841068,661411
841074,283057
841078,189915
841080,163958
841082,459930
841086,401301
841097,165988
841100,879182
841104,270166
841112,889135
841120,704162
841139,389650
841140,812434
841142,897836
841142,476693
841142,245951
841145,399068
841159, 94723
841160,411113
841166,165553
841174,884097
841179,846407
841188,388364
841192,395225
841213,284860
841221,400324
841222,909019
841225,620411
841225,405918
841225,405852
841236,390692
841238,395572
841258,933471
841265,873450
841269,394494
841270,398335
841273,154275
841277,868473
841279,382095
841295,397163
841298,637865
841305,397820
841305,322107
841312,179050
841318,886249
841322,388300
841324,510565
841327,403437
841335,918249
841344,848898
841348,486021
841352,399575
841359,532199
841362,396711
841376,701894
841376,272113
841379,408355
841388,393350
841388,288086
841388,310859
841389,175839
841397,372005
841398,315457
841404,654972
841408,230756
841410,401028
841410,624399
841411,665313
841424,390975
841437,396389
841453,280556
841465,393715
841465,393004
841467,183985
841468,966050
841480,394308
841487,694963
841487,401639
841495,637184
841501,668285
841506,180298
841513,408102
841516,699478
841524,653913
841525,393711
841525,407704
841528,400060
841532,409840
841532,931434
841534,402234
841539,393176
841547,850211
841549,390474
841556,178589
841558,135012
841558,863053
841567,621842
841570,402247
841575,388537
841577,882948
841579,257793
841581,303116
841597,385518
841601,858819
841602,921550
841604,385119
841605,398245
841619,395563
841625,407812
841652,167537
841658,148080
841659,897046
841662,319050
841671,664681
841673,411001
841686,397880
841688,134966
841698,205652
841704,385388
841705,611113
841707,596238
841708,386251
841720,386176
841740,196456
841745,659324
841748,400257
841748,367712
841760,884209
841763,335787
841764,402516
841766,180588
841775,358917
841775,401859
841775,931014
841776,871694
841783,593565
841784,703241
841793,410739
841801,153624
841807,393849
841811,667512
841825,642208
841826,386556
841831,691317
841837,622904
841844,400446
841845,882447
841852,397577
841858,658607
841863,391243
841864,393904
841867,647753
841868,390734
841875,704570
841885,919570
841890,664577
841892,406050
841897,382094
841913,397175
841917,699339
841924,395513
841933,610005
841937,401259
841940,213719
841945,412983
841950,395157
841969,403421
841971,174142
841986,390380
841989,394235
841996,394551
841996,184236
842006,166405
842007,927061
842019,402099
842024,455697
842029,364147
842029,266620
842036,389222
842042,455656
842050,718920
842052,299900
842059,393327
842069,388316
842070,389679
842076,394017
842086,599550
842094,936931
842095,160771
842099,399785
842114,184785
842115,396939
842135,876046
842139,397661
842151,883063
842161,401422
842163,873399
842166,165742
842166,393463
842168,395888
842170,691982
842172,458453
842188,841800
842188,176042
842190,282665
842192,400041
842196,397733
842199,402416
842209,878394
842210,634786
842214,387334
842220,386432
842223,395307
842225,404233
842227,912295
842237,842001
842248,408566
842250,889256
842255,397363
842261,300015
842265,399264
842270,158414
842270,667041
842279,405220
842286,394679
842287,174868
842297,888777
842302,398939
842312,628631
842314,711063
842320,403570
842321,152894
842342,392002
842348,388993
842355,397986
842356,401105
842363,399395
842379,133331
842383,381806
842384,157126
842387,638078
842394,346886
842401,391292
842403,617379
842413,642634
842418,305041
842420,244147
842422,405354
842436,410593
842444,190700
842449,388727
842453,405596
842453,397086
842461,394328
842462,387156
842465,386497
842479,392735
842483,893516
842485,601279
842487,401355
842489,570181
842499,397572
842501,188456
842501,683304
842504,629540
842521,388371
842523,173959
842529,406147
842547,396124
842554,241061
842559,402919
842564,347387
842567,676488
842572,532545
842574,418754
842578,928384
842588,327094
842602,184321
842612,164533
842631,390399
842651,181952
842669,398134
842672,373318
842678,201877
842682,385629
842683,383790
842685,266266
842690,408126
842690,393386
842691,386799
842698,305794
842718,684621
842720,174031
842724,392508
842735,400381
842739,720949
842746,386939
842746,398045
842748,355719
842758,390075
842764,391112
842768,865168
842769,876751
842774,395725
842780,917088
842785,619840
842789,883188
842803,190760
842812,727185
842823,887973
842825,400673
842829,276008
842834,269027
842835,406182
842845,356089
842846,691543
842846,522256
842854,898420
842858,160866
842868,895689
842870,326937
842877,282163
842879,646447
842887,394586
842892,408301
842899,400643
842901,283622
842906,527808
842907,887868
842910,916763
842911,402503
842923,374232
842924,356826
842936,405529
842937,815629
842940,381008
842941,570295
842942,266527
842953,871286
842967,396673
842975,962298
842979,265059
842987,185083
842997,929638
842998,399167
843007,404492
843016,401712
843019,473056
843027,216873
843032,397555
843037,422083
843044,892900
843058,405475
843060,394887
843063,272294
843063,266797
843064,734591
843066,385970
843075,278122
843081,856188
843081,408129
843091,868095
843097,393684
843102,140730
843105,225864
843112,321570
843115,409125
843118,179104
843121,633040
843123,393546
843128,295335
843129,161097
843141,394101
843143,843035
843164,898797
843165,177646
843184,388506
843203,404662
843230,873340
843244,375521
843246,394336
843246,399905
843248,392350
843260,908648
843283,403562
843290,390326
843296,387954
843297,400294
843300,387502
843310,886187
843314,698051
843320,271664
843322,400191
843325,913657
843333,390695
843347,653555
843363,396308
843364,398232
843366,155925
843369,404660
843382,397908
843385,393436
843404,928214
843405,245738
843416,394348
843419,389630
843419,390341
843422,656100
843423,170017
843431,387170
843440,871788
843453,633822
843461,396502
843461,311482
843468,456254
843472,390471
843493,393946
843495,396782
843506,388666
843511,622146
843519,899560
843519,887341
843523,606374
843527,402229
843531,397920
843535,388813
843535,396310
843540,399468
843557,672208
843568,885230
843580,637208
843589,401255
843591,283287
843592,696138
843599,390797
843611,845584
843611,394154
843612,404139
843613,890939
843618,841415
843620,395078
843624,397867
843624,890540
843645,398098
843649,639081
843649,401597
843665,166489
843665,396427
843670,409050
843678,638616
843678,393120
843680,897968
843684,824620
843696,397165
843700,410084
843703,394207
843718,674969
843718,684679
843726,267041
843734,401029
843735,418516
843737,382804
843738,636424
843756,397099
843761,384670
843776,397392
843780,384775
843797,400938
843797,236782
843801,665208
843806,484121
843811,269424
843811,497119
843813,185013
843817,277226
843821,204728
843822,380724
843834,404675
843843,394983
843846,656516
843853,676378
843859,393415
843859,823370
843860,280440
843866,398506
843877,400504
843884,286911
843888,391294
843894,854203
843899,925646
843902,385725
843926,405776
843928,387056
843930,188374
843934,497391
843935,156371
843938,212480
843944,164915
843950,653769
843954,387871
843958,675751
843959,397076
843973,874576
843980,890111
843993,725972
844007,265950
844009,392638
844009,162561
844018,473064
844024,688257
844027,397063
844033,394580
844039,288608
844044,619692
844044,379973
844061,403991
844064,643822
844066,393631
844071,819191
844093,878693
844101,410221
844104,284993
844125,354384
844137,830784
844140,397633
844155,179264
844159,389248
844173,897939
844175,885521
844178,501633
844182,396875
844182,300227
844191,290515
844194,399049
844199,399616
844201,394930
844209,402107
844209,388827
844220,900987
844222,674731
844226,388741
844238,408734
844250,389745
844252,385500
844253,393168
844262,401656
844263,681993
844270,249453
844277,227873
844284,248160
844288,485195
844289,399871
844291,659379
844297,398561
844300,616364
844303,866150
844309,687392
844324,875502
844331,706290
844334,320442
844338,870508
844343,917055
844345,722626
844357,397477
844362,397005
844366,407100
844372,616625
844373,391940
844376,858756
844381,408018
844382,405691
844398,388016
844400,392242
844413,651003
844414,648580
844419,889970
844434,393029
844439,386586
844441,679132
844446,269278
844450,864249
844450,664108
844451,170337
844452,910466
844455,298594
844458,671370
844461,266388
844468,607977
844478,393765
844484,388532
844487,674001
844487,553843
844500,486421
844508,273032
844508,277682
844526,704395
844527,400933
844528,254870
844544,897620
844555,923907
844582,286929
844585,389577
844586,398844
844587,404109
844606,857549
844614,887979
844621,393943
844621,390718
844626,902228
844628,309864
844641,381777
844645,410215
844649,359491
844670,602889
844671,388174
844675,654437
844675,402267
844677,624712
844685,580683
844692,402147
844697,296341
844711,407149
844739,841732
844740,376378
844741,375906
844754,850262
844755,600944
844759,912416
844775,670350
844783,663910
844788,410090
844790,142927
844793,630766
844794,924426
844819,887789
844820,868048
844822,895236
844826,618272
844840,658166
844841,394500
844844,907400
844854,378928
844868,411849
844869,400701
844869,627765
844876,948575
844880,924030
844883,395157
844884,711118
844894,399680
844898,377706
844901,391344
844902,394250
844916,315197
844918,144952
844927,642633
844927,644124
844927,385952
844935,927543
844968,406286
844971,895601
844973,161441
844981,306086
844985,622951
844988,236598
844995,881113
845000,664968
845016,927500
845020,831833
845021,411422
845024,379362
845034,946959
845037,143432
845041,767431
845048,315104
845049,396753
845049,382833
845052,680548
845055,640343
845069,474168
845085,403569
845089,408833
845091,171641
845094,189356
845106,392923
845108,390028
845120,401872
845120,394227
845121,397220
845125,204912
845127,387327
845137,404590
845143,205972
845145,274455
845145,387363
845157,404138
845161,195014
845161,404092
845164,389547
845170,254851
845179,355496
845186,409476
845211,398129
845213,400506
845216,397693
845226,651572
845231,405973
845231,392634
845234,379314
845240,842111
845242,745214
845258,172408
845258,400274
845261,391104
845271,188413
845278,399980
845296,198742
845296,404392
845304,388824
845306,857560
845306,627774
845312,877150
845315,408528
845327,342567
845327,131166
845330,389129
845343,397873
845370,688522
845375,352651
845375,847684
845384,386246
845385,144365
845387,405292
845394,389033
845403,401337
845406,897113
845411,171785
845417,606140
845433,498067
845435,256809
845437,155842
845438,398295
845448,390532
845465,641501
845467,397874
845473,648332
845477,514741
845478,387663
845480,397484
845481,396750
845483,304449
845486,409020
845493,407481
845495,389024
845496,397147
845499,405796
845511,608531
845514,395460
845516,657426
845519,294694
845522,390476
845543,284115
845549,830045
845549,659726
845551,403226
845552,403613
845552,393646
845553,396714
845555,166714
845555,399698
845555,419562
845572,137571
845580,390977
845586,672139
845587,386858
845591,869526
845608,631520
845621,309484
845625,841102
845630,399325
845633,893474
845636,390245
845642,402457
845644,193037
845648,151242
845652,242058
845657,266640
845676,882751
845682,861616
845685,390087
845687,260385
845690,282791
845697,398847
845711,404880
845712,218771
845719,394780
845719,277854
845722,405073
845723,402777
845724,642229
845730,403698
845734,643244
845751,628871
845754,401379
845760,387844
845766,721661
845773,390023
845792,274316
845794,652383
845800,394134
845800,186729
845810,318737
845821,399041
845826,253183
845831,835752
845831,129260
845839,299526
845845,389587
845853,400374
845857,397419
845876,706115
845877,318927
845882,407098
845886,896918
845886,398594
845893,378366
845895,505176
845924,628184
845935,402013
845946,262833
845964,870961
845974,909378
845998,386286
845999,392542
845999,396625
846005,694962
846014,293239
846016,405550
846017,396436
846031,187577
846036,396529
846037,905556
846038,400238
846041,389519
846046,406861
846049,394132
846054,649311
846068,399450
846069,515271
846074,678829
846074,404474
846077,855611
846093,398458
846104,353910
846105,400962
846117,414651
846120,373909
846120,858667
846154,402505
846161,406174
846169,592037
846170,416718
846170,408583
846171,416914
846177,901976
846179,391684
846186,281536
846192,392095
846196,393078
846199,345284
846199,650224
846216,477477
846220,661307
846222,386281
846237,635956
846243,289114
846245,701867
846255,280742
846259,158138
846260,259755
846272,887071
846274,964426
846289,388492
846298,393968
846310,402603
846311,635386
846314,299721
846321,394523
846326,264541
846328,227964
846332,931321
846334,388576
846336,402254
846338,398361
846341,651131
846346,291791
846349,384881
846353,641181
846359,634698
846363,189520
846368,391032
846372,660846
846375,630264
846381,102353
846381,678544
846381,208990
846387,413315
846388,331546
846402,153851
846404,648898
846409,282722
846411,391101
846429,384633
846431,160532
846436,260979
846436,280141
846438,395558
846445,607376
846457,512222
846458,705927
846461,230776
846484,407283
846484,315899
846501,290412
846503,262677
846503,406755
846513,385106
846516,611169
846525,263747
846531,399182
846535,389243
846537,387698
846538,397686
846552,389477
846557,395205
846562,406379
846591,402328
846600,259140
846602,884556
846611,642548
846614,890709
846618,174493
846624,419043
846633,384127
846636,506465
846640,486985
846650,398429
846654,305102
846660,390333
846666,214925
846669,129870
846670,387853
846681,391152
846687,889999
846701,339655
846704,398678
846705,830221
846722,681464
846732,867959
846736,863247
846742,255836
846743,628813
846745,630546
846752,871585
846752,392071
846754,156706
846758,676106
846760,390532
846760,876293
846764,403569
846766,296520
846779,389294
846782,163987
846800,279703
846805,389710
846811,691580
846830,388745
846832,123755
846840,630195
846850,310396
846861,388055
846876,873831
846878,905404
846892,387304
846893,178506
846895,393251
846902,278093
846905,909874
846906,398729
846907,108163
846918,401637
846938,642458
846940,895322
846941,137003
846952,884321
846954,400499
846963,400090
846964,406074
846970,666129
846976,395236
846983,390290
846986,394126
846988,234541
846990,383494
847001,717322
847007,247681
847011,403030
847015,794782
847020,293458
847020,181877
847027,404426
847038,391545
847041,409099
847042,298612
847045,660293
847054,389936
847058,155675
847069,591853
847073,408477
847080,871248
847081,582990
847086,172410
847092,371989
847096,419666
847106,891204
847119,397474
847124,874460
847124,673371
847127,879155
847139,395826
847153,385533
847159,398806
847197,391678
847198,882662
847205,403474
847207,275641
847208,386044
847210,391248
847213,683407
847214,401927
847219,398980
847230,150182
847247,516869
847249,384161
847253,660982
847261,272995
847264,874687
847267,398094
847269,119064
847284,382228
847285,636191
847290,651815
847290,683796
847293,326046
847298,639306
847299,400554
847314,926718
847324,410308
847333,397121
847335,177727
847336,393820
847340,392595
847340,589974
847345,392927
847346,402808
847347,404531
847350,852278
847353,844838
847359,709679
847361,142372
847367,928592
847369,380807
847400,267839
847415,336951
847419,393775
847421,394329
847423,618562
847430,398644
847444,874068
847445,512006
847467,661106
847477,391610
847477,410356
847479,910697
847492,617850
847495,705552
847497,391532
847510,240753
847518,182540
847522,405829
847539,400476
847557,413827
847568,367099
847572,399431
847580,392512
847582,410892
847583,415330
847591,375997
847592,228527
847595,385396
847598,389403
847603,396146
847607,392975
847607,583196
847624,400468
847634,412763
847644,207838
847644,643611
847647,287460
847650,686194
847650,655509
847651,691877
847666,396449
847667,386197
847670,709744
847676,250818
847680,290650
847689,659824
847693,899426
847702,403842
847704,727710
847708,872729
847708,391797
847734,265375
847736,825601
847742,401880
847743,276343
847750,292084
847752,840045
847757,876719
847761,397730
847772,397886
847773,396508
847781,195581
847782,397639
847782,403908
847783,399219
847785,397059
847791,877818
847796,661886
847800,910147
847803,398152
847809,261564
847810,412944
847813,263344
847816,282694
847818,396711
847822,888323
847826,486302
847827,679618
847831,925024
847837,406650
847841,245617
847860,392158
847862,920822
847877,704096
847878,134784
847879,665889
847884,387690
847886,637009
847888,385897
847891,132668
847893,647059
847899,400930
847906,608099
847919,316369
847923,129250
847932,637436
847941,885286
847947,398541
847956,386469
847994,189788
848013,393462
848016,392419
848026,166812
848030,629604
848037,855023
848038,395623
848042,256704
848043,655465
848045,855060
848050,289237
848050,392485
848062,261379
848064,401031
848078,901788
848084,397798
848106,394640
848111,389508
848129,402617
848136,399836
848137,394516
848154,628144
848156,396219
848158,621801
848167,400587
848169,401885
848174,627193
848189,270877
848197,401964
848200,387281
848203,390336
848207,399455
848208,169624
848228,386328
848231,357410
848233,623981
848239,186079
848241,888076
848242,245683
848248,399342
848252,879728
848258,414886
848268,272272
848268,273581
848272,395237
848278,687413
848278,270606
848291,392020
848292,386597
848294,672098
848305,400590
848318,414306
848321,348190
848321,393144
848356,394919
848358,670572
848366,683371
848378,412949
848403,234650
848420,903974
848423,860434
848436,398744
848449,893616
848453,885321
848455,388184
848457,160529
848467,390422
848477,659113
848482,400328
848492,680353
848492,405927
848492,400761
848497,618505
848497,913288
848509,274384
848536,684884
848540,171846
848546,894648
848547,393693
848549,682413
848557,396309
848558,871749
848560,394105
848562,885205
848564,901205
848571,500255
848573,608601
848594,648034
848621,693426
848635,658866
848638,838676
848640,270030
848645,416585
848649,881526
848650,262312
848650,145295
848650,405729
848676,289668
848687,419725
848690,259200
848696,630178
848699,392890
848701,320999
848707,191888
848719,871301
848723,176430
848726,661880
848729,658609
848732,663758
848737,976777
848737,662181
848742,389070
848746,697480
848748,625150
848772,391191
848777,399150
848781,630307
848782,672714
848800,403479
848804,401085
848810,394035
848817,869839
848818,885144
848822,168918
848824,406240
848827,389317
848829,405727
848832,623205
848841,257206
848848,399726
848850,651619
848851,404088
848864,169447
848884,687674
848886,870186
848895,899683
848896,870716
848910,396573
848911,395429
848915,391631
848928,394308
848937,393368
848941,385771
848960,397815
848965,398050
848990,388489
848991,653909
848999,388511
849007,841931
849023,633999
849028,406566
849028,854666
849030,398485
849044,861738
849045,401648
849050,691411
849056,889143
849061,392078
849062,391634
849065,665852
849066,925799
849073,718367
849075,277323
849093,165637
849097,161307
849105,906138
849110,630625
849114,384929
849117,847761
849118,677339
849118,716674
849124,389554
849125,394090
849136,398737
849140,395483
849144,608968
849154,146840
849155,398941
849163,394559
849185,392180
849187,831738
849189,863415
849191,896492
849194,683715
849199,392802
849213,387461
849215,259341
849217,601901
849234,339111
849234,224840
849239,265970
849242,885242
849257,385411
849259,403963
849259,296004
849266,398847
849273,390494
849273,207080
849279,261462
849286,651651
849291,400987
849294,293023
849295,403199
849295,401789
849298,397520
849308,300768
849320,385413
849325,281653
849327,163822
849327,419648
849329,649933
849330,382255
849332,628007
849334,271487
849334,395763
849337,399537
849345,519144
849358,254582
849358,928103
849362,398501
849371,672197
849372,483530
849381,396893
849382,850236
849388,889216
849391,196823
849419,242823
849419,654720
849429,400838
849440,399310
849441,862836
849450,705523
849466,284611
849476,614542
849477,804748
849490,391044
849490,638519
849525,411683
849533,855730
849538,402636
849541,152903
849542,698816
849566,403688
849579,406359
849583,405596
849584,396864
849585,380785
849585,483154
849587,382313
849606,121387
849610,391298
849623,189744
849629,147753
849654,378790
849657,128804
849657,393843
849662,354646
849664,248001
849668,891222
849673,402563
849693,264227
849711,948952
849718,279613
849726,172907
849745,218367
849756,638522
849758,703482
849760,485812
849765,875172
849768,285115
849772,396837
849773,385951
849778,397874
849784,883234
849785,874133
849785,401783
849785,853046
849786,404468
849788,401200
849789,883304
849793,225512
849796,158302
849803,403486
849804,448257
849804,388840
849819,891811
849832,611792
849834,399441
849839,655716
849841,173329
849848,940283
849855,265181
849858,389625
849860,603192
849868,592502
849872,403172
849879,940060
849882,662615
849884,405533
849893,150843
849896,294903
849902,495865
849907,391751
849924,908749
849926,398964
849935,667863
849939,887924
849940,906020
849944,294694
849944,401969
849957,402231
849957,680600
849964,849830
849982,396284
849989,396640
849995,873307
849998,388938
849999,388184
850016,190591
850031,860081
850046,404060
850048,384067
850053,630372
850057,652525
850073,398253
850073,171477
850074,385710
850083,398063
850083,675530
850085,621900
850090,511447
850094,611037
850103,384939
850108,270564
850110,916514
850111,401255
850112,402472
850129,259488
850137,260485
850139,846087
850139,259315
850140,399020
850140,826843
850147,862800
850159,120217
850162,378387
850166,406876
850171,405848
850178,185824
850183,392132
850195,404728
850197,394007
850219,604102
850237,185966
850246,877994
850272,619866
850289,401890
850294,396726
850301,910829
850314,399502
850342,726308
850342,893747
850360,204881
850362,392167
850362,612258
850375,399171
850390,396788
850395,282642
850406,385959
850427,833967
850430,390200
850431,663876
850437,398921
850441, 88891
850449,666483
850449,388393
850449,394263
850455,387304
850458,437606
850467,921343
850473,535547
850475,392972
850478,849042
850481,391261
850483,393216
850488,397806
850491,198047
850503,399944
850506,176774
850510,262009
850527,696172
850529,908418
850530,641770
850531,172589
850533,394053
850533,397810
850536,869518
850547,296049
850553,400303
850555,403116
850564,389209
850568,607077
850580,402113
850584,393627
850585,408029
850586,374736
850608,403974
850632,861611
850633,389107
850653,411128
850653,893629
850656,368701
850660,391957
850663,404765
850665,415125
850666,390434
850688,380985
850695,329916
850696,396828
850698,383753
850713,391530
850713,397406
850720,401450
850721,883610
850722,396931
850726,899323
850727,279473
850730,292140
850730,646198
850737,163505
850738,867756
850738,638893
850752,184803
850767,399067
850771,140126
850779,884804
850784,626265
850792,403234
850792,411775
850792,497465
850798,395916
850812,636708
850819,289968
850833,882249
850835,401976
850840,932756
850842,405201
850863,886368
850867,396305
850873,386130
850873,899963
850881,398161
850883,402561
850888,391815
850892,893692
850898,281291
850908,381514
850921,289750
850926,179636
850929,482116
850947,269568
850948,889592
850955,860260
850956,632713
850961,386641
850962,398325
850971,296952
850974,386789
850982,396554
850988,262306
850994,391470
850995,646747
851002,190350
851018,277726
851037,280856
851045,396590
851048,413880
851050,260978
851062,403892
851065,894740
851068,875249
851085,258130
851086,404602
851086,393831
851087,382243
851089,137451
851112,594379
851114,601867
851116,161628
851118,408594
851137,663281
851167,659263
851169,191068
851172,403684
851178,624834
851183,397975
851185,592683
851186,181776
851192,399015
851199,719650
851214,390325
851214,865877
851219,621737
851220,151694
851225,654071
851235,659856
851235,268155
851237,406807
851287,693842
851287,651817
851298,631298
851301,385478
851308,406925
851309,372662
851316,683231
851317,388050
851320,295793
851323,302242
851325,314906
851361,396579
851373,639814
851377,410413
851390,394406
851390,396396
851396,694380
851398,394181
851405,399153
851441,892347
851450,889846
851450,137382
851450,306734
851463,284836
851464,403366
851467,514558
851467,242944
851474,405810
851474,396380
851474,395177
851482,646131
851486,644838
851487,392473
851489,587054
851502,390728
851509,410638
851515,398480
851515,118572
851525,396395
851531,402103
851537,693032
851538,296087
851549,249141
851549,394084
851562,601040
851579,378168
851579,387496
851588,407795
851597,402339
851603,512507
851607,308909
851610,384389
851624,277940
851625,411056
851630,938784
851641,669533
851643,400836
851662,651629
851668,884037
851670,623657
851672,394431
851675,377644
851677,649091
851679,678196
851690,258605
851693,249000
851711,911343
851716,286964
851718,388180
851719,412324
851725,401673
851734,395844
851736,618370
851739,860456
851745,129425
851746,877934
851760,269342
851769,401569
851770,628672
851781,408051
851788,671375
851788,281143
851789,176374
851792,175977
851796,885444
851801,409733
851802,139309
851803,312431
851809,406026
851810,175039
851820,399069
851828,411656
851830,421325
851834,240362
851840,389895
851843,385442
851844,282515
851846,399301
851853,879220
851855,908345
851856,375557
851861,298848
851864,666923
851869,395883
851891,636511
851894,836727
851895,488713
851898,378075
851917,871402
851918,853120
851933,602143
851935,853677
851945,687768
851949,172942
851950,484173
851952,174133
851960,399317
851967,716415
851972,269190
852002,299550
852007,396572
852009,886550
852019,268683
852028,392358
852034,399901
852056,394526
852056,850805
852057,394656
852059,396622
852061,145157
852066,618522
852085,414132
852098,294940
852111,324864
852123,383728
852141,696301
852146,904772
852151,472063
852154,386688
852160,239711
852162,357634
852163,402177
852167,176724
852182,216450
852198,270337
852203,410807
852207,411724
852215,849274
852218,654340
852221,117606
852224,401989
852225,251663
852228,394917
852231,669083
852234,638744
852238,273910
852240,260391
852243,187871
852245,160142
852247,519852
852255,295407
852259,393115
852265,298188
852290,670010
852291,392193
852292,856324
852294,917175
852301,847455
852309,583499
852316,394574
852322,263291
852322,407617
852327,395546
852333,362095
852355,862011
852359,440223
852363,867607
852371,183596
852377,398919
852379,604605
852383,324546
852388,387965
852388,635427
852400,898887
852409,408573
852424,871061
852429,393290
852432,395076
852432,403860
852440,655299
852442,599355
852450,684181
852454,392492
852455,867597
852456,610191
852472,396671
852480,142750
852482,159929
852484,542736
852504,646016
852509,399932
852512,293381
852521,273953
852533,163895
852538,394231
852540,935615
852540,166282
852555,635245
852565,397661
852571,646034
852575,402184
852576,384160
852578,408292
852582,459228
852582,134738
852600,406752
852601,387107
852603,883886
852606,396802
852611,670040
852615,402443
852617,405094
852623,285937
852642,255587
852652,412156
852653,269896
852659,401819
852661,889114
852671,279470
852672,398876
852674,841040
852678,635905
852689,876575
852691,629627
852709,390318
852710,639671
852711,398974
852714,224433
852717,273969
852723,270207
852734,883650
852740,392561
852741,878624
852746,642083
852754,393311
852756,624735
852764,660779
852765,405482
852768,698641
852771,863634
852776,681280
852780,405094
852782,889782
852787,389317
852787,918278
852789,384751
852790,607556
852795,259510
852819,278383
852825,688070
852834,406922
852835,267542
852843,902133
852843,907844
852851,386220
852856,399136
852856, 83008
852871,392997
852871,402322
852890,958517
852900,287821
852908,476739
852911,395674
852921,382208
852921,613510
852929,405186
852930,637164
852933,638453
852933,391175
852978,673736
852979,113371
852988,398130
852991,872995
852991,395203
853014,657979
853028,897448
853032,492181
853048,646285
853054,398437
853061,389437
853072,388418
853089,390900
853100,387185
853102,274923
853106,401863
853117,669523
853131,402184
853134,673326
853135,891867
853143,629519
853150,621202
853162,411776
853162,530110
853167,395800
853195,662124
853200,397305
853211,289944
853212,886597
853218,411140
853220,692665
853225,651739
853229,910287
853233,150287
853252,272172
853263,407782
853277,409908
853279,841034
853288,397851
853294,385745
853294,397424
853296,402363
853298,391413
853298,388231
853310,399779
853313,310263
853321,150723
853329,272905
853332,702127
853338,396636
853341,266416
853342,398761
853343,904011
853349,385135
853355,415470
853357,411722
853366,659405
853380,382756
853380,301876
853404,615109
853424,277859
853430,114637
853447,395459
853463,292336
853468,400102
853474,165467
853479,869299
853480,404272
853488,388920
853489,661851
853515,923868
853518,171687
853520,888649
853530,658349
853538,675117
853551,401068
853583,897019
853585,392032
853597,685283
853599,965930
853603,856966
853617,865780
853619,292149
853621,172274
853626,391594
853638,392926
853644,874927
853646,271737
853662,158669
853673,388183
853676,648255
853681,873991
853683,266642
853687,251667
853691,403503
853694,407936
853709,402312
853723,354210
853728,831558
853750,397572
853760,251277
853770,603780
853772,401510
853773,851797
853798,711276
853814,891341
853827,394203
853833,393413
853840,606768
853843,280276
853852,845116
853856,387637
853870,294295
853877,401397
853885,389596
853888,399433
853918,385707
853944,390851
853947,899207
853949,391980
853956,403491
853973,280119
853975,287620
853978,267503
853989,383885
854000,192080
854004,188392
854009,398385
854011,689589
854012,251582
854014,270222
854019,289450
854025,908965
854030,881057
854036,857408
854054,856613
854059,387679
854077,288795
854090,379922
854096,385544
854107,364834
854112,406057
854127,887067
854133,138038
854135,389887
854150,291757
854152,404845
854161,386696
854164,400698
854175,396405
854175,388058
854176,640604
854193,714096
854207,896629
854220,630684
854221,412973
854222,716801
854233,397042
854239,428703
854252,287211
854261,164797
854272,919205
854283,654074
854285,671827
854305,868064
854306,406519
854319,390539
854322,304268
854325,285652
854334,251915
854337,385793
854354,850937
854359,884160
854368,390858
854372,667223
854377,388684
854379,405744
854388,259323
854390,404339
854406,405169
854411,891134
854424,641330
854429,298445
854436,493243
854438,389772
854447,196202
854447,907017
854463,431427
854464,390272
854465,616549
854491,683125
854494,388133
854501,397215
854503,566621
854512,660912
854520,598916
854520,863774
854541,402419
854567,628863
854570,896836
854580,396178
854584,643532
854599,160190
854600,397196
854601,194930
854611,272052
854625,139481
854633,383676
854675,623444
854676,469234
854676,398009
854694,391606
854696,391991
854705,403656
854736,402932
854737, 91521
854741,295190
854742,398990
854755,403604
854757,155028
854769,285573
854776,279391
854777,824017
854781,387899
854785,629886
854820,264965
854825,852162
854831,405918
854847,622155
854862,153371
854877,398237
854916,635054
854917,260500
854932,390488
854947,866095
854959,400556
854970,875294
854971,180245
854971,503148
854976,613299
854980,393593
855007,401120
855011,327949
855012,872319
855016,874554
855037,904744
855045,652971
855071,542493
855073,679236
855078,405782
855081,402299
855084,174196
855089,888709
855089,129239
855095,166689
855108,395494
855109,598730
855114,154197
855128,115508
855160,870360
855163,390760
855163,301711
855166,253366
855167,387939
855175,392695
855195,390215
855197,390424
855210,165118
855212,399479
855217,898689
855217,266396
855223,396349
855225,163458
855236,391961
855237,156782
855247,633026
855248,271508
855255,912216
855260,922170
855278,396123
855279,392646
855279,282571
855286,403554
855288,402713
855293,275479
855302,211085
855303,894590
855314,886105
855320,122008
855326,655190
855330,390912
855331,282496
855335,648618
855336,860548
855345,405402
855353,392456
855355,657524
855356,638292
855360,285641
855370,691569
855375,860930
855393,170448
855402,614240
855404,119360
855410,302850
855441,895176
855441,386764
855450,273251
855466,877077
855466,161859
855474,834490
855483,402391
855486,179004
855487,395704
855490,860391
855498,717796
855503,180851
855503,623851
855507,388415
855515,187889
855522,408301
855525,284516
855531,258995
855537,850394
855546,653458
855546,279897
855564,386690
855573,384720
855619,874538
855621,274065
855621,888704
855623,898172
855643, 94392
855657,270347
855658,904085
855659,185775
855662,396501
855668,291900
855702,639726
855713,108621
855716,652656
855718,412341
855721,272326
855722,657986
855729,828378
855755,581330
855757,380060
855762,893662
855770,843951
855773,392623
855780,653076
855792,667060
855804,263387
855806,393454
855814,150797
855827,386419
855831,316822
855835,383210
855838,590698
855847,396246
855849,866714
855850,597594
855864,264364
855868,115946
855870,388730
855873,159308
855878,393460
855879,573810
855880,880800
855888,618798
855895,624592
855896,266167
855897,822141
855903,400439
855904,393621
855905,650806
855907,867096
855932,881717
855934,610030
855939,685275
855945,387142
855946,664080
855947,285873
855960,279863
855961,126985
855977,629373
855998,623368
855998,171661
856000,274124
856005,392779
856043,166561
856051,270120
856052,147772
856064,891167
856067,270240
856085,871672
856106,895812
856111,904801
856114,717103
856114,289599
856119,388711
856126,399435
856131,885780
856151,893880
856168,298648
856170,393862
856174,845310
856176,314420
856185,252098
856198,690103
856209,825585
856234,203585
856238,711862
856246,616461
856255,267183
856264,401469
856267,512102
856273,182710
856292,313776
856295,276300
856302,618133
856315,399004
856317,590051
856319,289577
856326,626846
856328,289584
856329,290407
856334,616886
856345,140393
856362,285059
856392,911760
856393,256067
856403,629881
856430,412649
856431,274391
856437,741615
856438,262116
856445,243559
856453,896862
856453,404567
856457,297175
856459,267538
856462,409208
856476,893224
856476,255559
856485,624369
856489,294699
856497,638209
856514,679374
856517,294632
856520,930301
856521,834935
856535,255901
856537,396255
856547,382285
856553,259463
856555,398273
856591,303785
856606,943368
856630,892463
856640,627807
856643,882722
856644,639010
856644,296061
856651,882106
856661,169941
856679,672110
856702,816070
856704,248101
856708,628602
856752,267134
856756,249824
856757,851689
856762,291100
856762,632355
856771,402271
856778,395399
856779,871098
856797,705212
856804,612048
856805,254761
856810,612538
856811,874127
856812,276465
856819,268160
856832,518528
856842,667728
856849,860282
856869,394276
856872,397499
856906,550517
856916,665922
856917,660652
856927,112053
856934,293525
856937,172251
856940,309799
856963,674425
856965,873641
856970,646238
856972,392425
856980,513422
856986,377877
856991,294766
856997,656417
857004,604575
857005,335847
857016,385535
857025,134726
857043,616414
857044,392591
857086,296552
857086,178306
857088,335328
857090,315254
857098,628683
857111,271963
857112,634086
857152,602474
857154,388880
857170,402878
857174,680933
857174,900932
857191,893250
857201,395725
857219,265499
857230,931106
857234,884230
857239,238914
857246,874382
857247,505914
857269,396345
857272,271086
857274,164054
857283,838429
857288,877301
857291,680690
857293,281752
857310,395110
857315,868628
857319,869911
857330,269963
857339,621280
857342,258765
857366,397370
857367,267892
857378,668209
857379,267327
857386,400581
857394,491395
857413,887426
857420,651360
857433,281164
857436,394828
857438,264504
857441,623469
857456,622692
857459,270825
857478,316272
857481,404365
857482,403072
857501,306324
857504,281488
857515,404171
857523,163282
857534,151748
857538,272439
857545,398112
857552,180671
857559,670988
857566,118326
857587,596204
857597,596353
857597,389386
857614,409207
857617,169587
857624,176489
857639,257302
857644,400037
857645,181253
857659,130732
857687,902256
857713,290397
857714,625953
857716,629043
857719,298226
857727,289236
857734,404906
857734,846482
857745,639356
857758,389078
857758,684328
857760,923697
857763,877766
857766,403789
857776,703192
857778,413709
857800,846954
857802,692297
857810,663003
857844,243492
857860,940793
857861,406020
857867,662569
857872,266942
857881,659370
857883,655055
857886,829072
857900,276120
857904,904269
857906,856669
857909,706319
857911,593853
857924,148789
857932,639022
857943,509270
857957,277046
857959,282431
857976,268909
857981,394651
857986,641682
858006,257350
858019,266149
858033,388731
858058,612558
858060,292380
858067,394589
858074,888382
858084,404217
858125,722089
858135,872994
858140,399093
858186,578590
858199,281818
858205,905912
858223,294507
858224,511344
858233,608297
858237,253122
858240,403882
858269,284587
858285,853188
858295,390340
858303,406901
858314,710240
858314,479988
858316,460908
858321,286519
858323,152652
858335,164581
858341,669989
858370,250700
858371,340980
858382,406371
858390,617027
858401,267641
858450,403222
858456,308241
858461,640281
858465,408718
858471,261845
858484,856314
858490,653052
858491,405746
858506,385325
858506,619817
858519,815657
858520,349348
858531,868256
858541,409044
858556,250861
858563,197413
858570,639128
858583,894720
858594,265746
858594,402947
858633,892429
858635,695351
858654,401935
858655,288101
858680,644164
858686,882586
858700,196858
858708,110455
858712,506750
858731,712598
858731,262468
858758,896479
858781,389247
858794,398362
858811,655429
858825,261328
858843,394652
858850,814859
858859,134839
858867,641067
858870,296341
858879,659534
858882,391684
858884,961482
858894,838771
858895,203832
858899,398935
858916,307357
858916,275589
858931,594072
858946,885540
858976,602765
858980,622637
858990,264021
858999,651056
859011,244951
859013,818932
859015,896477
859021,884950
859043,720472
859045,925885
859057,271105
859068,254830
859069,259249
859070,276819
859070,403470
859072,665516
859089,670072
859098,114418
859106,655986
859143, 77076
859155,874391
859168,277834
859175,405131
859193,630730
859196,629801
859201,284824
859210,121506
859213,601660
859224,816131
859231,270294
859240,667236
859253,314745
859260,347449
859272,817583
859277,183667
859281,700698
859282,938004
859298,108043
859299,251753
859313,871167
859319,643936
859320,880092
859331,311251
859344,277189
859365,640506
859371,881272
859375,600642
859396,389910
859403,650444
859406,624612
859409,600700
859410,264686
859436,690242
859438,840718
859440,194233
859440,397272
859446,633459
859460,392083
859463,626953
859471,272558
859479,399650
859483,603340
859492,933708
859506,271559
859524,398894
859550,242072
859553,258835
859559,879691
859562,303080
859578,396119
859581,611812
859594,155991
859594,265809
859607,165546
859607,314172
859608,666805
859609,281770
859623,273086
859624,403154
859626,404319
859630,289599
859632,600410
859642,280938
859655,281685
859660,253411
859665,412115
859672,222351
859702,135253
859707,179131
859717,679469
859732,880754
859739,647795
859742,115339
859745,273071
859763,491385
859766,401973
859769,170646
859786,407270
859798,404045
859799,620991
859815,315743
859837,169513
859848,591897
859867,386710
859900,601132
859929,648340
859936,931803
859937,628231
859961,871758
859967,675711
859980,648756
859987,650252
860006,664618
860008,398126
860008,234088
860009,269838
860011,907747
860056,397480
860067,132573
860073,652048
860131,944273
860137,814109
860139,593962
860146,674200
860149,282939
860153,633058
860156,867799
860210,906005
860224,643409
860227,815563
860228,186883
860230,187479
860238,496082
860240,292601
860258,403070
860270,641335
860274,297518
860275,858877
860277,128872
860277,639696
860298,657135
860301,612082
860301,303799
860302,888606
860305,850699
860314,859950
860323,608783
860333,605323
860340,891842
860347,941518
860374,581636
860382,279703
860394,281928
860394,292212
860441,301190
860450,266031
860452,274872
860453,324755
860454,109969
860464,872665
860476,159077
860495,244309
860498,888701
860502,159646
860515,906885
860515,673727
860527,298383
860540,397773
860544,866591
860557,383802
860561,130823
860562,285395
860587,407738
860593,388478
860600,813346
860614,389774
860622,651516
860645,335977
860657,672811
860658,260410
860671,868316
860675,880856
860691,598239
860697,264559
860715,392532
860715,346523
860719,818276
860722,138739
860733,171592
860733,622313
860751,263067
860753,398396
860754,884911
860783,151128
860804,878700
860805,656888
860825,588170
860832,871158
860837,130014
860841,883759
860863,870235
860872,646378
860877,305094
860879,396205
860882,170493
860885,863936
860908,704069
860921,604786
860924,918720
860926,168934
860926,643593
860940,816693
860948,590766
860952,879792
860962,137454
860968,346059
860973,689410
860975,646529
860979,291837
860986,173507
860999,601571
861010,818977
861034,122943
861035,817289
861041,879606
861051,168414
861060,265103
861062,852191
861065,396815
861078,392212
861084,834081
861087,651239
861091,885110
861113,151768
861114,861194
861128,391534
861136,638092
861139,818183
861159,643970
861181,644533
861203,902634
861224,818999
861229,695968
861237,802818
861247,666189
861251,642321
861262,812207
861272,864575
861275,854521
861275,892440
861290,596260
861295,641334
861298,163477
861310,821214
861317,255205
861325,814211
861360,818928
861365,172346
861368,866318
861392,813254
861396, 90836
861402,274220
861414,889366
861418,818334
861430,652478
861433,871053
861439,414549
861441,642614
861443,818093
861470,649442
861474,653991
861479,821487
861480,193777
861487,655286
861501,638642
861505,816112
861513,840061
861519,386803
861528,814936
861532,609740
861537,213000
861538,872926
861549,905844
861563,664580
861570,883815
861571,870746
861574,283138
861589,879525
861600,395465
861614,821645
861640,304131
861644,867075
861647,903774
861660,612686
861660,818355
861664,295293
861670,865290
861679,815364
861683,639574
861690,921974
861701,101348
861713,631471
861724,887660
861728,820035
861739,815674
861739,872616
861748,239906
861754,133882
861758,291022
861771,294126
861791,646818
861808,875075
861811,253870
861816,819503
861825,151859
861858,464330
861882,629773
861885,247649
861890,951162
861911,137338
861914,288988
861914,818919
861921,815236
861922,262917
861925,823543
861927,885353
861941,818140
861941,815184
861944,874693
861945,814271
861949,814529
861956,402812
861958,818404
861983,252239
861988,394649
861991,395240
862009,509955
862015,631874
862020,398473
862030,253965
862034,656837
862050,816004
862050,814493
862059,565178
862059,374088
862064,265336
862067,266978
862072,144247
862089,253549
862091,683597
862093,818872
862107,814289
862127,814192
862132,291164
862137,905170
862149, 83620
862154,398348
862162,655710
862163,123164
862163,256708
862163,900737
862163,286404
862167,815577
862179,813299
862181,868419
862203,402863
862203,237712
862220,293308
862224,890393
862230,290881
862252,603232
862253,178002
862256,388834
862257,954327
862265,280133
862267,901439
862271,149629
862272,871125
862275,817242
862280,277450
862303,868261
862305,813959
862323,863536
862324,958014
862338,888120
862340,646044
862341,891371
862345,814317
862351,866866
862366,633837
862368,815765
862370,628506
862376,868051
862385,240121
862396,651794
862407,812573
862417,816841
862452,818655
862454,822604
862469,269976
862472,649649
862478,861253
862479,313758
862480,820118
862485,282425
862487,633874
862489,837576
862508,614922
862509,816893
862509,277437
862511,866995
862515,824584
862520,813688
862532,664314
862534,254510
862539,814584
862541,647146
862541,266919
862544,819070
862548,273820
862556,915564
862558,869780
862584,292035
862592,662590
862594,819090
862594,818150
862601,895673
862604,943049
862614,286724
862621,148786
862627,818187
862628,648964
862640,636929
862661,385916
862675,813754
862675,290689
862701,811442
862704,176111
862708,684435
862716,863447
862727,140866
862738,270893
862742,401109
862742,674076
862749,118586
862750,148740
862757,138778
862774,877716
862776,864323
862786,820444
862786,813131
862793,888563
862796,816461
862796,818529
862796,821449
862806,268422
862807,868381
862810,635222
862811,815757
862826,403249
862828,815446
862833,166964
862834,819977
862834,618026
862838,810571
862861,174743
862877,107961
862884,493440
862893,818814
862905,960268
862911,112632
862914,818307
862916,164150
862922,815530
862928,839684
862929,815659
862932,817917
862934,817752
862935,918305
862944,864647
862948,867671
862970,132304
862975,820518
862975,818441
862978,602620
862986,885175
862990,643843
862993,292522
862997,813752
863024,294487
863025,816538
863043,815578
863048,814780
863049,536894
863054,813808
863057,891024
863080, 78239
863082,299147
863082,821241
863089,119734
863090,913127
863090,816980
863092,642300
863095,867914
863095,820129
863105,272668
863106,854612
863113,867653
863114,865959
863117,818151
863117,398505
863125,911477
863128,121111
863129,263696
863143,161531
863152,820931
863161,821418
863168,705430
863171,817240
863172,818282
863176,889643
863188,674396
863189,814925
863204,867811
863207,298295
863212,815759
863218,693835
863219,607134
863220,266689
863226,185371
863227,814051
863232,289069
863238,151237
863240,904458
863242,139673
863243,628381
863243,864190
863263,627161
863264,245086
863275,815193
863278,393431
863278,259436
863279,628743
863280,645454
863318,288084
863324,872913
863326,816876
863334,817761
863366,820104
863370,816772
863376,870604
863378,621527
863381,654909
863383,537216
863385,819164
863388,817029
863397,878313
863417,649731
863417,866995
863427,816032
863434,816601
863444,819382
863449,597445
863454,324657
863455,663893
863465,236341
863467,819061
863468,818653
863471,817047
863471,817755
863472,622548
863480,814533
863481,231965
863488,925526
863489,191918
863503,724927
863517,813248
863529,813883
863532,667930
863532,818574
863535,870433
863538,867457
863543,125760
863549,297614
863551,260134
863551,813970
863558,633254
863559,640960
863560,680541
863570,613405
863574,813866
863579,299123
863580,813658
863580,100131
863588,308788
863589,307268
863591,815337
863599,432344
863600,817200
863603,243337
863609,147235
863621,641860
863628,179084
863639,816305
863643,818028
863645,284946
863658,815313
863666,184563
863670,265619
863674,929196
863678,815231
863683,650261
863686,817725
863687,248944
863698,870368
863701,819282
863702,612794
863707,663585
863738,816806
863751,816141
863751,112768
863755,816205
863756,821721
863767,279846
863768,638618
863778,889751
863783,814246
863785,816833
863787,645309
863793,698307
863796,821445
863802,293747
863837,287820
863844,274618
863844,662601
863849,870783
863852,819938
863853,683528
863867,818664
863870,816103
863871,864556
863881,387054
863886,629649
863886,151810
863892,628494
863902,408974
863902,815220
863919,262497
863922,864207
863924,819235
863925,631204
863928,814808
863938,818435
863943,815162
863949,816563
863956,634706
863957,872365
863960,910001
863966,816994
863972,816691
863977,818659
863983,819104
863987,809976
863997,306701
863998,848129
864001,815966
864002,150570
864008,271674
864013,818027
864017,815114
864025,816014
864031,819000
864036,871809
864036,643301
864038,884923
864041,815843
864042,811957
864042,670385
864046,813704
864051,820076
864053,259780
864056,815043
864066,631952
864074,503250
864076,817928
864081,653200
864099,817677
864103,818354
864105,814489
864112,819086
864131,872891
864134,900137
864144,686047
864147,813702
864151,565174
864158,822428
864161,814021
864163,815439
864167,925606
864172,868826
864176,815588
864177,609174
864198,847761
864202,413936
864204,814326
864212,276189
864212,237718
864213,279184
864214,812290
864217,940544
864239,871004
864242,868615
864245,612666
864247,884896
864248,817075
864251,820358
864253,855453
864257,819011
864265,826618
864267,620499
864267,251779
864275,818635
864284,818321
864288,818919
864299,817907
864301,283931
864302,432450
864303,864716
864311,141752
864315,283048
864321,814937
864326,277735
864333,817692
864339,819240
864340,815750
864342,816898
864342,822746
864345,823349
864345,866369
864345,263422
864350,824159
864351,259321
864356,818489
864370,818353
864375,875245
864376,621221
864385,818541
864385,812820
864390,622724
864391,816458
864391,149773
864396,145643
864398,658216
864399,868198
864403,814547
864412,872102
864418,262728
864422,817834
864430,870278
864430,869431
864438,819219
864443,670196
864447,820697
864453,814454
864459,631372
864462,820944
864463,917731
864466,815770
864473,814721
864474,150429
864480,878566
864486,819591
864488,821017
864493,816640
864494,658867
864494,815949
864501,654047
864513,649230
864519,810634
864520,819351
864520,818882
864542,649593
864563,301465
864571,816191
864573,616238
864586,416369
864592,694848
864602,820087
864608,813356
864614,579148
864617,695995
864619,819491
864620,818655
864623,502820
864634,814860
864636,817453
864638,442551
864639,816360
864645,820500
864646,817182
864652,818001
864658,815421
864667,820966
864668,242469
864673,285281
864678,819283
864682,817261
864684,814223
864691,679608
864693,465488
864698,291872
864703,817920
864705,845376
864716,278162
864718,821602
864729,642033
864741,815176
864747,808810
864759,872329
864765,533822
864767,876369
864772,818386
864772,813266
864774,961147
864784,583021
864785,817125
864795,145753
864795,649308
864796,814633
864799,635946
864806,816380
864807,916429
864813,813446
864816,649459
864817,658459
864823,153625
864825,277716
864840,860900
864849,813663
864853,819863
864863,817644
864865,292693
864873,661994
864873,821853
864876,472403
864877,820804
864888,817530
864896,819770
864897,118796
864909,821296
864909,817259
864911,814081
864913,297196
864919,556837
864922,816746
864930,819654
864931,812198
864934,813407
864936,817480
864941,821285
864943,818992
864947,263867
864948,819178
864950,814184
864953,820299
864955,820397
864956,814624
864959,868336
864974,815427
864976,815703
864988,814647
864990,871243
864992,815857
864992,819054
864998,822652
864999,260019
865000,821391
865023,816928
865026,814967
865031,811109
865032,817863
865032,872932
865037, 81525
865038,814204
865050,187166
865050,818862
865051,817889
865053,820596
865055,813472
865063,823660
865065,816060
865066,265579
865069,139575
865072,822289
865074,818656
865075,327061
865080,897510
865081,819616
865082,813637
865084,893651
865084,893046
865099,816726
865100,851350
865105,816380
865109,815471
865109,870364
865110,814560
865111,881605
865118,143234
865119,818913
865128,869843
865136,818827
865138,683808
865139,871752
865147,297483
865156,819439
865160,123803
865173,819296
865174,817484
865175,815743
865177,813056
865186,815675
865191,813566
865205,319728
865206,629014
865210,864836
865212,819680
865215,660962
865219,911623
865219,813232
865233,813893
865238,817821
865238,870021
865238,815364
865241,815755
865243,140786
865245,641469
865246,813235
865252,280509
865253,817452
865259,815139
865266,187084
865270,814923
865272,812840
865281,814709
865282,299126
865283,857114
865288,270232
865292,900418
865292,812846
865294,816482
865301,283716
865303,816544
865312,814363
865319,652942
865323,818469
865324,818776
865325,251398
865325,867608
865329,817422
865331,818996
865338,813438
865342,869728
865344,817155
865345,851538
865361,179066
865362,693800
865364,818861
865365,309471
865368,294649
865373,929571
865397,280657
865406,814896
865412,671831
865416,818458
865417,852577
865422,819235
865423,275173
865429,814307
865432,663002
865432,818606
865436,816806
865439,652024
865442,817203
865444,872296
865444,920122
865448,823169
865448,813853
865454,816960
865472,816635
865472,818342
865474,818010
865478,911216
865481,870057
865483,816428
865489,821086
865489,452123
865495,163502
865499,654591
865500,818237
865505,820212
865508,265394
865508,619640
865508,516534
865509,812708
865515,816088
865520,258409
865524,817088
865533,272134
865542,656082
865549,490929
865561,676843
865567,817988
865568,851216
865583,822275
865591,665413
865598,817062
865598,817256
865604,611227
865606,812989
865608,275598
865609,273673
865611,821116
865612,814858
865614,815941
865614,819200
865623,837879
865632,819059
865637,815811
865638,813422
865642,887155
865646,819316
865646,246891
865647,817741
865648,154503
865649,126825
865650,668331
865651,817262
865658,566845
865658,277754
865670,869647
865674,253565
865676,142360
865682,290898
865688,596266
865689,814001
865693,272426
865694,153502
865702,817338
865715,811560
865716,847061
865725,812453
865726,813538
865729,816221
865737,884817
865748,818307
865749,650485
865751,867702
865755,871154
865760,818902
865769,819181
865771,815263
865772,820377
865772,820573
865781,569761
865782,872927
865784,250421
865791,812130
865798,102226
865806,655601
865807,815761
865808,488186
865808,820035
865810,132972
865813,812146
865814,180429
865826,283886
865827,497373
865828,652446
865838,814533
865852,926359
865859,817231
865859,817764
865862,820920
865865,813855
865872,815681
865874,663438
865884,820389
865887,867829
865889,869486
865898,818492
865900,810392
865901,821306
865902,669538
865907,816946
865922,817501
865935,815081
865939,644047
865944,816831
865947,820503
865949,869601
865962,862662
865964,874950
865966,815824
865987,812546
865989,815783
865997,818851
865998,821306
865999,818211
866008,813969
866013,817786
866016,817891
866021,868753
866022,817022
866027,818108
866027,812452
866029,870752
866034,815670
866037,814168
866039,871105
866047,867767
866048,819828
866050,612898
866054,817854
866060,820898
866061,869940
866068,270769
866072,866613
866080,818786
866090,619490
866091,647611
866093,818728
866096,281755
866104,120921
866109,866125
866116,817245
866116,816324
866117,817205
866138,816714
866139,822477
866147,822171
866151,813443
866154,819315
866157,881041
866160,817222
866161,817781
866178,820110
866178,822110
866181,818771
866184,815996
866184,821575
866196,814719
866198,265330
866201,623977
866203,264156
866211,479596
866211,870741
866215,277736
866216,818520
866221,814320
866222,615767
866226,819812
866228,878369
866232,890967
866250,298087
866252,815112
866254,818630
866259,813598
866260,816854
866268,865241
866268,817491
866275,873100
866278,817362
866279,823345
866280,869443
866282,820264
866282,819504
866282,814621
866286,433801
866291,291307
866292,818675
866294,819351
866294,620353
866299,892752
866304,818112
866309,922830
866312,819170
866322,815902
866327,819241
866327,877512
866328,819647
866340,141498
866351,315644
866353,814909
866370,408310
866375,253949
866388,260311
866406,815762
866407,878238
866409,870337
866409,816237
866420,388425
866427,819245
866432,816942
866436,817239
866436,816214
866440,499350
866442,823411
866449,603447
866453,648789
866455,867967
866455,259704
866457,278803
866458,817127
866461,816268
866461,404498
866465,813348
866465,876142
866475,128086
866476,677461
866477,268415
866481,816303
866482,817582
866486,818824
866489,394347
866492,636694
866493,816511
866495,814700
866498,656486
866498,818663
866506,716179
866509,817399
866530,652158
866531,864666
866538,819229
866546,821239
866547,816285
866551,264691
866558,839603
866573,817625
866575,818114
866577,820337
866578,810944
866581,584650
866585,817674
866585,273353
866588,817344
866595,817604
866596,817372
866597,818463
866598,817822
866609,813078
866610,814920
866611,816051
866611,686406
866613,817239
866614,624580
866618,295671
866621,814747
866626,868684
866627,817999
866629,818955
866636,834598
866637,815855
866638,819087
866639,816203
866639,115819
866639,819534
866643,819066
866643,815677
866651,816184
866653,821725
866658,871571
866664,814764
866665,825011
866670,819559
866674,865818
866674,819468
866675,812847
866678,878917
866679,274516
866681,159508
866682,864074
866682,867006
866687,282778
866691,384984
866721,814788
866724,815445
866732,815488
866735,819935
866737,796999
866740,817779
866742,825753
866745,122219
866745,816666
866748,819863
866749,817378
866756,816905
866757,815717
866761,819641
866763,818199
866765,640837
866769,817753
866781,814476
866783,820108
866785,285129
866785,821428
866785,644405
866789,151528
866806,169682
866806,816045
866810,820615
866811,819898
866821,888390
866823,814945
866823,815041
866826,817417
866826,819137
866828,871349
866838,620211
866842,871271
866842,297064
866846,819594
866853,162186
866859,820560
866864,817657
866872,821204
866878,871184
866886,819795
866886,817288
866888,819701
866896,813749
866896,285750
866902,811431
866905,608730
866915,814217
866919,132124
866924,820704
866932,816452
866933,811132
866933,822063
866934,808617
866934,812261
866939,874178
866945,669414
866952,819014
866957,816048
866957,815675
866960,820456
866964,816023
866968,817838
866970,275013
866970,817536
866973,817774
866975,867584
866980,818559
866980,819022
866982,817309
866996,819336
866997,869124
866997,818559
866998,818439
867000,810525
867001,818001
867004,815701
867007,811475
867013,885876
867016,816370
867018,815140
867019,813475
867020,870384
867020,818107
867021,870638
867024,817963
867025,823951
867035,812517
867040,731071
867058,675110
867058,651324
867069,815603
867072,621959
867076,815620
867077,812147
867082,822985
867082,814916
867084,811381
867084,814102
867087,814244
867092,938451
867101,821074
867120,817338
867133,817511
867134,815383
867136,819354
867137,816520
867142,286029
867151,655905
867160,817252
867163,202903
867164,301945
867164,654873
867171,599369
867174,819394
867176,865693
867178,819546
867179,271402
867181,815382
867182,905087
867182,820024
867184,151835
867192,808335
867195,653843
867196,818258
867202,816426
867205,814337
867205,866468
867213,814750
867214,819858
867218,821379
867218,865485
867219,812117
867220,816521
867221,817283
867230,817863
867231,822766
867242,819424
867243,818216
867246,819186
867249,594602
867255,821297
867262,820252
867266,850028
867266,813892
867279,301427
867279,819512
867279,816756
867287,867073
867288,815651
867289,140713
867289,683722
867290,476895
867295,823383
867296,814469
867299,813506
867304,820782
867312,818859
867314,812962
867316,815311
867324,818877
867324,818190
867327,277784
867328,871080
867331,672239
867332,813643
867334,816785
867335,818532
867335,245207
867338,819981
867340,816861
867340,812971
867341,133124
867347,816732
867355,813113
867356,820896
867361,859846
867364,814810
867364,646426
867366,813757
867372,310062
867373,821986
867375,818908
867379,661096
867381,178837
867381,256929
867384,820236
867386,815642
867396,817987
867409,816147
867412,814148
867417,814769
867419,264573
867421,871793
867423,870451
867427,261308
867432,128004
867432,817714
867433,867587
867438,816605
867439,817558
867441,267319
867446,814137
867478,816397
867484,817876
867485,877203
867488,821482
867493,818134
867495,819155
867495,829837
867497,818469
867499,817935
867500,113265
867503,822119
867513,820308
867522,821640
867526,866677
867539,813838
867539,654039
867543,819886
867549,279728
867549,819448
867552,886381
867563,866239
867565,818633
867565,813563
867569,864954
867574,652458
867578,816910
867580,818248
867580,279075
867590,175028
867598,817103
867601,659771
867602,816591
867603,814940
867604,813159
867605,660329
867608,812877
867611,816278
867613,675343
867616,299259
867617,691632
867622,128803
867624,614613
867625,816727
867629,819896
867631,860428
867634,818824
867635,243136
867637,813956
867642,658750
867644,813056
867648,815294
867651,648953
867655,814490
867658,643015
867665,817534
867671,820898
867677,821695
867679,817471
867683,815877
867685,819984
867687,817273
867690,818417
867697,920056
867698,814448
867700,923597
867706,676724
867708,654071
867708,642953
867710,815494
867711,813161
867712,819520
867718,592498
867722,814522
867738,817145
867741,813639
867744,815223
867745,813786
867748,901616
867754,954313
867754,869886
867770,818113
867774,817137
867779,613252
867782,817995
867783,819191
867789,272006
867795,284073
867797,870791
867805,819771
867808,815255
867817,816552
867818,819034
867826,818237
867826,813778
867834,895502
867836,278204
867837,816697
867840,816228
867847,816421
867847,876489
867849,820973
867854,821197
867859,813823
867861,816690
867863,813401
867865,817247
867868,817762
867873,179388
867873,820266
867881,406453
867883,617716
867887,818111
867890,816223
867891,814435
867898,877045
867899,867082
867901,815924
867901,664499
867916,813726
867917,818210
867917,148207
867919,816165
867925,821073
867927,258037
867930,272342
867936,302020
867938,821038
867941,819981
867952,810522
867959,818634
867962,144456
867963,814878
867966,816580
867975,813330
867975,409014
867976,816603
867981,813929
867982,820753
867988,817831
867988,825469
867990,871279
867990,817676
867996,872386
867999,447497
868004,814512
868026,821268
868026,813078
868028,607038
868029,307943
868031,817471
868037,870650
868038,867682
868041,395695
868041,266621
868045,304834
868047,644061
868053,815693
868055,863184
868062,814018
868063,190902
868063,813356
868064,816294
868072,814963
868074,814200
868074,655026
868077,819338
868089,818940
868097,817215
868099,819770
868101,812874
868109,814672
868114,820577
868129,820881
868131,817856
868133,644274
868137,692437
868139,817850
868140,812884
868141,818384
868143,139474
868143,619603
868143,167449
868147,815468
868155,820163
868160,819758
868162,278872
868162,877565
868163,816982
868166,817162
868167,818838
868177,125293
868179,812466
868180,868407
868182,813331
868184,258152
868188,818859
868189,871694
868200,841370
868204,820114
868204,277726
868204,713521
868209,818546
868209,865469
868210,815982
868216,816905
868219,882634
868224,274197
868227,283085
868227,125862
868233,818808
868239,701282
868258,270434
868264,815818
868264,819311
868267,277298
868267,852457
868281,156406
868281,867563
868287,119798
868287,893955
868297,642239
868298,815525
868310,283953
868313,602327
868319,817000
868327,241722
868335,818488
868338,820026
868341,819817
868350,814839
868357,163801
868357,904971
868360,819067
868364,817981
868368,823361
868370,132619
868376,818368
868378,862242
868378,815284
868379,820918
868380,819456
868383,111535
868386,870572
868391,818810
868392,816776
868392,820905
868393,873843
868399,502824
868400,817548
868400,816232
868405,816733
868414,103229
868414,819093
868418,852009
868420,869420
868420,815303
868421,253923
868425,639902
868426,815500
868434,881316
868439,785461
868442,246708
868456,821230
868461,811704
868461,619192
868468,111882
868473,273438
868476,819182
868482,819973
868484,814068
868485,818196
868491,176851
868493,101411
868495,822245
868495,621090
868496,815857
868502,811551
868504,891043
868506,818147
868508,816175
868521,696546
868522,817769
868526,815973
868526,824103
868537,868745
868537,819987
868545,610569
868549,807847
868551,821151
868566,818248
868569,812713
868574,868598
868582,627959
868597,821359
868598,819955
868598,867335
868600,872048
868601,266377
868601,165202
868603,156986
868611,817892
868615,201419
868615,817783
868622,817882
868626,911456
868641,818775
868642,818744
868654,175136
868659,871937
868660,639723
868661,869824
868670,871695
868672,852439
868674,817273
868681,825515
868684,819065
868686,132488
868690,289990
868699,818649
868707,899356
868713,820423
868713,873426
868718,813059
868721,814403
868721,405095
868725,818317
868726,820081
868730,872017
868731,173541
868733,906835
868737,660494
868744,601719
868745,818439
868746,814987
868749,816244
868753,661944
868753,816635
868761,817517
868765,871280
868766,866414
868772,813378
868780,857590
868793,697028
868801,821190
868801,879547
868802,151169
868806,297071
868820,119043
868826,867406
868834,906441
868838,817570
868846,820274
868851,817871
868859,686199
868871,869231
868876,822486
868880,816589
868882,868485
868887,818592
868901,870383
868910,861919
868915,908586
868925,824026
868930,147147
868934,817678
868948,820453
868949,814925
868955,818166
868956,622174
868966,639940
868970,815493
868975,822434
868980,554586
868982,819476
868984,813782
868995,893597
869001,869895
869009,820530
869010,821854
869012,840898
869013,815426
869017,814174
869028,821101
869029,818082
869042,265822
869044,815749
869051,815097
869055,818941
869058,813677
869059,816211
869061,818403
869078,811308
869083,815464
869094,814215
869095,816419
869108,818163
869111,818768
869121,304641
869123,664478
869139,816288
869145,677959
869151,816121
869160,840949
869163,817965
869168,613303
869169,819191
869177,818016
869178,815804
869179,889686
869195,819355
869202,264435
869211,816361
869223,813484
869227,281992
869239,810688
869239,872884
869239,817948
869242,295674
869245,817596
869246,872531
869252,170170
869259,273679
869260,817722
869261,625801
869276,115931
869276,818974
869285,677588
869286,266585
869296,821187
869298,843208
869299,816801
869303,302606
869310,644336
869315,270336
869316,823588
869318,252747
869327,667017
869328,413301
869337,838904
869342,667414
869343,820976
869352,815617
869353,813678
869353,814673
869363,818035
869364,542925
869367,122256
869400,815574
869409,817034
869409,161039
869410,817428
869417,812865
869419,611093
869421,819316
869428,816472
869438,641397
869451,870723
869455,818275
869460,868899
869467,870865
869471,604493
869473,281288
869484,812816
869487,295004
869491,818921
869493,849532
869497,858648
869497,611524
869499,869481
869499,815123
869501,871451
869504,653590
869513,596717
869515,822331
869521,818837
869528,819206
869529,115147
869532,663757
869532,260925
869543,820112
869556,819691
869561,620685
869564,670818
869567,884873
869568,835823
869574,819072
869580,818362
869581,868819
869587,821423
869597,813868
869606,816587
869608,870616
869612,652626
869617,818385
869624,814012
869624,869203
869627,691193
869647,295431
869655,816712
869670,820228
869705,871648
869721,943675
869726,817899
869736,822019
869752,814212
869752,643498
869759,816292
869776,899231
869777,288100
869787,816926
869792,815545
869794,614540
869795,820841
869796,820610
869801,869068
869802,887621
869817,253797
869822,814114
869824,870338
869824,625947
869845,820048
869857,813378
869860,671077
869861,816957
869867,635347
869880,892233
869887,821195
869895,818376
869904,815352
869909,815860
869920,657386
869926,814928
869931,870844
869952,815305
869952,816902
869963,823172
869973,819736
869982,244893
869988,119231
869989,126703
869992,922542
870001,902617
870003,819449
870003,260151
870005,270872
870012,818749
870016,818173
870019,816270
870021,821296
870023,890003
870027,663766
870030,868321
870036,816279
870038,653655
870042,492276
870047,816992
870051,149625
870057,816237
870058,818493
870069,131131
870076,817738
870081,285726
870084,817492
870090,819264
870108,277156
870108,615716
870113,299396
870113,819051
870116,872380
870118,816731
870122,823505
870122,267204
870123,277772
870137,280899
870149,283171
870153,813932
870154,817558
870155,267480
870161,820228
870163,298392
870185,658744
870197,867290
870200,869767
870211,871670
870213,299177
870219,818204
870230,817292
870237,817143
870240,815693
870245,154455
870246,654356
870250,698566
870252,819280
870252,507167
870264,818824
870285,858379
870290,665353
870296,822101
870308,820944
870309,306744
870349,815715
870363,646603
870375,820648
870378,440693
870380,818674
870380,816443
870389,810086
870394,814593
870409,657486
870411,814783
870412,282910
870417,818624
870421,813197
870421,813649
870424,819905
870428,817338
870432,818624
870433,815118
870439,814432
870440,816028
870441,939519
870452,406339
870455,616901
870456,259418
870461,287901
870465,271740
870465,872938
870470,816079
870471,816751
870473,105936
870485,138369
870489,815312
870495,870364
870497,614877
870517,640943
870525,817211
870527,639818
870532,615777
870540,812000
870541,284310
870546,130601
870549,650378
870553,816373
870557,815042
870560,910044
870568,907751
870571,858000
870574,816837
870574,816837
870576,421163
870583,664566
870594,645650
870595,819622
870598,274362
870600,817631
870608,816657
870608,816813
870615,676052
870616,817752
870642,102114
870654,610146
870656,813787
870683,170226
870694,821598
870695,817921
870698,816102
870700,821074
870720,659632
870725,260323
870745,670811
870766,825476
870776,149804
870778,913790
870779,935375
870785,810199
870795,626908
870800,811494
870809,820220
870810,231619
870832,287614
870833,922466
870835,814589
870840,818024
870843,821726
870851,815127
870853,268171
870857,822307
870867,819516
870868,816043
870870,883523
870879,115871
870886,817654
870894,610787
870902,817480
870911,276488
870912,311339
870914,577842
870917,151029
870920,260957
870926,819756
870931,917877
870937,847265
870948,659345
870950,275155
870952,901905
870959,299062
870977,164141
870979,866111
870983,818472
870992,818552
871009,294839
871013,823315
871017,158512
871022,275873
871028,603412
871046,254472
871067,127245
871069,868871
871074,870124
871080,465448
871113,239449
871120,818191
871128,876639
871133,656673
871138,679344
871142,892488
871143,303908
871148,268532
871150,816428
871158,119351
871159,816410
871166,869370
871168,819942
871180,257648
871187,249224
871188,814294
871190,253969
871213,385471
871227,856678
871241,652982
871246,282379
871264,157690
871270,273443
871272,818146
871282,821149
871288,631292
871293,815795
871297,820038
871324,624028
871324,817228
871327,822439
871335,283869
871341,122805
871356,411383
871367,909649
871376,250941
871377,882343
871385,868664
871392,260663
871404,819509
871406,617480
871418,237593
871423,937864
871432,247348
871435,135574
871435,286460
871435,285635
871450,910195
871453,872131
871458,816695
871471,311017
871477,691718
871483,869956
871484,621677
871487,813706
871497,815856
871509,817656
871515,883221
871524,865629
871526,614976
871527,635076
871540,898608
871540,900246
871548,266465
871553,651989
871557,870130
871560,650558
871562,229801
871566,817362
871567,611662
871573,598991
871577,136458
871582,815055
871588,545318
871590,594907
871591,615114
871610,815166
871635,865972
871639,619719
871656,249752
871665,822733
871671,814183
871677,810120
871704,268853
871712,818026
871715,652848
871715,821209
871726,648881
871727,676334
871742,646485
871744,638620
871755,817778
871761,294857
871767,813925
871772,264379
871772,633673
871775,818704
871786,883685
871789,807330
871796,273290
871808,262852
871824,886671
871829,813593
871829,816568
871841,969985
871845,867020
871860,644936
871861,636620
871862,813201
871865,882895
871866,645261
871870,652455
871883,870111
871909,305581
871910,814352
871920,161534
871925,894810
871927,291480
871929,661062
871935,819775
871937,245526
871945,663705
871946,818107
871980,646355
871986,819137
871989,503943
871994,849804
871997,216753
872003,291020
872015,645372
872039,308079
872042,119632
872043,874563
872048,408961
872070,455950
872071,818217
872082,815303
872096,817814
872108,431641
872118,892839
872123,641712
872129,149562
872139,278246
872141,366774
872142,297503
872164,814383
872184,347197
872186,132651
872205,119271
872205,643834
872227,278913
872233,677241
872236,279647
872264,660798
872273,143004
872278,649709
872283,248134
872284,267878
872287,496514
872294,929227
872301, 88434
872306,821027
872307,866880
872326,175742
872346,820670
872379,815874
872387,259301
872404,817193
872407,875872
872417,613932
872438,287633
872439,867762
872448,259884
872457,815160
872460,648140
872463,113947
872481,290198
872481,292845
872490,901725
872500,627286
872508,902389
872515,134806
872521,280498
872525,824111
872528,300048
872532,693139
872535,820533
872541,922379
872559,868664
872562,818735
872581,282416
872586,853757
872608,102215
872615,245563
872649,641213
872652, 97592
872683,118036
872692,119634
872702,818034
872719,664230
872723,294147
872744,888701
872748,904857
872749,654644
872758,483569
872759,820885
872784,814532
872785,819227
872796,160309
872799,817285
872804,819222
872816,819665
872824,267958
872824,815609
872828,821318
872830,301227
872833,264125
872841,239478
872860,229766
872863,132931
872867,110718
872886,636466
872903,816805
872920,270684
872923,182763
872939,889625
872948,921676
872961,264237
872968,283251
872979,818761
872989,814696
872990,117979
873017,285763
873025,817317
873029,629207
873029,809475
873038,171390
873043,626485
873056,393254
873059,914534
873074,876501
873079,814786
873081,914685
873087,273313
873093,640903
873098,668242
873121,142065
873133,138249
873135,886758
873136,246981
873138,820262
873138,461379
873150,277877
873154,275120
873165,665923
873176,307500
873193,819604
873205,630087
873215,137494
873224,112251
873233,146035
873235,867567
873262,144018
873264,815937
873284,281495
873291,659273
873296,136175
873314,130234
873314,132902
873327,286440
873338,272308
873347,284935
873351,813128
873357,851063
873363,685897
873368,629478
873398,879860
873401,611236
873402,675984
873420,975393
873422,867062
873439,636600
873447,932977
873480,816655
873498,128795
873518,865221
873554,596067
873558,925185
873564,893163
873566,614339
873601,871824
873609,112461
873612,896772
873613,868810
873614,286062
873621,298317
873634,292141
873640,296658
873648,656525
873661,260156
873692,949565
873709,874058
873720,887206
873729,621793
873731,586950
873754,102499
873754,148292
873756,648105
873757,123908
873772,664479
873790,238276
873792, 93075
873794,241526
873795,282763
873807,815087
873815,892221
873824,879372
873847,639055
873853,175167
873856,654196
873890,278867
873926,668946
873929,286447
873929,874442
873936,157300
873941,857004
873943,659907
873944,816574
873971,664145
873980,631354
874007,267033
874022,268622
874023,923168
874043,132298
874062,265493
874087,290948
874102,647341
874114,156556
874114,146005
874124,125161
874163,161287
874165,887247
874172,340469
874174,674195
874207,851743
874208,874532
874216,898331
874220,270786
874258,864190
874262,652508
874266,261988
874275,949832
874300,846148
874322,133623
874359,665661
874366,913593
874391,263386
874391,629790
874398,142596
874409,643588
874426,910067
874433,303922
874436,302336
874441,839660
874466,638266
874482,162458
874484,401394
874491,145071
874548,916366
874560,118652
874569,156026
874573,829762
874574,813930
874589,273474
874617,276427
874626,817387
874632,648256
874639,655006
874653,269530
874664,265651
874672,118801
874678,639705
874679,286007
874680, 96526
874702,126265
874708,640303
874709,295720
874712,669335
874727,626634
874732,618675
874746,692471
874751,683413
874764,276213
874764,259895
874772,831150
874781,882849
874783,124312
874832,283668
874832,631923
874837,655562
874857,292943
874870,278934
874911,275432
874917,257521
874924,417784
874952,261729
874969,248467
874982,133020
874985,279683
874990,649256
875024,892345
875030,395871
875031,313511
875047,878368
875057,138277
875059,186563
875067,129444
875078,130063
875095,616424
875105,613963
875115,652333
875136,917158
875143,911598
875151,255875
875157,269379
875161,926023
875169,300205
875188,203261
875192,175933
875207,265988
875221,629525
875224,907181
875242,608447
875250,657945
875253,859924
875274,890403
875275,645136
875280,166352
875300,181823
875306,225760
875310,821554
875313,141635
875353,609436
875358,164308
875367,126290
875379,663920
875382,634670
875390,146307
875405,780677
875405,626482
875409,166675
875426,256957
875434,142072
875436,671260
875457,269119
875471,267170
875473,816661
875483,279571
875505,267602
875527,864169
875528,138833
875541,649048
875571,161173
875571,861163
875571,277374
875580,640337
875593,685907
875594,862484
875594,278782
875612,638334
875615,214357
875635,865137
875641,311272
875649,856430
875657,873909
875657,280356
875668,623587
875675,839869
875683,875414
875683,887661
875723,631790
875726,630161
875727,564473
875738,259956
875759,865682
875776,854492
875778,881156
875781,150305
875781,628791
875811,697614
875829,248621
875842,156192
875843,926536
875848,265533
875853,296463
875873,257238
875909,910833
875910,885357
875913,193301
875917,269729
875925,603457
875952,240748
875961,617830
875969,259694
875970,627386
875975,296531
876018,552965
876025,911752
876031,133651
876036,273608
876037,253136
876043,630338
876044,657001
876044,122560
876054,300716
876088,686627
876096,656655
876128,301407
876134,127740
876142,599316
876146,271140
876147,832133
876158,654199
876160,133111
876185,645736
876187,248074
876203,639508
876214,670600
876216,586738
876223,144012
876232,150988
876236,841987
876267,303728
876281,154951
876287,279492
876292,615538
876300,920612
876312,277601
876320,911666
876330,140123
876337,621511
876338,913831
876340,602219
876355,297714
876369,117986
876380,614644
876404,687164
876408,258175
876415,816457
876419,109703
876439,896743
876444,254237
876445,651703
876445,284191
876472,152810
876472,299997
876511,281752
876513,873653
876536,396016
876559,662523
876563,650216
876570,881955
876586,866093
876614,294363
876619,912959
876639,872797
876649,506924
876654,129914
876657,654335
876683,280012
876684,635482
876692,257489
876692,133402
876697,272450
876711, 98956
876718,646155
876741,643820
876743,146302
876753,290571
876766,648139
876790,879901
876798,129259
876812,673586
876821,859334
876825,289317
876827,248262
876838,628271
876839,260212
876839,627805
876865,946725
876870,283409
876894,900002
876897,273249
876905,274730
876915,225053
876920,297229
876946,639783
876950,665981
876956,267508
876963,274097
876979,164760
877007,499135
877009,680407
877016,161950
877092,647498
877105,828865
877106,177951
877147,141345
877157,896420
877164,656828
877178,655335
877205,495537
877234,266679
877240,275750
877241,289671
877246,506933
877273,850857
877279,371044
877295,100591
877309,867062
877311,288451
877320,258935
877340,660638
877351,306881
877356,913271
877384,317358
877391,925360
877393,499330
877401,274538
877432,623428
877432,151182
877444,129755
877445,678130
877458,297918
877464,920572
877509,668413
877509,294338
877521,706266
877522,157046
877529,265085
877559,656404
877559,673531
877585,858885
877585,629427
877602,875115
877612,165912
877634,131380
877642,589760
877654,401174
877710,291928
877712,161994
877716,687254
877750,889437
877751,658170
877757,108137
877785,266372
877794,649918
877799,892081
877812, 89453
877814,609690
877825,874713
877832,255363
877849,134837
877870,668028
877873,141256
877891,124905
877930,810060
877935,278089
877940,281963
877941,660867
877972,854559
877982,280398
878001,407583
878037,424797
878058,282560
878061,913892
878074,624097
878078,112381
878095,832816
878096,632615
878103,646936
878130,645250
878182,139424
878204,642432
878208,698061
878219,623694
878223,271060
878250,415641
878268,130890
878288,664244
878313,892177
878316,644764
878327,285602
878339,276610
878347,629243
878355,114405
878391,662385
878394,247071
878417,621292
878426,907004
878428,658476
878449,913637
878456,890295
878487,922787
878513,662196
878515,940058
878525,248951
878530,664902
878536,271779
878555,144774
878570,694855
878576,828502
878588,921722
878590,270045
878598,301866
878604,258883
878605,634559
878607,298357
878613,128449
878637,295576
878652,282774
878660,291017
878676,894381
878696,638936
878709,638395
878712,137506
878729,586259
878742,280111
878760,680878
878761,883086
878761,109094
878767,132683
878786,720252
878825,407455
878834,866583
878849,651604
878868,105796
878873,393371
878891,636024
878899,669074
878921,285258
878925,879227
878926,488946
878940,889083
878947,413188
878961,692594
878964,288027
878987,143866
878987,868404
879000,613191
879011,266371
879022,857423
879024,134541
879025,276112
879026,624589
879037,882878
879045,137208
879075,628538
879079,304648
879107,691260
879136,151878
879156,287366
879166,498084
879168,151161
879174,410443
879192,616126
879194,255813
879214,670126
879237,464358
879241,633149
879246,159367
879259,129601
879263,670978
879268,114842
879276,264133
879286,257586
879332,676206
879333,581326
879363,654702
879368,886618
879387,180323
879419,277533
879425,856106
879431,613464
879454,643471
879461,883842
879462,892267
879466,687451
879483,271809
879493,172097
879499,886316
879505,263406
879517,640980
879521,687082
879523,645124
879527,280431
879543,687749
879549,860235
879554,622946
879564,657357
879653,327831
879670,850077
879673,176054
879686,150627
879702,603617
879708, 86618
879718,270850
879729,284020
879735,263576
879744,266600
879758,297992
879759,475156
879764,112721
879776,640911
879777,710723
879783,649882
879803,639022
879837,132405
879854,642470
879879,407301
879923,922337
879948,877340
879952,124554
879954,616240
879957,157505
879982,639425
880005,665775
880019,269116
880020,593089
880032,258747
880041,880056
880066,628731
880069,890942
880074,851565
880083,826467
880097,252525
880117,132486
880123,877389
880126,675728
880143,862867
880144, 81807
880151,875245
880159,647628
880197,646750
880201,289852
880255,903957
880266,618478
880279,112194
880294,263424
880320,224712
880323,165949
880336,139653
880339,122629
880340,869074
880341, 94500
880368,868054
880380,893704
880388,265197
880402,631966
880430,259263
880437,616719
880441,132798
880443,268159
880446,170803
880460,106908
880473,892457
880499,123683
880524,265233
880558,850629
880568,396139
880572,857210
880597,291551
880606,878781
880612, 93842
880619,430725
880619,823913
880621,403792
880627,249778
880639,314345
880665,300477
880679,252974
880688,644207
880698,140981
880709,280276
880730,280418
880737,465541
880749,490212
880802,629721
880825,315547
880829,606436
880850,387409
880862,243734
880888,633769
880896,675760
880901,308244
880902,624273
880903,266062
880985,122831
880986,618358
880996,273427
881036,640347
881081,282271
881089,888009
881096,600750
881136,379871
881140,586243
881148,766799
881150,903915
881153,667107
881172,639807
881201,638645
881215,876084
881225,608130
881228,936777
881228,858161
881236,145149
881242,889194
881252,298443
881258,666090
881272,358477
881274,856130
881284,268850
881312,157186
881340,250506
881341,109932
881363,621822
881364,302275
881364,470991
881388,856641
881395,286042
881411,147182
881415,578792
881428,173039
881434,270354
881469,647363
881470,628112
881489,125666
881501,112896
881507,265753
881520,264845
881521, 96350
881536,630531
881544,784331
881548,306942
881556,128014
881556,181608
881575,105722
881622,602622
881645,127299
881669,148349
881716,778901
881795,647782
881800,292111
881827,282304
881836,310833
881841,276826
881861,609444
881866,275471
881872,294041
881872,924184
881872,126864
881874,457860
881880,121018
881900,285990
881900,294550
881906,172498
881907,667114
881917,901741
881921,614357
881935,131401
881941,281301
881951,276202
881953,654901
881975,913000
881977,281712
881982,650502
882020,610003
882035,891176
882057,665505
882065,887950
882077,268803
882090,120250
882096,274068
882108,278394
882127,616908
882128,663786
882152,859615
882161,656786
882164,434117
882164,487447
882171,160671
882181,281263
882193,660673
882224,640044
882249,622666
882289,870744
882293,278319
882295,647888
882296,127595
882314,391755
882315,903922
882323,150819
882358,912053
882376,856248
882396,854125
882398,140197
882407,620938
882409,131699
882417,406857
882420,122641
882446,265868
882478,304929
882482,635171
882483,284509
882504,909468
882516,659562
882518,925785
882535,860676
882536,645153
882538,153098
882574,654049
882578,851228
882582,874483
882594,900850
882604,286232
882608,148518
882619,835229
882643,413300
882647,825081
882655,622144
882662,907924
882674,889504
882688,286147
882710,463310
882726,478892
882738,299896
882751,658339
882757,282049
882757,650313
882760,310958
882775,614477
882784,654520
882817,165999
882852,302911
882875,629026
882875,167117
882896,138035
882915,609359
882919, 86796
882928,126366
882945,920230
882946,683916
882953,473325
882963, 98705
882973,126841
883007,593617
883023,860731
883044,833826
883083,649025
883102,586024
883141,670761
883141,620570
883181,237386
883192,459996
883206,653047
883210,140403
883227,399778
883273,890256
883276,248240
883284,130137
883286,673479
883311,927599
883311,660787
883335,152325
883347,647798
883350,657842
883361,956983
883362,887304
883367,582903
883375,413446
883381,478537
883387,131730
883391,136132
883403,679892
883406,287145
883434,771371
883460,205550
883463,785707
883463,372637
883465,280361
883465,246393
883467,260453
883468,610462
883474,658949
883516,649646
883530,437000
883532,691973
883568,614319
883570,178097
883587,264270
883596,396242
883604, 67426
883605,385209
883610,618345
883631,917993
883683,279182
883695,820147
883698,622158
883701,634346
883704,228466
883714,280369
883724,629119
883728,276418
883740,411698
883747,632213
883760,146649
883764,123485
883767,290650
883773,144369
883775,650404
883776,838311
883817,388399
883933,853093
883939, 81652
883976,475283
883977,242872
883978,297106
883982,676218
884027,653280
884032,665356
884042,622207
884048,751324
884054,668502
884060,797998
884073,406362
884080,644664
884088,169260
884093,136434
884098,487738
884104,302722
884105,471134
884121,643094
884125,611292
884136,104990
884138,119059
884159,390405
884175,604446
884196,595442
884207,885144
884222,137749
884255,664063
884266,441906
884294,900248
884319,909306
884325,167220
884328,417488
884339,460269
884347,854119
884372,104048
884372,639967
884374,446072
884377,687024
884384,409977
884404,118148
884416,132264
884426,495008
884432,884073
884438,671641
884448,441641
884451, 98178
884455,613906
884487,654844
884498,376841
884519,305377
884525,179115
884526,117637
884541,260208
884550,148429
884564,149958
884569,598506
884595,136895
884603,632364
884618,665715
884622,136905
884630,130198
884668,297620
884669,677248
884672,865811
884684,606456
884698,484894
884703,199566
884723,139915
884729,280681
884735,429996
884736,389810
884737,542439
884741,938236
884767,400351
884773,151368
884815,630897
884822,697937
884833,627760
884857,277550
884859,171631
884873,641440
884873,273923
884891,133271
884894,889611
884930,128829
884936,649676
884940,922623
884955,126226
884972,866722
884977,131898
884977,129554
884984,623873
885005,120489
885014,889160
885078,290157
885097,596323
885103,413286
885110,262993
885111,653126
885128,117072
885141,166448
885145,618044
885150,107308
885174,404846
885190,145489
885191,927613
885199,661647
885252,662650
885252,652757
885260,789510
885264,902247
885287,427023
885310,467166
885342,424817
885348,108837
885352,118147
885359,130657
885360,616622
885371,297363
885392,118255
885408,675647
885426,637052
885439,402270
885442,304589
885465,611430
885466,911981
885490,465549
885509,133691
885532,285105
885535,636849
885537,122124
885537,780933
885550,132759
885554,624786
885554,422059
885570,490281
885574,272692
885583,382565
885584,655499
885585,246185
885628,291002
885641,143451
885648,665273
885649,289425
885651,914409
885651,158638
885660,656636
885660,138181
885668,923094
885670,292458
885678,108645
885681,273541
885720,635831
885751,644012
885754,125432
885763,109370
885772,119243
885787,409187
885789,483757
885796,922577
885806,149669
885810,659620
885827,563188
885832,617738
885845,238030
885870,249892
885876,858628
885881,142601
885902,379942
885907,906826
885907,606411
885918,781543
885923,627096
885927,667185
885931,861171
885971,135634
885979,877929
885991,141659
886006,885410
886014,138030
886016,277405
886020,145772
886028,119542
886028,626387
886049,145820
886051,284233
886054,163258
886055,169267
886069,137651
886090,282691
886092,377279
886098,259243
886116,119604
886133,264466
886135,664224
886136,235140
886175,876530
886179,577713
886233,875173
886233,302465
886264,149095
886268,629309
886283,872625
886294, 80207
886294,850029
886300,237394
886307,129056
886320,123896
886337,843419
886344,913039
886350,760446
886384,172647
886387,118834
886387,170969
886392,264571
886406,631124
886407,643340
886408,689835
886414,848497
886429,654094
886446,157357
886464,899342
886473,281992
886488, 89665
886548,182690
886549,931289
886561,267697
886573,379436
886610,816659
886629,279378
886641,266446
886647,684946
886659,394824
886669,614852
886672,292078
886682,464138
886682,610392
886701,260521
886711,479177
886716,616269
886750,166475
886753,296934
886763,410888
886773,484675
886773,168343
886785,426484
886788,117422
886796,282754
886811,417055
886822,483098
886826,880885
886827,163162
886827,669449
886839,134067
886846,850553
886856,409349
886871,122688
886879,616120
886884,125756
886885,265790
886906,257100
886907,462845
886938,904487
886939,476568
886964,150841
886966,130741
886977,163707
886991,273950
887019,466185
887022,912600
887030,943635
887032,864240
887040,668436
887041,696227
887050,281306
887059,142459
887060,296430
887060,865046
887067,125706
887073,281678
887076,297345
887081,634379
887081,143034
887086,285281
887096,100764
887098,619264
887098,781441
887101,587316
887118,660883
887126,896152
887126,929359
887135,268258
887174,881983
887198,422076
887212,693207
887217,643538
887232,422722
887238,459950
887251,170082
887290,643441
887290,618048
887292,131407
887296,162287
887303,621234
887313,405863
887324,886211
887359,314706
887363,144903
887367,157937
887371,903594
887387,855994
887464,134146
887468,280259
887481,258851
887482,282186
887510,251867
887523,634026
887530,106972
887550,424671
887581, 96250
887600,108800
887613,627980
887633,639453
887655,117901
887659,392637
887664,395945
887683,652470
887685,199499
887689,140992
887702,465001
887717,382206
887728,109532
887761,128599
887786,152153
887794,676394
887795,250883
887801,678607
887823,462789
887830,117288
887834,148047
887834,255606
887861,642887
887885,115916
887888,617260
887900,423988
887900,924063
887907,657879
887916,893646
887990,101405
887997,473880
888000,467672
888008,457251
888014,111331
888033,186993
888038,671959
888053,411554
888054,446093
888068,652125
888069,671662
888083,621487
888125,160161
888134,128241
888144,661220
888145,879378
888147,278775
888178,844203
888183,152065
888187,409160
888191,867718
888207,664821
888257,245076
888269,128962
888270,297647
888323,134444
888333,488812
888335,283926
888348,649267
888383,852356
888392,865243
888404,140245
888406,175106
888408,669137
888411,461460
888419,592015
888473,154760
888495,144860
888496,472920
888504,383128
888511,104001
888531,851904
888552,645553
888569,400386
888598,629492
888653,281884
888653,152527
888658,390799
888664,643852
888665,476140
888666,408983
888671,900833
888704,284549
888733,393303
888734,605461
888742,827672
888743,131683
888815,660451
888819,150100
888823,631490
888837,276469
888842,147492
888849,646610
888857,841711
888883,904224
888919,658107
888925,242229
888928,466515
888931,137635
888940,769850
888960,114254
888966,190230
888968,928548
888987,128172
889005,404140
889006,137493
889020,117049
889064,423657
889076,421631
889080,107790
889081,124437
889089,776859
889090,897220
889095,465429
889096,279334
889110,620059
889117,316024
889120,777833
889129,267295
889137,301877
889162,664191
889180,449977
889195,844019
889205,268846
889256,121863
889268, 81596
889282,283360
889309, 97527
889371,479165
889398,640895
889401,640322
889412,668176
889438,777831
889443,676564
889460,121497
889477,293024
889503,614678
889517,504030
889524,389163
889527,475246
889544,630020
889550,431010
889551,861953
889556,286179
889560,672463
889562,662341
889564,478682
889567,156881
889596,589970
889634,318573
889637,133074
889641,459272
889646,660663
889650,908268
889658,447197
889658,455426
889662,591994
889667,145054
889684,127415
889686,308190
889687,286993
889689,127980
889713,490104
889717,290217
889745,909909
889764,151981
889780,145937
889798,271378
889808,479177
889836,164788
889839,881674
889864,600273
889871,633643
889876,276356
889879,867987
889908,658573
889917,655834
889936,297137
889940,127326
889960,111504
889975,644586
889983,151288
890004,782216
890012,414589
890021,396873
890037,904435
890058,126388
890075,128077
890102,648122
890104,882148
890112,116449
890138,627104
890150,141490
890156,143264
890173,269253
890224,129365
890227,764262
890244,111384
890251,638946
890252,499004
890260,470618
890281,398993
890292,110155
890301,415005
890305,255501
890317,874726
890326,639828
890340,125788
890349,362621
890375,693979
890431,437493
890432,392475
890445,448962
890462,767703
890478,100321
890481,628459
890487,645384
890503,470471
890530,469021
890564,233071
890569,865626
890569,647561
890577,466774
890591,270226
890599,143103
890599,289907
890603,630348
890604,110965
890606,290797
890622,634180
890655,644909
890656,700485
890676,271491
890684,133803
890691,658424
890692,125047
890717,468812
890719,851398
890722,923828
890725,843731
890726,131109
890739,429666
890742,937470
890750,155276
890750,502709
890756,648853
890777,118790
890785,668239
890820,138994
890823,108837
890835,400114
890837,476573
890844,401030
890864,472570
890864,285531
890901,874349
890913,288832
890920,508077
890921,147034
890922,666741
890930,636089
890953,169966
890958, 85882
890960,681948
890966,140739
891004,268512
891019,785284
891031,707136
891051,357046
891063,658004
891063,167637
891076,151266
891076,119737
891087,664142
891117,144751
891124,146259
891129,169326
891142,890849
891142,473856
891172,847149
891188,108864
891223,454159
891232,639989
891246,458027
891260,398621
891260,165158
891262,474727
891290,398738
891305, 94380
891308,107265
891321,652890
891323,125797
891339,642527
891343,652511
891355,385920
891368,404742
891369,952246
891385,440538
891395,114907
891404,253939
891405,689186
891407,474000
891410,848402
891429,403269
891452,482026
891455,299342
891472,394932
891477,895990
891479,288820
891492,481266
891499,495890
891508,286319
891532,777784
891536,474847
891591,773805
891596,471884
891599,495055
891603,651453
891617,274239
891618,110286
891651,657279
891658,303413
891683,122066
891707,472869
891727,858202
891744,865283
891757,422705
891767,473125
891776,275931
891799,262520
891805,282128
891820,625480
891826,892469
891864,283373
891867,640281
891897,141303
891899,936389
891906,392754
891937,608025
891942,784608
891950,621603
891954,265157
891960,685262
891975,905652
891976,132763
892001,286509
892003,787742
892010,589974
892014,441548
892051,634363
892113,783740
892137,635693
892141,420786
892153,478271
892154,109675
892168,134606
892185,143523
892208,484265
892223,475972
892225,412432
892246,130588
892305,657079
892347,413912
892357,106360
892385,893745
892389,132264
892393,881459
892394,390157
892397,150510
892409,372548
892420,146321
892461,898983
892464,661206
892496,394746
892519,767054
892524,650266
892525,654809
892612,637646
892636,147652
892675,400908
892694,149974
892694,775650
892701,865206
892738,151876
892743,142837
892744,854368
892747,127921
892751,269823
892784,406568
892804,114622
892838,488786
892865, 79308
892884,124145
892894,112065
892895,608507
892904,462060
892909,459951
892928, 94888
892930,413634
892935,488238
892957,117275
892976,857752
892979,275849
893012,898546
893017,615465
893041,692871
893065,870801
893075,873040
893104,147505
893106,866827
893112,468707
893135,767169
893152,876679
893158,625531
893159,405427
893184,406094
893231,128397
893235,266364
893236,417740
893248,429758
893290,129551
893306,464046
893334,400256
893343,681613
893347,111977
893379,855985
893411,140103
893447,916042
893469,866293
893508,642946
893520,785829
893539,148338
893546,139956
893568,126457
893569,149429
893572,529358
893580,588489
893585,111224
893593,128891
893610,445933
893631,152275
893633,865522
893650,592998
893663,898599
893670,461532
893671,141039
893676,433344
893687,504184
893706,427027
893710,455196
893714,460328
893725,272665
893729,267579
893796,273274
893900,394773
893920,875618
893934,141565
893935,381599
893961,112183
893967,132172
893972,390331
893978,460993
893993,247899
893999,606518
894000,112654
894000,179984
894024,896417
894034,261450
894062,149973
894067,176161
894075, 90491
894132,623851
894133, 82651
894142, 84851
894144,174007
894144,110748
894161,673946
894209,874419
894247, 71578
894251,138371
894264,596223
894274,918211
894278,483440
894281, 99946
894291,642955
894294,867168
894310,671841
894315,479158
894327,646289
894332,880336
894343,458953
894357,463204
894364,612768
894368,961486
894391,657520
894398,143023
894408,864491
894412,399522
894449,670242
894471,370650
894484,125525
894504,122972
894506,104102
894508,775552
894523,258185
894561,880178
894564,869582
894570,632422
894581,121871
894632,464362
894636,133401
894651,870966
894658,636011
894691,627508
894704,626051
894713,248516
894721,247298
894738,917411
894740,781959
894784,498793
894790,513141
894793,443545
894813,641584
894815,879911
894816,640468
894819,158498
894823,399832
894853,290403
894853,464391
894855,129401
894879,645236
894910,607055
894941,434481
894944,939154
894984,137123
894989,637766
894999,497157
895060,456808
895092,415466
895094,651481
895100,387386
895107,627142
895107,919512
895131,788492
895132,459556
895138,672345
895149,374052
895153,889454
895156, 97847
895196,631059
895198,909284
895206,430626
895213,145975
895215,291975
895223,258919
895240,622275
895241,100744
895242,160331
895270,126403
895284,907810
895304,413683
895342,417896
895348,489114
895382,285547
895388, 98978
895396,288495
895419,289258
895466,808165
895477,626759
895489,469060
895499,658047
895502,640961
895517,126538
895522,129911
895545,470408
895549,650512
895566,121687
895595,273755
895629,132280
895651,890403
895661,150646
895673,148844
895686,598204
895695,274669
895697,286498
895700,649166
895702,475323
895705,771525
895745,470912
895763,462386
895773,160984
895786,114483
895814,596542
895828,295452
895844,251973
895846,141035
895879,619725
895899,478808
895910,459720
895933,114385
895961,664600
895964,139437
895967,170268
895972,406766
896000,382915
896024,635307
896025,702422
896044,464046
896051,909282
896061,309498
896089,284017
896100,879028
896110,495190
896178,649891
896184,467422
896202,273465
896203,472681
896204,178666
896246,396689
896251,243607
896276,482668
896280,473462
896282,165149
896309,456953
896312,887057
896315,146249
896327,653112
896344,124843
896352,252719
896364,483027
896366,889786
896372,879724
896411,466932
896431,883074
896499,913256
896535,649662
896536,667030
896543,111369
896571,623527
896604,143022
896611,439545
896621,108620
896622,633098
896630,421177
896641,427582
896655,144876
896671,112985
896681,111620
896682,648909
896684,461024
896686,411906
896687,283900
896687,482075
896691,395317
896692,888063
896728,664730
896732,166646
896748,710150
896759,617660
896765,459046
896782,396484
896784,577027
896785,147478
896801,408658
896820,464769
896828,458934
896851,137476
896856,655663
896876,465007
896879,484021
896888,122677
896899,158284
896903,785909
896923,926977
896927,459846
896946,121608
896958,676870
896980,274541
897056,634819
897080,273742
897080,866436
897125,465252
897168,137739
897196,648496
897233,378025
897255,843887
897269,150595
897302,477509
897307,471486
897314,452938
897321,135266
897346,671458
897378,649507
897455,570531
897465,462337
897520,434257
897529,434687
897538,235514
897546,123706
897551,187662
897562,487447
897564,131330
897567,467028
897586,646581
897603,393294
897617,404448
897655,408156
897674,294486
897681,134241
897704,630908
897709,415937
897733,469879
897741,676071
897775,637759
897784,797716
897824,616789
897842,135773
897851,140981
897883,473286
897884,685260
897887,889631
897897,476887
897899,461677
897901,900367
897942,655900
897944,474071
897973,415077
897982,381256
897982,185402
898019,460335
898027,481408
898048,430445
898084,390598
898085,831872
898090,281250
898096,122678
898108,774824
898112, 91759
898139,400570
898163,645852
898173,462127
898177,238782
898189,467704
898192,639313
898203,611403
898247,165074
898276,629955
898280,628216
898308, 76701
898317,436437
898323,124932
898328,410261
898333,776408
898333,638802
898350,611675
898387,286226
898391,163710
898409,124202
898409,906144
898430,245009
898431,477647
898433,782799
898451,113859
898473,458974
898481,472456
898588,267185
898588,621090
898686,870831
898700,661212
898742,394446
898770,401425
898774,170496
898782,663332
898782,971915
898864,615002
898864,113353
898897,122987
898899,406531
898903, 98791
898962,878696
898977,442933
898979,670189
898986,146888
898988,384619
899004,619878
899010,441727
899014,887295
899048,158096
899085,383097
899089,154976
899095,115703
899103,476837
899103,656444
899105,129741
899106,495230
899118,127037
899159,463775
899166,645475
899171,585624
899172,276369
899178,373405
899181,646669
899189,466412
899212,385894
899247,496402
899250,473460
899254,671392
899260,291089
899264,126674
899273,278234
899283,495103
899290,512164
899329,372365
899346,406844
899346,652174
899380,127385
899393,425113
899408,409814
899425,781847
899427, 90553
899435,134008
899440,439948
899447,398315
899468,780300
899523,642350
899528,645958
899538,128713
899543,137040
899564,384634
899578,905239
899596,261235
899606,419614
899609,644382
899628,166479
899643,475652
899656,626938
899665,314879
899670,409902
899680,117518
899682,419637
899699,485676
899706,132653
899726,131599
899728,139904
899735,127701
899753,463754
899815,686484
899821,272293
899834,160678
899845,647608
899897,644869
899907,615398
899907,487003
899911,474939
899917,476155
899943,465473
899960,470103
899967,629041
899967,101445
899995,881255
900007,397206
900016,457267
900054,137770
900060,139070
900075,463534
900131,492838
900142,147567
900145,663903
900153,639481
900163,121855
900230,624546
900236,488808
900236,471335
900237,921073
900261,413983
900274,391814
900276,415593
900278,669636
900286, 95180
900323,572902
900324,131662
900325,110372
900328,475587
900337,628480
900342,592047
900349,164444
900349,120400
900358,399440
900381,918464
900428,775193
900470,480579
900470,111063
900489,150057
900497,478346
900501, 88436
900522,410063
900533,871738
900542,612675
900543,418167
900545,421652
900570,470097
900571,856732
900576,292110
900583,643595
900587,178132
900589,467414
900593,272855
900601,695148
900604,653348
900607,477375
900615,487984
900632,674449
900651,454818
900658,387911
900664,128307
900673,595336
900674,656069
900675,409556
900677,875417
900681,128995
900681,900202
900700,124333
900702,268600
900709,408516
900730,448045
900732,148604
900755,496841
900763,463500
900792,622787
900811,486541
900831,464775
900841,637932
900879,388719
900879,468005
900882,398826
900893,468579
900898,105711
900910,621126
900911,645269
900921,832154
900982,460930
900984,468238
901005,400406
901022,257706
901023,627347
901028,445592
901103,425935
901108,599092
901125,212799
901134,417576
901145,417633
901179,544400
901180,151429
901202,621507
901207,458977
901247, 66127
901257,261773
901268,134417
901311,145387
901312,293867
901314,579928
901316,884463
901318,483038
901337,660133
901345,465978
901355,632619
901357,114925
901363,879365
901366,152193
901394,169118
901395,133444
901422,515415
901427,114214
901428,404360
901448,665074
901469,390875
901531,109090
901548,309909
901582,371135
901583,120204
901583,499788
901599,650540
901602,146660
901609,660346
901611,445987
901616,387704
901621,395389
901660,113107
901677,466757
901687,292020
901692,500857
901702,678525
901725,458954
901734,145111
901747,471410
901749,121074
901750,171870
901760,395891
901793,420225
901802,169202
901819,132982
901824,635412
901826,475501
901853,140943
901855,428016
901857,299490
901904,610887
901954,599856
901958,402815
901994,477144
902028,459279
902033,111380
902037,916763
902042,125607
902049,462783
902076,135388
902093,137694
902109,640582
902132,456445
902138,189578
902150,659761
902158,133402
902168,482487
902173,449783
902174,130326
902186,464497
902205,123185
902259,121667
902269,432636
902276,113608
902282,161246
902293,927900
902301,479469
902302,609371
902306,482446
902319,433348
902348,462113
902366,100480
902367,479057
902387,464725
902388,479358
902399,664589
902406,666816
902427,464874
902464,395957
902498,137910
902504,414543
902505,390830
902511,626356
902520,150858
902539,119655
902560,136978
902565,437159
902566,619373
902638,459039
902671,147632
902727,121387
902734,169162
902749,212677
902752,767392
902764,109422
902779,462663
902786,465734
902800,426636
902805,888133
902806,890193
902806,211131
902817,621884
902821,627180
902825,129713
902838,212411
902856,503708
902869,303538
902870,123041
902879,457252
902891,413400
902902,623688
902958,813763
902979,142659
902980,145127
903009,495983
903021,454900
903025,497632
903035,792184
903065,211460
903067,788265
903069,267543
903083, 88321
903090,211609
903091,468308
903093,259810
903098,213829
903100,129506
903103,780943
903113,212039
903136,107875
903145,898346
903151,212727
903162,627217
903193,212312
903198,917569
903212,212210
903217,211067
903244,277092
903251,489016
903251,178239
903270,253494
903271,213103
903279,871286
903281,251667
903289,274712
903290,211636
903292,212054
903292,471522
903294,399695
903305,615002
903307,474803
903308,213483
903309,211147
903330,463855
903331,685940
903341,213186
903353,399518
903364,482156
903370,212313
903372,211315
903378,212735
903398,210902
903410,625632
903412,212876
903413,211670
903426,211692
903439,412061
903448,481703
903456,211780
903461,488523
903462,212905
903463,212836
903464,212019
903487,211745
903487,473815
903489,369726
903503,209597
903507,212144
903510,212003
903517,394645
903519,643069
903521,474628
903530,211056
903535,211408
903545,461359
903548,429155
903555,282241
903560,213377
903566,212647
903582,213327
903583,211716
903603,212417
903603,213319
903606,210901
903613,121303
903621,648044
903623,210799
903623,212118
903632,107290
903642,211719
903644,214318
903654,211544
903657,210805
903660,211297
903663,214469
903667,212906
903671,466037
903684,212127
903689,211468
903695,455807
903695,620181
903706,211452
903711,149910
903721,212449
903725,211049
903726,211457
903729,212342
903732,462329
903733,212911
903734,212602
903736,212915
903746,211667
903747,212016
903748,212075
903754,213136
903760,134756
903760,211676
903762,212824
903762,212339
903762,484396
903763,211722
903765,211179
903768,212088
903769,687322
903787,210447
903799,456076
903800,212814
903807,212493
903807,210453
903808,212381
903837,211406
903846,212536
903850,211489
903852,211935
903869,461734
903875,212177
903876,212962
903888,211476
903889,211772
903897,212718
903907,113397
903909,211532
903911,211679
903913,211439
903917,213847
903917,904829
903919,479646
903920,255563
903924,211153
903932,118340
903932,214126
903936,212031
903939,211489
903942,420746
903942,212890
903946,211459
903947,211964
903949,210735
903952,211485
903953,212142
903956,212942
903964,211802
903965,212284
903972,212185
903990,157381
903991,481142
904001,497116
904007,212000
904019,211044
904020,212336
904022,212547
904024,212098
904025,211811
904027,860026
904039,211387
904046,213444
904047,211383
904050,212174
904051,212932
904052,211036
904053,140814
904055,212024
904064,212183
904065,211473
904066,213263
904067,212387
904067,212633
904068,213017
904074,212656
904084,210894
904089,213224
904090, 92542
904090,776264
904091,511324
904091,211103
904091,211452
904094,212913
904095,884707
904098,211120
904108,212790
904114,211775
904120,211464
904128,212497
904130,212351
904134,211588
904138,212364
904139,211571
904146,212003
904147,210865
904149,212061
904155,212229
904157,212156
904158,130747
904164,461369
904165,407072
904167,108127
904167,211751
904171,211076
904171,851146
904172,212316
904180,210784
904185,212496
904186,212794
904187,211273
904188,211869
904192,212919
904194,211372
904195,211272
904196,213852
904197,213340
904199,211674
904201,210689
904201,211851
904202,210730
904204,213246
904214,152234
904215,398560
904224,212054
904224,212372
904229,211698
904229,141477
904230,641375
904232,212717
904233,211670
904233,212147
904233,142327
904234,212158
904234,212028
904236,119020
904236,211707
904238,211839
904240,212672
904243,624916
904251,212559
904251,211335
904253,211788
904254,499783
904256,212251
904259,212996
904263,212695
904265,212130
904266,670984
904268,211130
904268,213094
904271,212639
904271,122097
904278,211850
904279,211986
904282,212510
904288,212375
904289,211543
904291,397052
904293,211854
904294,210826
904297,212209
904298,212559
904301,212296
904303,211890
904306,211873
904308,211194
904317,211715
904320,211161
904321,210925
904321,211101
904325,212167
904328,213661
904330,212268
904334,211535
904335,133576
904337,211999
904338,212386
904338,211313
904339,213453
904342,212154
904343,212914
904350,476465
904350,212580
904351,178040
904352,211697
904353,211165
904354,211836
904358,211438
904360,212684
904361,210836
904363,212238
904364,123595
904366,144134
904369,209810
904371,134718
904371,212962
904371,212657
904373,212072
904374,213795
904378,212452
904382,211884
904383,212915
904388,212638
904391,211293
904391,211407
904393,212963
904397,211824
904400,212541
904405,460296
904407,209926
904408,212114
904410,274074
904413,211791
904414,211625
904419,211216
904421,212308
904421,211149
904423,212477
904426,473263
904431,212254
904432,213562
904432,213211
904438,213041
904438,211278
904439,211751
904439,211970
904443,212036
904444,212246
904446,213274
904446,211699
904449,213257
904449,211542
904451,211698
904452,211545
904454,152812
904454,212785
904455,210799
904459,213280
904462,212797
904462,213043
904464,484733
904465,212312
904466,211501
904468,475408
904468,210970
904468,212546
904482,211181
904482,211109
904484,599621
904485,211603
904487,211485
904487,411312
904492,212346
904503,210988
904509,212204
904511,213689
904515,210253
904515,212821
904518,211838
904518,211116
904520,213071
904524,212520
904527,211413
904529,212739
904529,496199
904530,211866
904531,211870
904531,212455
904535,652727
904538,212126
904538,212411
904543,211147
904544,212456
904547,211801
904549,211886
904550,211915
904553,212017
904553,212180
904555,212154
904557,210535
904558,211575
904560,213263
904560,212334
904561,777090
904563,212607
904564,211571
904565,212428
904565,212386
904565,211917
904567,211549
904571,212052
904572,212749
904573,213745
904575,212286
904576,213075
904578,210939
904579,212309
904582,213208
904583,390342
904584,210921
904584,457179
904588,211693
904598,881314
904599,213308
904600,211729
904601,211434
904604,212609
904606,211685
904607,137244
904608,211171
904609,211510
904610,212198
904612,212635
904617,211126
904620,505482
904620,212554
904622,211276
904622,211811
904622,213183
904623,212685
904633,211879
904633,212410
904637,212862
904640,211471
904645,212041
904648,474265
904649,212118
904650,211460
904653,211751
904653,211908
904653,128773
904655,213164
904656,211892
904658,212583
904658,212046
904661,211683
904661,212457
904662,212844
904663,211828
904665,212911
904666,213742
904666,212337
904666,212524
904668,211543
904671,212659
904671,211969
904672,607953
904675,212691
904676,212280
904677,213517
904679,212601
904681,211568
904684,213315
904686,273527
904687,211397
904688,213168
904689,211074
904689,211527
904690,210834
904694,212380
904695,212286
904695,213670
904696,211572
904696,211841
904699,211455
904700,211453
904700,213706
904701,212356
904703,211168
904705,211445
904706,212672
904708,211295
904711,210302
904713,212237
904714,414006
904721,157396
904722,210551
904722,212171
904726,213242
904728,212562
904729,211077
904730,210365
904730,210761
904731,211628
904732,211279
904733,212905
904734,210467
904734,211055
904736,210737
904737,210796
904739,212345
904739,212538
904740,211143
904740,211545
904741,213082
904741,211991
904745,211124
904745,420890
904746,210760
904746,212544
904747,211678
904748,212977
904749,211786
904751,212124
904753,212828
904753,213045
904756,211225
904758,211882
904759,210917
904760,211822
904763,160285
904763,211390
904763,387970
904764,210301
904764,212113
904764,211460
904765,212446
904766,211868
904767,210943
904768,213163
904769,212633
904769,212485
904769,212471
904769,212811
904769,700491
904770,212762
904771,210870
904772,212867
904772,212300
904775,211109
904778,212424
904779,212689
904779,212187
904779,211188
904785,212789
904788,492283
904789,211173
904790,213519
904791,211176
904793,493322
904794,213156
904794,212607
904795,212234
904797,210926
904798,211643
904798,211618
904803,211399
904806,213362
904807,212029
904809,494500
904811,211939
904813,467839
904815,211255
904815,211950
904816,212567
904818,212838
904820,212326
904820,212693
904820,466502
904822,211267
904824,211976
904830,210495
904830,212915
904833,213861
904834,210645
904836,211523
904836,212421
904836,211397
904838,304831
904839,149479
904840,212204
904841,462715
904844,213763
904850,211643
904850,213685
904850,161170
904852,213049
904855,211679
904857,211297
904857,212661
904861,213008
904863,211777
904863,211622
904865,211493
904865,211641
904866,210913
904866,211509
904866,429952
904866,210467
904866,211585
904867,213274
904867,212428
904868,211600
904870,214092
904873,411379
904873,211939
904877,212948
904885,211807
904886,214359
904886,496567
904888,211335
904892,211075
904892,211825
904892,213275
904893,212858
904897,212403
904898,211810
904900,213568
904900,214004
904904,212188
904907,211217
904907,213038
904909,212079
904910,211744
904911,213109
904913,212603
904915,210744
904919,211994
904921,210267
904922,212590
904924,211520
904926,211471
904927,212617
904927,212286
904928,210568
904928,397199
904928,211627
904929,211028
904929,461107
904930,212541
904931,212860
904933,213200
904933,214149
904942,212102
904944,480637
904945,435852
904946,211688
904947,212991
904949,212611
904952,212629
904956,652791
904957,212482
904957,213090
904957,679081
904958,211850
904959,211154
904960,212966
904961,213229
904961,211033
904963,213243
904963,214009
904964,211967
904964,214077
904965,212878
904966,211903
904966,210044
904967,211428
904970,212138
904971,211107
904974,210408
904975,212573
904976,212087
904979,211688
904980,212045
904982,213161
904982,474919
904983,211306
904985,213069
904987,213910
904987,212237
904991,213652
904992,173061
904993,212429
904996,211755
904998,212972
904999,212737
905000,212360
905000,211877
905004,211945
905004,211488
905004,212077
905004,212035
905005,211350
905006,211059
905008,211027
905008,213866
905009,211835
905010,211473
905016,211839
905018,212534
905019,482321
905020,210544
905023,212223
905024,211438
905024,212563
905025,211465
905025,211332
905027,212832
905028,211640
905031,691781
905031,212998
905033,212888
905035,211400
905036,211774
905038,212703
905038,212282
905039,212191
905041,210859
905041,210951
905041,469405
905042,211887
905043,213362
905044,399548
905044,212926
905044,213343
905044,212243
905045,211586
905047,213034
905048,483173
905049,212792
905050,212909
905050,210540
905050,213195
905051,211386
905054,212718
905054,211731
905057,212295
905058,212496
905058,124046
905061,211340
905062,211198
905062,892947
905063,212726
905063,211679
905067,212100
905067,212911
905071,211852
905072,211640
905074,212991
905075,211669
905080,211344
905081,211404
905081,212728
905081,212164
905081,213301
905081,212709
905082,213134
905086,211310
905087,212578
905088,212924
905092,211731
905094,212420
905095,212466
905096,211919
905099,211002
905102,210249
905104,211353
905104,212259
905108,212608
905111,211695
905112,212429
905114,212460
905115,211124
905116,211729
905116,212913
905116,480033
905117,212654
905117,211496
905117,211331
905118,424342
905118,211114
905119,213648
905119,212858
905119,212365
905120,211405
905120,211595
905120,213439
905122,457087
905123,212355
905123,211561
905124,212434
905125,211247
905127,212978
905127,211166
905128,212014
905131,628298
905131,210870
905131,493039
905134,212273
905136,211309
905137,212809
905140,212426
905141,211678
905143,210040
905143,421132
905146,298226
905147,456135
905151,212139
905151,212653
905152,211968
905152,211380
905153,211617
905155,211562
905155,211397
905157,212876
905160,210616
905162,212476
905164,212481
905167,212617
905169,213550
905169,211810
905170,211642
905170,212983
905171,211007
905172,211928
905172,212043
905177,212848
905183,211327
905185,211857
905185,211244
905185,209934
905188,211910
905193,214497
905194,211036
905195,210698
905196,213678
905206,212277
905207,212086
905208,212229
905208,211005
905211,212657
905212,212577
905213,211969
905214,210908
905214,212848
905215,460070
905216,211851
905216,212286
905216,213383
905218,211658
905219,211960
905224,212956
905225,211814
905228,211486
905229,212018
905229,213979
905230,212028
905232,211036
905232,211514
905236,212476
905237,211210
905240,211794
905240,409230
905242,212553
905242,213134
905243,213159
905243,210839
905245,212990
905246,211344
905246,467188
905246,212201
905250,211420
905252,211234
905254,212794
905254,212172
905255,211346
905259, 80255
905260,211860
905262,210738
905262,211721
905269,211894
905269,212151
905270,211806
905272,211372
905272,210343
905272,210976
905273,212605
905274,405718
905274,213174
905274,212409
905276,212720
905278,211076
905281,212162
905284,211647
905284,477069
905285,211031
905286,212287
905286,212021
905288,212853
905288,212746
905289,212589
905289,213057
905289,213327
905290,211017
905290,211148
905296,136247
905297,773464
905298,213838
905299,212471
905300,212441
905303,214381
905303,210601
905307,211803
905308,212617
905308,212915
905308,212877
905309,211348
905309,213396
905310,212017
905312,212586
905314,212521
905314,480385
905316,210744
905319,212793
905319,212394
905320,211551
905323,212069
905325,212042
905327,459762
905331,210102
905332,211023
905333,211531
905333,211279
905333,211606
905333,212857
905335,456332
905337,401809
905337,211140
905338,131354
905341,212599
905342,210204
905342,211556
905346,211398
905348,212624
905348,211799
905349,212351
905351,211183
905351,212944
905352,210704
905352,213598
905352,211656
905355,211810
905356,210972
905361,381411
905363,212305
905365,212761
905368,163113
905368,212743
905368,211281
905368,212837
905369,212431
905372,175422
905374,212621
905375,210372
905377,212558
905377,214453
905378,211462
905379,213016
905380,212744
905380,213325
905382,211742
905382,210560
905383,212294
905383,209539
905384,212651
905386,213996
905388,212455
905388,212936
905394,212201
905396,858542
905399,211018
905400,211027
905400,213135
905400,211714
905401,212442
905401,212807
905402,213446
905403,210898
905403,211056
905404,212088
905406,212404
905406,211198
905408,213035
905414,213152
905421,211866
905421,212833
905423,212419
905423,212143
905426,211938
905427,210072
905429,211621
905429,210698
905430,212944
905431,211746
905432,212301
905432,211427
905433,212362
905433,151535
905433,212838
905433,212283
905434,212261
905434,213762
905436,212720
905438,212574
905439,404625
905440,210693
905442,213398
905442,212628
905443,212390
905447,211700
905448,780760
905448,212920
905449,211053
905449,211894
905452,212222
905452,211367
905452,140054
905455,212472
905455,211740
905456,212780
905457,211943
905457,211436
905458,211126
905461,212467
905465,211650
905467,210263
905468,213604
905470,211608
905470,213671
905470,211968
905470,210350
905473,211992
905479,213024
905479,213547
905479,211645
905479,210934
905479,211496
905483,211940
905484,211637
905486,211830
905491,211989
905495,355078
905496,212355
905496,213409
905496,658170
905497,212696
905498,212452
905499,480092
905500,168183
905500,212309
905501,211343
905503,211370
905505,213772
905510,211777
905511,211712
905511,212788
905512,485565
905518,212633
905518,385985
905519,212228
905519,212215
905521,213267
905522,211750
905526,212990
905530,211212
905533,211987
905533,212216
905536,211381
905537,212507
905538,211754
905541,630767
905542,211255
905546,210732
905550,212710
905551,211395
905559,213624
905559,212361
905560,213592
905560,211678
905561,210941
905562,213603
905565,212509
905565,212424
905566,211409
905569,211962
905569,212496
905569,211804
905573,210799
905586,212802
905587,211653
905588,211452
905589,212901
905592,212090
905605,212152
905605,211717
905607,212246
905609,213884
905612,211820
905613,213857
905614,211820
905618,387349
905619,212585
905619,211761
905622,212334
905622,211470
905624,212196
905626,212225
905628,212933
905629,211731
905631,212884
905632,211302
905632,211728
905635,211128
905640,212091
905641,212784
905643,213581
905644,209868
905644,211932
905646,212076
905651,651790
905654,211837
905660,212082
905660,211397
905661,212789
905662,213454
905663,210026
905664,210994
905667,211139
905671,210822
905672,476662
905675,211131
905675,212828
905675,211447
905675,211719
905677,480467
905678,211878
905682,212523
905683,211993
905684,212525
905686,212110
905687,212310
905697,211708
905700,211180
905703,212047
905704,211361
905705,210897
905709,212032
905713,212008
905714,212804
905715,211797
905718,212758
905718,212819
905721,211939
905725,427888
905725,212243
905730,213837
905730,212788
905731,392084
905732,211466
905733,211796
905734,211334
905734,212290
905736,211106
905737,211861
905739,211282
905740,212481
905742,211109
905750,212533
905751,211787
905751,212037
905752,212816
905754,210882
905756,211955
905759,211132
905759,211357
905761,211323
905761,212537
905762,212192
905763,211775
905764,213241
905765,210645
905766,213156
905766,212280
905767,211357
905768,212695
905769,211418
905770,212417
905770,211098
905774,211708
905779,211722
905780,212231
905780,470602
905781,211933
905781,212209
905784,383519
905785,211927
905790,210680
905793,212122
905795,212668
905797,211890
905798,212807
905802,211635
905804,209551
905806,211380
905807,211966
905811,210669
905814,212456
905818,211543
905824,213359
905828,212437
905831,211131
905833,213380
905840,354079
905840,212693
905840,212949
905842,211743
905846,211913
905847,682598
905847,211772
905848,212236
905848,210812
905849,213527
905850,210369
905850,390937
905851,211676
905852,212128
905852,210528
905854,210914
905855,212319
905855,212046
905856,211672
905856,211945
905868,211768
905872,212002
905873,490952
905877,211710
905879,212457
905880,212228
905880,210380
905880,211345
905881,212373
905885,212678
905886,213108
905889,211845
905890,211079
905893,212929
905894,212664
905895,212720
905901,212736
905902,211309
905906,211925
905906,211999
905907,211717
905907,212618
905910,211609
905911,212608
905913,211838
905914,211302
905914,212621
905917,212305
905919,211679
905922,212783
905923,212098
905924,210817
905924,211221
905925,211528
905926,212902
905930,417778
905933,212139
905935,211968
905937,212680
905937,927217
905943,211700
905944,212345
905944,211292
905945,210394
905945,210983
905947,210650
905947,384297
905951,212627
905952,212454
905957,211912
905958,212153
905962,213088
905965,211981
905967,213183
905976,170030
905976,212912
905980,447156
905981,211077
905981,210792
905988,211405
905991,573623
905991,261789
906000,211856
906002,431427
906005,210784
906006,213586
906006,212539
906007,212150
906010,212781
906010,211664
906012,212526
906016,211759
906018,213109
906019,213070
906019,212721
906020,211337
906020,213014
906026,212467
906030,212052
906031,211922
906031,212561
906035,382595
906038,210838
906040,212296
906044,211832
906044,212136
906046,212318
906051,213268
906051,212823
906052,213008
906054,449768
906055,210779
906063,212253
906064,415256
906066,212754
906070,210799
906070,211559
906073,212557
906077,870742
906078,210740
906078,211440
906079,212074
906081,213817
906081,212666
906088,466211
906088,213050
906089,211715
906089,211444
906090,211731
906090,213108
906094,126871
906094,212763
906100,492560
906101,210343
906101,212339
906102,211439
906102,211873
906105,211921
906107,211127
906108,213129
906109,211846
906109,212348
906110,212246
906113,487578
906114,494759
906117,211943
906117,212255
906120,405828
906126,211977
906137,213542
906140,211666
906142,210564
906142,211296
906144,136877
906146,211730
906146,211008
906148,210733
906149,101922
906150,212114
906155,213171
906158,211843
906161,212602
906163,178382
906167,210711
906170,211713
906172,213483
906176,212089
906176,212633
906177,212097
906178,213097
906180,213289
906184,426593
906185,211809
906185,212064
906186,211628
906188,211325
906189,211575
906201,213065
906201,213541
906203,626542
906206,210324
906208,211518
906216,473897
906218,211728
906221,212131
906224,212740
906228,213002
906229,213450
906231,212249
906235,211823
906235,212447
906236,389459
906237,464604
906242,212988
906244,611990
906249,159614
906249,838954
906250,659426
906250,212949
906252,212925
906254,212598
906254,212258
906256,212097
906259,212909
906260,210802
906266,450412
906267,211972
906269,212610
906270,127052
906271,619187
906273,210730
906283,211684
906284,251057
906285,211481
906286,211922
906287,212325
906288,212869
906289,213570
906290,123755
906293,148392
906294,212326
906304,213104
906307,448389
906309,212407
906311,212647
906314,210675
906314,211944
906322,212781
906326,210080
906326,212379
906330,213391
906331,448322
906336,212824
906339,211071
906341,212535
906342,212111
906345,212042
906347,212146
906349,212051
906353,212573
906364,212424
906365,467499
906372,212441
906378,210940
906384,210516
906388,211859
906389,667579
906391,211165
906395,209980
906395,211921
906398,402015
906400,212934
906400,211180
906407,447397
906412,212290
906413,211235
906414,211033
906415,448772
906416,211526
906417,213136
906419,213855
906423,620015
906428,211498
906428,212643
906430,151883
906439,210971
906443,461432
906449,212375
906457,211119
906458,213716
906459,213480
906465,388554
906465,212350
906470,275338
906470,212987
906478,213388
906479,491067
906482,212094
906482,212409
906483,212806
906485,106426
906485,211143
906490,211896
906493,867363
906494,671591
906494,211885
906495,148794
906498,211682
906515,482051
906520,460724
906521,212237
906521,211203
906531,212611
906532,212959
906542,213054
906554,212358
906557,642712
906560,459967
906561,394295
906561,211780
906563,413016
906565,393152
906569,489140
906579,209864
906581,212530
906584,212296
906587,491661
906594,214046
906595,212034
906598,214123
906609,211252
906613,212099
906615,211194
906624,211824
906625,211279
906627,212437
906633,212125
906636,211348
906641,211127
906642,212700
906642,211937
906644,122253
906648,214290
906664,211999
906668,463557
906672,267233
906677,211345
906692,213083
906693,211947
906698,211144
906703,372031
906703,212785
906708,212989
906712,283061
906714,210739
906715,129786
906728,212355
906736,212797
906743,213725
906744,465318
906749,211730
906761,468735
906762,455829
906771,636904
906772,213179
906778,622634
906781,650070
906805,213758
906806,211602
906812,463781
906814,599217
906836,212181
906838,211358
906853,212306
906853,484704
906854,450522
906858,487440
906859,211400
906859,213183
906861,211007
906861,211775
906872,212843
906881,211650
906886,211076
906886,211604
906888,679514
906900,895328
906905,211619
906912,211643
906916,145664
906926,410993
906949,132628
906949,489315
906949,210688
906964,213091
906969,408623
906981,463734
906988,154611
906993,212240
907001,883644
907008,210773
907009,212594
907011,212213
907025,210795
907036,211777
907038,210949
907038,212397
907092, 95502
907119,135792
907119,211907
907141,154661
907146,211167
907167,211623
907169,212634
907171,211548
907183,212262
907202,210758
907216,925281
907216,897498
907237,468666
907245,499598
907254,213260
907256,456340
907268,212304
907291,662338
907303,492115
907308,464863
907342,459846
907342,211947
907358,395853
907359,408633
907368,364299
907393,275043
907429,412934
907429,473641
907432,211800
907452,115981
907456,477038
907486,213741
907507,129854
907515,107530
907516,141479
907539,431987
907559,470251
907567,463435
907585,447449
907593,124029
907596,464661
907596,407039
907597,462656
907613,213155
907642,476403
907652, 36481
907677,468554
907717,620509
907740,461523
907783,150277
907796,107497
907797,149780
907829,211482
907880,419149
907886,137015
907898,412630
907965,118937
907980,478199
907988,469254
908005,411891
908008,276183
908010,587045
908017,111305
908026,492761
908027,473266
908030,373911
908050,478602
908051,453344
908051,462381
908092,462485
908116,415835
908152,483415
908153,473218
908157,486005
908159,404054
908183,479609
908191,472921
908192,414275
908223,471899
908265,465067
908274,481922
908309,460615
908310,935835
908337,211885
908348,482787
908349,395511
908360,184525
908365,410377
908372,482398
908384,400197
908391,149511
908436,718877
908442, 83789
908444,625523
908449,481917
908449,482741
908467,482794
908484,415614
908494,369949
908495,471622
908498,676528
908503,447280
908528,484134
908552,910082
908588,138631
908592,138748
908595,460401
908616,460262
908616,186955
908635,457328
908638,157042
908657,117083
908668,403630
908674,477764
908688,156686
908705,433956
908715,884360
908739,479487
908749,453835
908750,509271
908758,423488
908758,374902
908761,152277
908768,434341
908771,391535
908790,592147
908809,475011
908824,431400
908844,641789
908845,470667
908852,458156
908868,143466
908870,112951
908877,182311
908883,640059
908886,134198
908900,485876
908915,614784
908916,421555
908924,151278
908928,822455
908931,433209
908940,125198
908974,482127
908977,466003
908991,685497
908992,472885
909000,395603
909017,477809
909026,487770
909046,591287
909054,397562
909073,128396
909093,619093
909121,416920
909121,120632
909149,416196
909150,444744
909162,437629
909171,656789
909181,123779
909188,620658
909214,877307
909219,414107
909227,374042
909242,470467
909256,403629
909258,492814
909268,103103
909272,289513
909273,476944
909275,868416
909306,477997
909307,479876
909320,483301
909350,386654
909353,669647
909382,791028
909392,475251
909399,483534
909406,666353
909435,397384
909460,480645
909476,398626
909476,400863
909491,483505
909512,103600
909540,462890
909576,639083
909586,462123
909622,693472
909641,659680
909678,670023
909693,477095
909697,109021
909711,103133
909725,412398
909735,465945
909738,390931
909743,405702
909745,468611
909755,401606
909800,408351
909804,109724
909814,633592
909846,505609
909869,632468
909873,111957
909873,474960
909880,476698
909887,473385
909911,389428
909920,425549
909923,415818
909923,139338
909935,418255
909948,444206
909957,427757
909964,391805
909965,482999
909985,111789
909986,489782
910009,631483
910058,406913
910063,412812
910064,399524
910064,397133
910086,116917
910119,170791
910122,392397
910131,463125
910158,656181
910175,498618
910182,661681
910183,478316
910187,467169
910191,689944
910254,468307
910265,284441
910286,465262
910309,486724
910311,384370
910328,467346
910330,125695
910354,403983
910366, 99675
910426,142653
910435,494162
910440,415600
910486,394971
910494,497772
910509,466911
910523,483345
910576,163694
910578,475639
910579,643917
910584,625748
910585,643365
910597,381901
910605,124288
910621, 98767
910652,111004
910658,846375
910665,763886
910725,480667
910734,488105
910737,375261
910756,621504
910828,408440
910837,114560
910880,781237
910882,634866
910884,481554
910901,106713
910915,660947
910952,896221
911003,464798
911016,463335
911018,143135
911062,464991
911125,488201
911128,453406
911137,410215
911153,477794
911168,121700
911177,475621
911221,407391
911238,486156
911248,638989
911273,124762
911279,158361
911302,124547
911304,396249
911304,425174
911326,633432
911330,174897
911339,444517
911378,125046
911394,470009
911402,362481
911424,677653
911425,456256
911429,162479
911439,432957
911443,466859
911444,144181
911468,151101
911505,419662
911518,495056
911549,672572
911549,891733
911551,484748
911570,491991
911575,679804
911579,142385
911581,643073
911589,467301
911598,468452
911608,452480
911620,606345
911650,459266
911673,461921
911676,476652
911687,694706
911694,383515
911721,485554
911726,398419
911747,698012
911775,399617
911862,631885
911869,150277
911900,657830
911970,427970
912009,462914
912010,487925
912016,642900
912028,423641
912030,465285
912033,166093
912084,877304
912099,402088
912125,132664
912143,470374
912149,457702
912155,769833
912157,478859
912179,412034
912191,481733
912212,479111
912239,165298
912256,486703
912259,493507
912265,470267
912267,502940
912285,163253
912312,865904
912324,270430
912362,476216
912369,385455
912373,390921
912466,658731
912468,463447
912504,153943
912506,369571
912521,389753
912533,465850
912553,490518
912559,475917
912577,895989
912591,655658
912630,410563
912639,496527
912641,621754
912663,432269
912667,149334
912672,886474
912713,462907
912715,126242
912733,108857
912749,119903
912750,656857
912753,135834
912754,114539
912806,783076
912829,369080
912837,704864
912838,474401
912869,364867
912882,579401
912912,472843
912944,469736
912952,435701
912955,396714
912981,476667
913036,131906
913047,792276
913048,610499
913051,484200
913076,142423
913088,469113
913102,158076
913139,400807
913171,132082
913189,447843
913191,479735
913193,780868
913210,116472
913264,642799
913274,492230
913286,476219
913292,600751
913334,445485
913339,131151
913341,475885
913343,460814
913345,468943
913366,660424
913370,458702
913379,152211
913382,381544
913389,462199
913417,596408
913424,474951
913424,469355
913426,613213
913458,116434
913462,123983
913474,380679
913476,465125
913480,772290
913506,481025
913514,146950
913522,406585
913524,473852
913533,468590
913535,623171
913535,477759
913536,503691
913544,474207
913599,138972
913612,384181
913629,416779
913656,646011
913657,101868
913677,441304
913683,782099
913684,464591
913693,645481
913718,647570
913726,103409
913750,647424
913822,472824
913823,401471
913823,477372
913831,452692
913845,143546
913892,476392
913909,408553
913914,463645
913923,139033
913924,484060
913935,933273
913937,452499
913958,450932
913971,454835
913980,412348
913982,453049
914039,469069
914044,472640
914050,651551
914052,108723
914063,467323
914084,647869
914111,479219
914151,139175
914158,415969
914187,467003
914313,480795
914325,128075
914327, 95837
914346,386251
914369,466302
914412,182039
914424,650606
914429,182286
914436,430018
914442,387450
914444,145497
914459,465577
914493,844549
914517,165357
914552,409817
914581,620906
914583,485601
914605,137153
914630,463445
914656,616197
914672,640843
914673,651839
914693,487759
914717, 96833
914718,479811
914734,407223
914738,407929
914762,446820
914763,472621
914782,648147
914785,146125
914796,680063
914850,406538
914891,418361
914922,472487
914930,425475
914936,662232
914954,472646
914987,430468
914989,470950
915060,422538
915064,475267
915080,453196
915086,382639
915090,636589
915094,471564
915138,160007
915142,140701
915152,483319
915173,423363
915250,686708
915265,115841
915266,646829
915275,123492
915278,476091
915297,462894
915326,489802
915348,496631
915398,476093
915409,910893
915411,466317
915479,394683
915480,127283
915501,453167
915523,402449
915534,151060
915549,467007
915557,497760
915566,413030
915618,462086
915668,472363
915703,527242
915713,477943
915732,116798
915754,111325
915786,428011
915802,455095
915839,114645
915847, 94570
915861,394886
915869,475849
915874,459203
915886,428095
915897,641219
915897,420905
915902,480964
915903,421007
915904,723546
915914,468953
915937,474126
915943,475670
915948,158371
915986,424859
915993,479486
916034,293425
916149,501263
916165,496963
916178,162826
916179,387247
916195,911865
916203,391940
916252,485878